6657 0.0004982
6660 0.000536108
6663 0.000529
6666 0.000560385
6669 0.000591585
6672 0.000619615
6675 0.000647662
6678 0.000666038
6681 0.000730846
6684 0.000795546
6687 0.000809723
6690 0.000823877
6693 0.000897518
6696 0.00103028
6699 0.00116254
6702 0.00121252
6705 0.0012625
6708 0.00142192
6711 0.00141658
6714 0.00141138
6717 0.00150985
6720 0.00160815
6723 0.00166079
6726 0.00174798
6729 0.00183445
6732 0.00200885
6735 0.00218354
6738 0.00215754
6741 0.00231185
6744 0.00246531
6747 0.00262869
6750 0.00279238
6753 0.00311077
6756 0.003345
6759 0.00357823
6762 0.00396262
6765 0.00434831
6768 0.00468577
6771 0.00516746
6774 0.00564662
6777 0.00633569
6780 0.00702723
6783 0.00777431
6786 0.00855754
6789 0.00934054
6792 0.010251
6795 0.0111653
6798 0.0121608
6801 0.013274
6804 0.0143846
6807 0.0156535
6810 0.0169278
6813 0.0183855
6816 0.0198655
6819 0.021343
6822 0.0233123
6825 0.02529
6828 0.0275915
6831 0.0301977
6834 0.0328023
6837 0.0361946
6840 0.0395931
6843 0.0434262
6846 0.0481562
6849 0.0528869
6852 0.0586777
6855 0.06448
6858 0.0707046
6861 0.0784
6864 0.0860977
6867 0.0952662
6870 0.104467
6873 0.115042
6876 0.126953
6879 0.138865
6882 0.153518
6885 0.168152
6888 0.184572
6891 0.204791
6894 0.22503
6897 0.249765
6900 0.274454
6903 0.301462
6906 0.334538
6909 0.367708
6912 0.4054
6915 0.442969
6918 0.480685
6921 0.522338
6924 0.564054
6927 0.601623
6930 0.639146
6933 0.673585
6936 0.704646
6939 0.735831
6942 0.759346
6945 0.782762
6948 0.802038
6951 0.821477
6954 0.840985
6957 0.854131
6960 0.867269
6963 0.879246
6966 0.892108
6969 0.905023
6972 0.911785
6975 0.918531
6978 0.926177
6981 0.933362
6984 0.940562
6987 0.942554
6990 0.944569
6993 0.9486
6996 0.951838
6999 0.955108
7002 0.954254
7005 0.953438
7008 0.955385
7011 0.957354
7014 0.959346
7017 0.957638
7020 0.955938
7023 0.958162
7026 0.960369
7029 0.960969
7032 0.960123
7035 0.959246
7038 0.961385
7041 0.963508
7044 0.963923
7047 0.962577
7050 0.961215
7053 0.963031
7056 0.964846
7059 0.963869
7062 0.961746
7065 0.959638
7068 0.9611
7071 0.962592
7074 0.960262
7077 0.9586
7080 0.956908
7083 0.958138
7086 0.9594
7089 0.956823
7092 0.955969
7095 0.955138
7098 0.956862
7101 0.958615
7104 0.956131
7107 0.955877
7110 0.955623
7113 0.957854
7116 0.960077
7119 0.956662
7122 0.956962
7125 0.957254
7128 0.958238
7131 0.9592
7134 0.956092
7137 0.956438
7140 0.956769
7143 0.957146
7146 0.957515
7149 0.954385
7152 0.955308
7155 0.956215
7158 0.956777
7161 0.957331
7164 0.954438
7167 0.9562
7170 0.957969
7173 0.958454
7176 0.958938
7179 0.956238
7182 0.958869
7185 0.961508
7188 0.961085
7191 0.960669
7194 0.958931
7197 0.961508
7200 0.9641
7203 0.963754
7206 0.963385
7209 0.961569
7212 0.964062
7215 0.966585
7218 0.965692
7221 0.964838
7224 0.963292
7227 0.966215
7230 0.969154
7233 0.967246
7236 0.965354
7239 0.965038
7242 0.967308
7245 0.969585
7248 0.967838
7251 0.966123
7254 0.965985
7257 0.968131
7260 0.970277
7263 0.968031
7266 0.965808
7269 0.966623
7272 0.968492
7275 0.970346
7278 0.967846
7281 0.965354
7284 0.966608
7287 0.967708
7290 0.968831
7293 0.965708
7296 0.9626
7299 0.964646
7302 0.964538
7305 0.964423
7308 0.961008
7311 0.957615
7314 0.959208
7317 0.957762
7320 0.956331
7323 0.952831
7326 0.949308
7329 0.951069
7332 0.949169
7335 0.947285
7338 0.944208
7341 0.941115
7344 0.944508
7347 0.942308
7350 0.940108
7353 0.939354
7356 0.938608
7359 0.941708
7362 0.941631
7365 0.941492
7368 0.942477
7371 0.943446
7374 0.947292
7377 0.948085
7380 0.948862
7383 0.950785
7386 0.952715
7389 0.9572
7392 0.957115
7395 0.957046
7398 0.958915
7401 0.9608
7404 0.9649
7407 0.963177
7410 0.961454
7413 0.962392
7416 0.963323
7419 0.965308
7422 0.962508
7425 0.959715
7428 0.960469
7431 0.961238
7434 0.9622
7437 0.958808
7440 0.955423
7443 0.956785
7446 0.958177
7449 0.959446
7452 0.956754
7455 0.954069
7458 0.9569
7461 0.959754
7464 0.960223
7467 0.959162
7470 0.958108
7473 0.9612
7476 0.964285
7479 0.965662
7482 0.964415
7485 0.963162
7488 0.965908
7491 0.968654
7494 0.968438
7497 0.966792
7500 0.965138
7503 0.966869
7506 0.9686
7509 0.966085
7512 0.9641
7515 0.962131
7518 0.963223
7521 0.964338
7524 0.960015
7527 0.958254
7530 0.956469
7533 0.957185
7536 0.9579
7539 0.954254
7542 0.953285
7545 0.952323
7548 0.953515
7551 0.954708
7554 0.950623
7557 0.950892
7560 0.951185
7563 0.952746
7566 0.954346
7569 0.950469
7572 0.951977
7575 0.953531
7578 0.954831
7581 0.956138
7584 0.952677
7587 0.954408
7590 0.956123
7593 0.957162
7596 0.958231
7599 0.954592
7602 0.956438
7605 0.958308
7608 0.958823
7611 0.959315
7614 0.956077
7617 0.9585
7620 0.960954
7623 0.960315
7626 0.959708
7629 0.958085
7632 0.960315
7635 0.962562
7638 0.962677
7641 0.962769
7644 0.960515
7647 0.963223
7650 0.965931
7653 0.965138
7656 0.964362
7659 0.963292
7662 0.966562
7665 0.969823
7668 0.968354
7671 0.966915
7674 0.968231
7677 0.970308
7680 0.972385
7683 0.971031
7686 0.969685
7689 0.9704
7692 0.972308
7695 0.974215
7698 0.972385
7701 0.970569
7704 0.971654
7707 0.973923
7710 0.976208
7713 0.973638
7716 0.971085
7719 0.973454
7722 0.974985
7725 0.976508
7728 0.974138
7731 0.971785
7734 0.9742
7737 0.974977
7740 0.975777
7743 0.973385
7746 0.971
7749 0.973785
7752 0.974315
7755 0.974838
7758 0.972592
7761 0.970377
7764 0.973331
7767 0.973054
7770 0.972785
7773 0.971454
7776 0.970108
7779 0.973838
7782 0.973208
7785 0.972562
7788 0.971446
7791 0.970338
7794 0.972962
7797 0.972123
7800 0.971315
7803 0.970569
7806 0.969854
7809 0.973346
7812 0.971477
7815 0.9696
7818 0.969438
7821 0.9693
7824 0.972946
7827 0.970908
7830 0.968869
7833 0.9692
7836 0.969531
7839 0.972838
7842 0.970438
7845 0.968069
7848 0.968908
7851 0.969754
7854 0.972377
7857 0.970123
7860 0.967854
7863 0.969185
7866 0.970515
7869 0.972077
7872 0.969454
7875 0.966838
7878 0.969208
7881 0.971585
7884 0.971762
7887 0.9699
7890 0.968023
7893 0.969715
7896 0.971369
7899 0.972469
7902 0.970408
7905 0.968369
7908 0.970308
7911 0.972262
7914 0.972077
7917 0.970538
7920 0.969
7923 0.971269
7926 0.973554
7929 0.973062
7932 0.971931
7935 0.970785
7938 0.973192
7941 0.975592
7944 0.973831
7947 0.973185
7950 0.972538
7953 0.975023
7956 0.977531
7959 0.974846
7962 0.974169
7965 0.973485
7968 0.975692
7971 0.977915
7974 0.974123
7977 0.974338
7980 0.974577
7983 0.976592
7986 0.9786
7989 0.973692
7992 0.9738
7995 0.9739
7998 0.974331
8001 0.974823
8004 0.972531
8007 0.970254
8010 0.972615
8013 0.973031
8016 0.973438
8019 0.970877
8022 0.968331
8025 0.970208
8028 0.9708
8031 0.971392
8034 0.968677
8037 0.965977
8040 0.969323
8043 0.968738
8046 0.968154
8049 0.966685
8052 0.965262
8055 0.968615
8058 0.967831
8061 0.967023
8064 0.9656
8067 0.964169
8070 0.967877
8073 0.966746
8076 0.965631
8079 0.964477
8082 0.963346
8085 0.966431
8088 0.964462
8091 0.962515
8094 0.961731
8097 0.960954
8100 0.963269
8103 0.9606
8106 0.957938
8109 0.957192
8112 0.956446
8115 0.957515
8118 0.953669
8121 0.949831
8124 0.948646
8127 0.947477
8130 0.947892
8133 0.942054
8136 0.936262
8139 0.933377
8142 0.930492
8145 0.928177
8148 0.919992
8151 0.911838
8154 0.906508
8157 0.901169
8160 0.892554
8163 0.880069
8166 0.867608
8169 0.855931
8172 0.844223
8175 0.830115
8178 0.8104
8181 0.7907
8184 0.770623
8187 0.750462
8190 0.727715
8193 0.700385
8196 0.673185
8199 0.646415
8202 0.619415
8205 0.586892
8208 0.555354
8211 0.523838
8214 0.493723
8217 0.463415
8220 0.432308
8223 0.402254
8226 0.372192
8229 0.345169
8232 0.318038
8235 0.292238
8238 0.268546
8241 0.244831
8244 0.225008
8247 0.205101
8250 0.185473
8253 0.169421
8256 0.153407
8259 0.140106
8262 0.126742
8265 0.114593
8268 0.104404
8271 0.0942154
8274 0.0857231
8277 0.0771923
8280 0.0695662
8283 0.0633215
8286 0.0570692
8289 0.0518654
8292 0.0466638
8295 0.0421662
8298 0.03832
8301 0.0344562
8304 0.0314338
8307 0.0284038
8310 0.0256815
8313 0.0233985
8316 0.0211061
8319 0.0192529
8322 0.0173998
8325 0.0156955
8328 0.0144032
8331 0.0131045
8334 0.0120492
8337 0.0109963
8340 0.00988469
8343 0.00916546
8346 0.00844892
8349 0.00774362
8352 0.00704731
8355 0.00652854
8358 0.00605238
8361 0.00557646
8364 0.00521377
8367 0.00485077
8370 0.00441377
8373 0.00415192
8376 0.00388669
8379 0.00362715
8382 0.00336708
8385 0.00317846
8388 0.00299008
8391 0.00279992
8394 0.00265692
8397 0.00251323
8400 0.002387
8403 0.00223654
8406 0.00208608
8409 0.00200663
8412 0.0019273
8415 0.00179269
8418 0.00171403
8421 0.00163512
8424 0.00161095
8427 0.00158681
8430 0.00146977
8433 0.00140396
8436 0.00133807
8439 0.0013078
8442 0.00127741
8445 0.0011683
8448 0.00113217
8451 0.00109605
8454 0.00113345
8457 0.00117067
8460 0.00104908
8463 0.00100629
8466 0.0009634
8469 0.000920123
8472 0.000877108
8475 0.000928208
8478 0.000871931
8481 0.000815685
8484 0.000783385
8487 0.000751154
8490 0.0006325
8493 0.000659731
8496 0.000686977
8499 0.000687654
8502 0.000688385
8505 0.000691838
8508 0.000662254
8511 0.000632746
8514 0.000602015
8517 0.000571392
8520 0.000642
8523 0.000568969
8526 0.000496069
