21500.00 0.0004
21502.50 0.0005
21505.00 0.0005
21507.50 0.0005
21510.00 0.0005
21512.50 0.0006
21515.00 0.0006
21517.50 0.0007
21520.00 0.0006
21522.50 0.0008
21525.00 0.0007
21527.50 0.0007
21530.00 0.0007
21532.50 0.0008
21535.00 0.0009
21537.50 0.0009
21540.00 0.0008
21542.50 0.0010
21545.00 0.0010
21547.50 0.0010
21550.00 0.0012
21552.50 0.0012
21555.00 0.0012
21557.50 0.0013
21560.00 0.0014
21562.50 0.0014
21565.00 0.0015
21567.50 0.0016
21570.00 0.0017
21572.50 0.0017
21575.00 0.0018
21577.50 0.0019
21580.00 0.0020
21582.50 0.0022
21585.00 0.0023
21587.50 0.0024
21590.00 0.0025
21592.50 0.0027
21595.00 0.0028
21597.50 0.0030
21600.00 0.0031
21602.50 0.0032
21605.00 0.0034
21607.50 0.0036
21610.00 0.0038
21612.50 0.0042
21615.00 0.0043
21617.50 0.0045
21620.00 0.0049
21622.50 0.0051
21625.00 0.0054
21627.50 0.0058
21630.00 0.0062
21632.50 0.0065
21635.00 0.0070
21637.50 0.0074
21640.00 0.0079
21642.50 0.0085
21645.00 0.0090
21647.50 0.0095
21650.00 0.0102
21652.50 0.0109
21655.00 0.0117
21657.50 0.0125
21660.00 0.0134
21662.50 0.0144
21665.00 0.0154
21667.50 0.0165
21670.00 0.0177
21672.50 0.0191
21675.00 0.0206
21677.50 0.0222
21680.00 0.0241
21682.50 0.0258
21685.00 0.0279
21687.50 0.0302
21690.00 0.0329
21692.50 0.0356
21695.00 0.0385
21697.50 0.0418
21700.00 0.0453
21702.50 0.0494
21705.00 0.0539
21707.50 0.0590
21710.00 0.0639
21712.50 0.0697
21715.00 0.0765
21717.50 0.0828
21720.00 0.0912
21722.50 0.0997
21725.00 0.1089
21727.50 0.1183
21730.00 0.1284
21732.50 0.1419
21735.00 0.1540
21737.50 0.1687
21740.00 0.1845
21742.50 0.1995
21745.00 0.2172
21747.50 0.2348
21750.00 0.2574
21752.50 0.2774
21755.00 0.3004
21757.50 0.3246
21760.00 0.3470
21762.50 0.3730
21765.00 0.3973
21767.50 0.4276
21770.00 0.4529
21772.50 0.4811
21775.00 0.5096
21777.50 0.5359
21780.00 0.5645
21782.50 0.5907
21785.00 0.6193
21787.50 0.6442
21790.00 0.6701
21792.50 0.6951
21795.00 0.7157
21797.50 0.7379
21800.00 0.7577
21802.50 0.7766
21805.00 0.7931
21807.50 0.8088
21810.00 0.8234
21812.50 0.8351
21815.00 0.8471
21817.50 0.8570
21820.00 0.8658
21822.50 0.8737
21825.00 0.8798
21827.50 0.8853
21830.00 0.8896
21832.50 0.8934
21835.00 0.8963
21837.50 0.8988
21840.00 0.9005
21842.50 0.9018
21845.00 0.9031
21847.50 0.9037
21850.00 0.9043
21852.50 0.9046
21855.00 0.9046
21857.50 0.9051
21860.00 0.9053
21862.50 0.9052
21865.00 0.9057
21867.50 0.9057
21870.00 0.9060
21872.50 0.9063
21875.00 0.9065
21877.50 0.9068
21880.00 0.9071
21882.50 0.9073
21885.00 0.9076
21887.50 0.9077
21890.00 0.9079
21892.50 0.9083
21895.00 0.9082
21897.50 0.9082
21900.00 0.9082
21902.50 0.9086
21905.00 0.9077
21907.50 0.9079
21910.00 0.9079
21912.50 0.9073
21915.00 0.9071
21917.50 0.9068
21920.00 0.9063
21922.50 0.9055
21925.00 0.9050
21927.50 0.9042
21930.00 0.9034
21932.50 0.9023
21935.00 0.9013
21937.50 0.8995
21940.00 0.8978
21942.50 0.8954
21945.00 0.8926
21947.50 0.8890
21950.00 0.8858
21952.50 0.8804
21955.00 0.8753
21957.50 0.8680
21960.00 0.8603
21962.50 0.8515
21965.00 0.8403
21967.50 0.8290
21970.00 0.8157
21972.50 0.8010
21975.00 0.7836
21977.50 0.7664
21980.00 0.7470
21982.50 0.7237
21985.00 0.7032
21987.50 0.6779
21990.00 0.6536
21992.50 0.6263
21995.00 0.5995
21997.50 0.5729
22000.00 0.5424
22002.50 0.5165
22005.00 0.4853
22007.50 0.4562
22010.00 0.4290
22012.50 0.4005
22015.00 0.3752
22017.50 0.3467
22020.00 0.3229
22022.50 0.2965
22025.00 0.2733
22027.50 0.2530
22030.00 0.2321
22032.50 0.2131
22035.00 0.1942
22037.50 0.1779
22040.00 0.1618
22042.50 0.1469
22045.00 0.1351
22047.50 0.1230
22050.00 0.1122
22052.50 0.1012
22055.00 0.0925
22057.50 0.0846
22060.00 0.0766
22062.50 0.0705
22065.00 0.0641
22067.50 0.0586
22070.00 0.0532
22072.50 0.0487
22075.00 0.0450
22077.50 0.0410
22080.00 0.0379
22082.50 0.0348
22085.00 0.0318
22087.50 0.0293
22090.00 0.0269
22092.50 0.0250
22095.00 0.0229
22097.50 0.0214
22100.00 0.0196
22102.50 0.0181
22105.00 0.0169
22107.50 0.0158
22110.00 0.0147
22112.50 0.0136
22115.00 0.0129
22117.50 0.0118
22120.00 0.0110
22122.50 0.0103
22125.00 0.0097
22127.50 0.0091
22130.00 0.0084
22132.50 0.0080
22135.00 0.0074
22137.50 0.0071
22140.00 0.0066
22142.50 0.0062
22145.00 0.0059
22147.50 0.0055
22150.00 0.0051
22152.50 0.0050
22155.00 0.0046
22157.50 0.0044
22160.00 0.0042
22162.50 0.0039
22165.00 0.0038
22167.50 0.0035
22170.00 0.0034
22172.50 0.0032
22175.00 0.0030
22177.50 0.0029
22180.00 0.0027
22182.50 0.0026
22185.00 0.0026
22187.50 0.0023
22190.00 0.0022
22192.50 0.0021
22195.00 0.0020
22197.50 0.0019
22200.00 0.0019
22202.50 0.0017
22205.00 0.0017
22207.50 0.0017
22210.00 0.0016
22212.50 0.0015
22215.00 0.0014
22217.50 0.0014
22220.00 0.0014
22222.50 0.0013
22225.00 0.0011
22227.50 0.0012
22230.00 0.0011
22232.50 0.0012
22235.00 0.0011
22237.50 0.0011
22240.00 0.0010
22242.50 0.0009
22245.00 0.0009
22247.50 0.0008
22250.00 0.0009
22252.50 0.0008
22255.00 0.0008
22257.50 0.0008
22260.00 0.0008
22262.50 0.0007
22265.00 0.0006
22267.50 0.0007
22270.00 0.0007
22272.50 0.0007
22275.00 0.0006
22277.50 0.0006
22280.00 0.0006
22282.50 0.0005
22285.00 0.0006
22287.50 0.0005
22290.00 0.0005
22292.50 0.0005
22295.00 0.0005
22297.50 0.0005
22300.00 0.0005
