21360.00 0.0005
21362.00 0.0005
21364.00 0.0005
21366.00 0.0006
21368.00 0.0006
21370.00 0.0007
21372.00 0.0006
21374.00 0.0008
21376.00 0.0007
21378.00 0.0007
21380.00 0.0008
21382.00 0.0009
21384.00 0.0010
21386.00 0.0010
21388.00 0.0010
21390.00 0.0011
21392.00 0.0011
21394.00 0.0012
21396.00 0.0013
21398.00 0.0013
21400.00 0.0015
21402.00 0.0016
21404.00 0.0017
21406.00 0.0017
21408.00 0.0018
21410.00 0.0019
21412.00 0.0021
21414.00 0.0022
21416.00 0.0023
21418.00 0.0024
21420.00 0.0026
21422.00 0.0027
21424.00 0.0029
21426.00 0.0031
21428.00 0.0033
21430.00 0.0035
21432.00 0.0036
21434.00 0.0040
21436.00 0.0042
21438.00 0.0045
21440.00 0.0049
21442.00 0.0051
21444.00 0.0056
21446.00 0.0058
21448.00 0.0063
21450.00 0.0067
21452.00 0.0072
21454.00 0.0077
21456.00 0.0083
21458.00 0.0089
21460.00 0.0096
21462.00 0.0103
21464.00 0.0112
21466.00 0.0121
21468.00 0.0130
21470.00 0.0141
21472.00 0.0152
21474.00 0.0165
21476.00 0.0177
21478.00 0.0192
21480.00 0.0209
21482.00 0.0228
21484.00 0.0247
21486.00 0.0268
21488.00 0.0292
21490.00 0.0317
21492.00 0.0347
21494.00 0.0376
21496.00 0.0413
21498.00 0.0448
21500.00 0.0495
21502.00 0.0534
21504.00 0.0586
21506.00 0.0633
21508.00 0.0698
21510.00 0.0759
21512.00 0.0828
21514.00 0.0906
21516.00 0.0993
21518.00 0.1088
21520.00 0.1173
21522.00 0.1288
21524.00 0.1389
21526.00 0.1528
21528.00 0.1632
21530.00 0.1788
21532.00 0.1915
21534.00 0.2096
21536.00 0.2239
21538.00 0.2423
21540.00 0.2584
21542.00 0.2792
21544.00 0.2990
21546.00 0.3179
21548.00 0.3410
21550.00 0.3615
21552.00 0.3870
21554.00 0.4059
21556.00 0.4307
21558.00 0.4510
21560.00 0.4778
21562.00 0.4978
21564.00 0.5221
21566.00 0.5441
21568.00 0.5694
21570.00 0.5894
21572.00 0.6115
21574.00 0.6320
21576.00 0.6513
21578.00 0.6722
21580.00 0.6880
21582.00 0.7059
21584.00 0.7217
21586.00 0.7386
21588.00 0.7513
21590.00 0.7653
21592.00 0.7759
21594.00 0.7877
21596.00 0.7966
21598.00 0.8048
21600.00 0.8124
21602.00 0.8192
21604.00 0.8253
21606.00 0.8301
21608.00 0.8345
21610.00 0.8380
21612.00 0.8410
21614.00 0.8435
21616.00 0.8457
21618.00 0.8471
21620.00 0.8488
21622.00 0.8497
21624.00 0.8507
21626.00 0.8516
21628.00 0.8526
21630.00 0.8532
21632.00 0.8540
21634.00 0.8548
21636.00 0.8556
21638.00 0.8562
21640.00 0.8569
21642.00 0.8578
21644.00 0.8589
21646.00 0.8599
21648.00 0.8608
21650.00 0.8618
21652.00 0.8629
21654.00 0.8638
21656.00 0.8648
21658.00 0.8655
21660.00 0.8666
21662.00 0.8673
21664.00 0.8679
21666.00 0.8684
21668.00 0.8689
21670.00 0.8691
21672.00 0.8693
21674.00 0.8694
21676.00 0.8693
21678.00 0.8689
21680.00 0.8683
21682.00 0.8679
21684.00 0.8670
21686.00 0.8661
21688.00 0.8648
21690.00 0.8630
21692.00 0.8617
21694.00 0.8601
21696.00 0.8581
21698.00 0.8555
21700.00 0.8530
21702.00 0.8498
21704.00 0.8470
21706.00 0.8428
21708.00 0.8388
21710.00 0.8341
21712.00 0.8295
21714.00 0.8234
21716.00 0.8171
21718.00 0.8105
21720.00 0.8028
21722.00 0.7950
21724.00 0.7850
21726.00 0.7763
21728.00 0.7654
21730.00 0.7545
21732.00 0.7399
21734.00 0.7278
21736.00 0.7133
21738.00 0.6980
21740.00 0.6807
21742.00 0.6630
21744.00 0.6462
21746.00 0.6269
21748.00 0.6079
21750.00 0.5847
21752.00 0.5665
21754.00 0.5427
21756.00 0.5223
21758.00 0.4966
21760.00 0.4756
21762.00 0.4534
21764.00 0.4301
21766.00 0.4064
21768.00 0.3822
21770.00 0.3614
21772.00 0.3388
21774.00 0.3178
21776.00 0.2950
21778.00 0.2774
21780.00 0.2563
21782.00 0.2391
21784.00 0.2191
21786.00 0.2031
21788.00 0.1864
21790.00 0.1716
21792.00 0.1569
21794.00 0.1439
21796.00 0.1324
21798.00 0.1212
21800.00 0.1109
21802.00 0.1006
21804.00 0.0923
21806.00 0.0840
21808.00 0.0768
21810.00 0.0693
21812.00 0.0641
21814.00 0.0582
21816.00 0.0528
21818.00 0.0481
21820.00 0.0436
21822.00 0.0401
21824.00 0.0363
21826.00 0.0333
21828.00 0.0301
21830.00 0.0277
21832.00 0.0255
21834.00 0.0232
21836.00 0.0212
21838.00 0.0195
21840.00 0.0179
21842.00 0.0165
21844.00 0.0150
21846.00 0.0138
21848.00 0.0129
21850.00 0.0118
21852.00 0.0110
21854.00 0.0101
21856.00 0.0094
21858.00 0.0087
21860.00 0.0081
21862.00 0.0074
21864.00 0.0070
21866.00 0.0064
21868.00 0.0060
21870.00 0.0056
21872.00 0.0053
21874.00 0.0049
21876.00 0.0046
21878.00 0.0043
21880.00 0.0039
21882.00 0.0038
21884.00 0.0034
21886.00 0.0034
21888.00 0.0031
21890.00 0.0029
21892.00 0.0027
21894.00 0.0026
21896.00 0.0025
21898.00 0.0023
21900.00 0.0021
21902.00 0.0021
21904.00 0.0020
21906.00 0.0018
21908.00 0.0017
21910.00 0.0017
21912.00 0.0015
21914.00 0.0015
21916.00 0.0015
21918.00 0.0013
21920.00 0.0012
21922.00 0.0012
21924.00 0.0011
21926.00 0.0011
21928.00 0.0011
21930.00 0.0010
21932.00 0.0009
21934.00 0.0008
21936.00 0.0008
21938.00 0.0009
21940.00 0.0007
21942.00 0.0007
21944.00 0.0007
21946.00 0.0008
21948.00 0.0007
21950.00 0.0007
21952.00 0.0006
21954.00 0.0006
21956.00 0.0005
21958.00 0.0005
