10606.400000 0.000402
10606.500000 0.000406
10606.500000 0.000411
10606.600000 0.000417
10606.600000 0.000422
10606.700000 0.000428
10606.700000 0.000431
10606.800000 0.000433
10606.800000 0.000435
10606.900000 0.000438
10606.900000 0.000441
10606.900000 0.000444
10607.000000 0.000447
10607.000000 0.000451
10607.100000 0.000454
10607.100000 0.000458
10607.200000 0.000462
10607.200000 0.000466
10607.300000 0.000469
10607.300000 0.000473
10607.400000 0.000477
10607.400000 0.000480
10607.500000 0.000481
10607.600000 0.000483
10607.600000 0.000484
10607.700000 0.000487
10607.700000 0.000490
10607.800000 0.000494
10607.800000 0.000497
10607.900000 0.000500
10607.900000 0.000504
10608.000000 0.000508
10608.000000 0.000513
10608.100000 0.000517
10608.100000 0.000519
10608.100000 0.000522
10608.200000 0.000525
10608.200000 0.000527
10608.300000 0.000530
10608.300000 0.000533
10608.400000 0.000536
10608.400000 0.000540
10608.500000 0.000545
10608.500000 0.000550
10608.600000 0.000554
10608.600000 0.000557
10608.700000 0.000561
10608.800000 0.000567
10608.800000 0.000573
10608.900000 0.000580
10608.900000 0.000586
10609.000000 0.000591
10609.000000 0.000596
10609.100000 0.000601
10609.100000 0.000607
10609.200000 0.000613
10609.200000 0.000619
10609.300000 0.000625
10609.300000 0.000632
10609.400000 0.000638
10609.400000 0.000643
10609.400000 0.000649
10609.500000 0.000654
10609.500000 0.000659
10609.600000 0.000665
10609.600000 0.000673
10609.700000 0.000682
10609.700000 0.000688
10609.800000 0.000693
10609.800000 0.000696
10609.900000 0.000699
10609.900000 0.000702
10610.000000 0.000708
10610.100000 0.000715
10610.100000 0.000723
10610.200000 0.000731
10610.200000 0.000738
10610.300000 0.000745
10610.300000 0.000752
10610.400000 0.000760
10610.400000 0.000768
10610.500000 0.000776
10610.500000 0.000782
10610.600000 0.000789
10610.600000 0.000797
10610.600000 0.000803
10610.700000 0.000809
10610.700000 0.000816
10610.800000 0.000823
10610.800000 0.000832
10610.900000 0.000841
10610.900000 0.000850
10611.000000 0.000857
10611.000000 0.000865
10611.100000 0.000872
10611.100000 0.000879
10611.200000 0.000886
10611.200000 0.000894
10611.300000 0.000900
10611.400000 0.000906
10611.400000 0.000913
10611.500000 0.000920
10611.500000 0.000928
10611.600000 0.000937
10611.600000 0.000946
10611.700000 0.000953
10611.700000 0.000962
10611.800000 0.000971
10611.800000 0.000981
10611.900000 0.000991
10611.900000 0.001000
10611.900000 0.001009
10612.000000 0.001016
10612.000000 0.001024
10612.100000 0.001031
10612.100000 0.001040
10612.200000 0.001050
10612.200000 0.001060
10612.300000 0.001071
10612.300000 0.001084
10612.400000 0.001097
10612.400000 0.001110
10612.500000 0.001122
10612.600000 0.001134
10612.600000 0.001145
10612.700000 0.001157
10612.700000 0.001169
10612.800000 0.001181
10612.800000 0.001191
10612.900000 0.001201
10612.900000 0.001212
10613.000000 0.001225
10613.000000 0.001239
10613.100000 0.001255
10613.100000 0.001270
10613.100000 0.001286
10613.200000 0.001302
10613.200000 0.001317
10613.300000 0.001333
10613.300000 0.001347
10613.400000 0.001360
10613.400000 0.001373
10613.500000 0.001388
10613.500000 0.001403
10613.600000 0.001419
10613.600000 0.001434
10613.700000 0.001449
10613.800000 0.001463
10613.800000 0.001480
10613.900000 0.001499
10613.900000 0.001519
10614.000000 0.001540
10614.000000 0.001558
10614.100000 0.001574
10614.100000 0.001590
10614.200000 0.001606
10614.200000 0.001620
10614.300000 0.001635
10614.300000 0.001651
10614.400000 0.001666
10614.400000 0.001681
10614.400000 0.001698
10614.500000 0.001714
10614.500000 0.001731
10614.600000 0.001750
10614.600000 0.001770
10614.700000 0.001790
10614.700000 0.001809
10614.800000 0.001827
10614.800000 0.001845
10614.900000 0.001863
10614.900000 0.001881
10615.000000 0.001898
10615.100000 0.001916
10615.100000 0.001934
10615.200000 0.001953
10615.200000 0.001973
10615.300000 0.001994
10615.300000 0.002016
10615.400000 0.002039
10615.400000 0.002064
10615.500000 0.002090
10615.500000 0.002115
10615.600000 0.002139
10615.600000 0.002163
10615.600000 0.002186
10615.700000 0.002208
10615.700000 0.002230
10615.800000 0.002252
10615.800000 0.002274
10615.900000 0.002298
10615.900000 0.002323
10616.000000 0.002351
10616.000000 0.002381
10616.100000 0.002412
10616.100000 0.002444
10616.200000 0.002476
10616.200000 0.002507
10616.300000 0.002537
10616.400000 0.002566
10616.400000 0.002595
10616.500000 0.002623
10616.500000 0.002651
10616.600000 0.002680
10616.600000 0.002711
10616.700000 0.002743
10616.700000 0.002775
10616.800000 0.002810
10616.800000 0.002849
10616.900000 0.002890
10616.900000 0.002930
10616.900000 0.002970
10617.000000 0.003010
10617.000000 0.003049
10617.100000 0.003087
10617.100000 0.003123
10617.200000 0.003159
10617.200000 0.003197
10617.300000 0.003236
10617.300000 0.003276
10617.400000 0.003318
10617.400000 0.003362
10617.500000 0.003408
10617.600000 0.003456
10617.600000 0.003505
10617.700000 0.003557
10617.700000 0.003611
10617.800000 0.003663
10617.800000 0.003714
10617.900000 0.003762
10617.900000 0.003808
10618.000000 0.003855
10618.000000 0.003902
10618.100000 0.003951
10618.100000 0.004001
10618.100000 0.004054
10618.200000 0.004110
10618.200000 0.004170
10618.300000 0.004234
10618.300000 0.004298
10618.400000 0.004363
10618.400000 0.004427
10618.500000 0.004490
10618.500000 0.004551
10618.600000 0.004611
10618.600000 0.004668
10618.700000 0.004727
10618.800000 0.004788
10618.800000 0.004849
10618.900000 0.004913
10618.900000 0.004982
10619.000000 0.005054
10619.000000 0.005126
10619.100000 0.005202
10619.100000 0.005281
10619.200000 0.005362
10619.200000 0.005444
10619.300000 0.005523
10619.300000 0.005600
10619.400000 0.005676
10619.400000 0.005752
10619.400000 0.005828
10619.500000 0.005906
10619.500000 0.005986
10619.600000 0.006071
10619.600000 0.006162
10619.700000 0.006256
10619.700000 0.006355
10619.800000 0.006458
10619.800000 0.006563
10619.900000 0.006668
10619.900000 0.006772
10620.000000 0.006876
10620.100000 0.006979
10620.100000 0.007078
10620.200000 0.007178
10620.200000 0.007279
10620.300000 0.007382
10620.300000 0.007490
10620.400000 0.007604
10620.400000 0.007724
10620.500000 0.007851
10620.500000 0.007984
10620.600000 0.008122
10620.600000 0.008263
10620.600000 0.008405
10620.700000 0.008545
10620.700000 0.008681
10620.800000 0.008815
10620.800000 0.008950
10620.900000 0.009087
10620.900000 0.009227
10621.000000 0.009367
10621.000000 0.009518
10621.100000 0.009675
10621.100000 0.009846
10621.200000 0.010026
10621.200000 0.010211
10621.300000 0.010398
10621.400000 0.010589
10621.400000 0.010781
10621.500000 0.010977
10621.500000 0.011170
10621.600000 0.011357
10621.600000 0.011548
10621.700000 0.011738
10621.700000 0.011933
10621.800000 0.012136
10621.800000 0.012345
10621.900000 0.012564
10621.900000 0.012797
10621.900000 0.013041
10622.000000 0.013297
10622.000000 0.013562
10622.100000 0.013824
10622.100000 0.014085
10622.200000 0.014343
10622.200000 0.014597
10622.300000 0.014851
10622.300000 0.015110
10622.400000 0.015367
10622.400000 0.015629
10622.500000 0.015907
10622.600000 0.016194
10622.600000 0.016495
10622.700000 0.016810
10622.700000 0.017136
10622.800000 0.017471
10622.800000 0.017826
10622.900000 0.018181
10622.900000 0.018537
10623.000000 0.018890
10623.000000 0.019243
10623.100000 0.019563
10623.100000 0.019881
10623.100000 0.020238
10623.200000 0.020608
10623.200000 0.020999
10623.300000 0.021417
10623.300000 0.021851
10623.400000 0.022313
10623.400000 0.022802
10623.500000 0.023302
10623.500000 0.023814
10623.600000 0.024331
10623.600000 0.024855
10623.700000 0.025387
10623.800000 0.025921
10623.800000 0.026460
10623.900000 0.027014
10623.900000 0.027586
10624.000000 0.028179
10624.000000 0.028793
10624.100000 0.029473
10624.100000 0.030191
10624.200000 0.030919
10624.200000 0.031679
10624.300000 0.032459
10624.300000 0.033257
10624.400000 0.034066
10624.400000 0.034871
10624.400000 0.035667
10624.500000 0.036461
10624.500000 0.037273
10624.600000 0.038107
10624.600000 0.038968
10624.700000 0.039869
10624.700000 0.040806
10624.800000 0.041791
10624.800000 0.042813
10624.900000 0.043856
10624.900000 0.044934
10625.000000 0.046040
10625.100000 0.047168
10625.100000 0.048305
10625.200000 0.049438
10625.200000 0.050568
10625.300000 0.051713
10625.300000 0.052860
10625.400000 0.054023
10625.400000 0.055211
10625.500000 0.056463
10625.500000 0.057784
10625.600000 0.059177
10625.600000 0.060652
10625.600000 0.062173
10625.700000 0.063752
10625.700000 0.065350
10625.800000 0.066957
10625.800000 0.068581
10625.900000 0.070225
10625.900000 0.071889
10626.000000 0.073602
10626.000000 0.075344
10626.100000 0.077155
10626.100000 0.079065
10626.200000 0.081061
10626.200000 0.083133
10626.300000 0.085290
10626.400000 0.087557
10626.400000 0.089924
10626.500000 0.092392
10626.500000 0.094927
10626.600000 0.097509
10626.600000 0.100108
10626.700000 0.102734
10626.700000 0.105401
10626.800000 0.108116
10626.800000 0.110922
10626.900000 0.113864
10626.900000 0.116937
10626.900000 0.120156
10627.000000 0.123552
10627.000000 0.127111
10627.100000 0.130770
10627.100000 0.134527
10627.200000 0.138318
10627.200000 0.142186
10627.300000 0.146114
10627.300000 0.150143
10627.400000 0.154212
10627.400000 0.158312
10627.500000 0.162489
10627.600000 0.166791
10627.600000 0.171213
10627.700000 0.175723
10627.700000 0.180397
10627.800000 0.185251
10627.800000 0.190287
10627.900000 0.195439
10627.900000 0.200682
10628.000000 0.205986
10628.000000 0.211311
10628.100000 0.216587
10628.100000 0.221838
10628.100000 0.227099
10628.200000 0.232499
10628.200000 0.237962
10628.300000 0.243596
10628.300000 0.249312
10628.400000 0.255240
10628.400000 0.261344
10628.500000 0.267536
10628.500000 0.273785
10628.600000 0.280112
10628.600000 0.286460
10628.700000 0.292867
10628.800000 0.299233
10628.800000 0.305555
10628.900000 0.311921
10628.900000 0.318258
10629.000000 0.324616
10629.000000 0.330950
10629.100000 0.337406
10629.100000 0.344017
10629.200000 0.350856
10629.200000 0.357889
10629.300000 0.364975
10629.300000 0.372104
10629.400000 0.379259
10629.400000 0.386377
10629.400000 0.393374
10629.500000 0.400240
10629.500000 0.407084
10629.600000 0.413983
10629.600000 0.420921
10629.700000 0.427872
10629.700000 0.434894
10629.800000 0.442018
10629.800000 0.449157
10629.900000 0.456369
10629.900000 0.463627
10630.000000 0.471011
10630.100000 0.478435
10630.100000 0.485865
10630.200000 0.493159
10630.200000 0.500318
10630.300000 0.507440
10630.300000 0.514435
10630.400000 0.521360
10630.400000 0.528216
10630.500000 0.535115
10630.500000 0.542071
10630.600000 0.549103
10630.600000 0.556195
10630.600000 0.563216
10630.700000 0.570191
10630.700000 0.577188
10630.800000 0.583993
10630.800000 0.590628
10630.900000 0.597181
10630.900000 0.603652
10631.000000 0.610001
10631.000000 0.616092
10631.100000 0.622056
10631.100000 0.627988
10631.200000 0.633827
10631.200000 0.639533
10631.300000 0.645161
10631.400000 0.650732
10631.400000 0.656352
10631.500000 0.661856
10631.500000 0.667284
10631.600000 0.672595
10631.600000 0.678950
10631.700000 0.685219
10631.700000 0.690069
10631.800000 0.694733
10631.800000 0.699318
10631.900000 0.703826
10631.900000 0.708264
10631.900000 0.712574
10632.000000 0.716916
10632.000000 0.721249
10632.100000 0.725553
10632.100000 0.729722
10632.200000 0.733833
10632.200000 0.737907
10632.300000 0.741925
10632.300000 0.745887
10632.400000 0.749614
10632.400000 0.753283
10632.500000 0.756846
10632.600000 0.760270
10632.600000 0.762264
10632.700000 0.764169
10632.700000 0.767377
10632.800000 0.770527
10632.800000 0.773709
10632.900000 0.776893
10632.900000 0.780043
10633.000000 0.783176
10633.000000 0.786165
10633.100000 0.789068
10633.100000 0.791804
10633.100000 0.794413
10633.200000 0.796875
10633.200000 0.799189
10633.300000 0.801307
10633.300000 0.803314
10633.400000 0.805212
10633.400000 0.807031
10633.500000 0.808682
10633.500000 0.810286
10633.600000 0.811842
10633.600000 0.813270
10633.700000 0.814626
10633.800000 0.815863
10633.800000 0.816847
10633.900000 0.817525
10633.900000 0.818024
10634.000000 0.818273
10634.000000 0.818331
10634.100000 0.817759
10634.100000 0.818130
10634.200000 0.816710
10634.200000 0.817290
10634.300000 0.815293
10634.300000 0.816032
10634.400000 0.812453
10634.400000 0.813535
10634.400000 0.814478
10634.500000 0.809634
10634.500000 0.811143
10634.600000 0.805752
10634.600000 0.807857
10634.700000 0.800708
10634.700000 0.803327
10634.800000 0.795044
10634.800000 0.797927
10634.900000 0.788908
10634.900000 0.792017
10635.000000 0.785710
10635.100000 0.779074
10635.100000 0.782511
10635.200000 0.771649
10635.200000 0.775477
10635.300000 0.763206
10635.300000 0.767623
10635.400000 0.753624
10635.400000 0.758517
10635.500000 0.743105
10635.500000 0.748500
10635.600000 0.725971
10635.600000 0.731775
10635.600000 0.737547
10635.700000 0.714098
10635.700000 0.720085
10635.800000 0.701866
10635.800000 0.708038
10635.900000 0.689016
10635.900000 0.695565
10636.000000 0.675002
10636.000000 0.682125
10636.100000 0.660154
10636.100000 0.667688
10636.200000 0.644720
10636.200000 0.652468
10636.300000 0.637028
10636.400000 0.621560
10636.400000 0.629325
10636.500000 0.605939
10636.500000 0.613755
10636.600000 0.590391
10636.600000 0.598220
10636.700000 0.574702
10636.700000 0.582571
10636.800000 0.558942
10636.800000 0.566861
10636.900000 0.534779
10636.900000 0.542831
10636.900000 0.550932
10637.000000 0.518862
10637.000000 0.526826
10637.100000 0.503375
10637.100000 0.511045
10637.200000 0.488649
10637.200000 0.495962
10637.300000 0.474006
10637.300000 0.481293
10637.400000 0.459642
10637.400000 0.466779
10637.500000 0.452454
10637.600000 0.438236
10637.600000 0.445295
10637.700000 0.424312
10637.700000 0.431255
10637.800000 0.410656
10637.800000 0.417455
10637.900000 0.397861
10637.900000 0.404388
10638.000000 0.385276
10638.000000 0.391501
10638.100000 0.367551
10638.100000 0.373350
10638.100000 0.379249
10638.200000 0.355806
10638.200000 0.361702
10638.300000 0.344007
10638.300000 0.349918
10638.400000 0.332316
10638.400000 0.338154
10638.500000 0.320964
10638.500000 0.326576
10638.600000 0.310157
10638.600000 0.315526
10638.700000 0.304907
10638.800000 0.294662
10638.800000 0.299749
10638.900000 0.284759
10638.900000 0.289678
10639.000000 0.274918
10639.000000 0.279850
10639.100000 0.265135
10639.100000 0.270043
10639.200000 0.255262
10639.200000 0.260184
10639.300000 0.245615
10639.300000 0.250393
10639.400000 0.232171
10639.400000 0.236497
10639.400000 0.240999
10639.500000 0.223817
10639.500000 0.227990
10639.600000 0.215565
10639.600000 0.219694
10639.700000 0.207291
10639.700000 0.211414
10639.800000 0.199034
10639.800000 0.203157
10639.900000 0.190985
10639.900000 0.194960
10640.000000 0.187088
10640.100000 0.179502
10640.100000 0.183267
10640.200000 0.172420
10640.200000 0.175892
10640.300000 0.165764
10640.300000 0.169049
10640.400000 0.159299
10640.400000 0.162519
10640.500000 0.152828
10640.500000 0.156080
10640.600000 0.143157
10640.600000 0.146345
10640.600000 0.149583
10640.700000 0.137039
10640.700000 0.140043
10640.800000 0.131395
10640.800000 0.134154
10640.900000 0.126098
10640.900000 0.128706
10641.000000 0.121000
10641.000000 0.123527
10641.100000 0.115984
10641.100000 0.118506
10641.200000 0.111024
10641.200000 0.113494
10641.300000 0.108572
10641.400000 0.103756
10641.400000 0.106145
10641.500000 0.099192
10641.500000 0.101444
10641.600000 0.094952
10641.600000 0.097043
10641.700000 0.091065
10641.700000 0.092980
10641.800000 0.087319
10641.800000 0.089188
10641.900000 0.081647
10641.900000 0.083555
10641.900000 0.085446
10642.000000 0.077856
10642.000000 0.079735
10642.100000 0.074239
10642.100000 0.076010
10642.200000 0.070867
10642.200000 0.072530
10642.300000 0.067734
10642.300000 0.069271
10642.400000 0.064804
10642.400000 0.066248
10642.500000 0.063371
10642.600000 0.060559
10642.600000 0.061955
10642.700000 0.057783
10642.700000 0.059172
10642.800000 0.055026
10642.800000 0.056401
10642.900000 0.052407
10642.900000 0.053692
10643.000000 0.050025
10643.000000 0.051191
10643.100000 0.046828
10643.100000 0.047849
10643.100000 0.048908
10643.200000 0.044832
10643.200000 0.045826
10643.300000 0.042853
10643.300000 0.043840
10643.400000 0.040901
10643.400000 0.041873
10643.500000 0.039004
10643.500000 0.039937
10643.600000 0.037244
10643.600000 0.038114
10643.700000 0.036406
10643.800000 0.034849
10643.800000 0.035607
10643.900000 0.033422
10643.900000 0.034129
10644.000000 0.032058
10644.000000 0.032731
10644.100000 0.030726
10644.100000 0.031394
10644.200000 0.029369
10644.200000 0.030043
10644.300000 0.028057
10644.300000 0.028700
10644.400000 0.026279
10644.400000 0.026846
10644.400000 0.027442
10644.500000 0.025233
10644.500000 0.025741
10644.600000 0.024253
10644.600000 0.024742
10644.700000 0.023302
10644.700000 0.023776
10644.800000 0.022363
10644.800000 0.022834
10644.900000 0.021428
10644.900000 0.021894
10645.000000 0.020968
10645.100000 0.020086
10645.100000 0.020521
10645.200000 0.019286
10645.200000 0.019674
10645.300000 0.018564
10645.300000 0.018917
10645.400000 0.017900
10645.400000 0.018227
10645.500000 0.017244
10645.500000 0.017573
10645.600000 0.016245
10645.600000 0.016580
10645.600000 0.016913
10645.700000 0.015589
10645.700000 0.015914
10645.800000 0.014982
10645.800000 0.015280
10645.900000 0.014433
10645.900000 0.014700
10646.000000 0.013936
10646.000000 0.014178
10646.100000 0.013466
10646.100000 0.013698
10646.200000 0.013006
10646.200000 0.013237
10646.300000 0.012773
10646.400000 0.012301
10646.400000 0.012539
10646.500000 0.011840
10646.500000 0.012069
10646.600000 0.011403
10646.600000 0.011616
10646.700000 0.011015
10646.700000 0.011200
10646.800000 0.010662
10646.800000 0.010835
10646.900000 0.010155
10646.900000 0.010323
10646.900000 0.010493
10647.000000 0.009808
10647.000000 0.009982
10647.100000 0.009457
10647.100000 0.009632
10647.200000 0.009119
10647.200000 0.009286
10647.300000 0.008803
10647.300000 0.008957
10647.400000 0.008514
10647.400000 0.008654
10647.500000 0.008380
10647.600000 0.008129
10647.600000 0.008252
10647.700000 0.007883
10647.700000 0.008006
10647.800000 0.007630
10647.800000 0.007758
10647.900000 0.007374
10647.900000 0.007502
10648.000000 0.007124
10648.000000 0.007247
10648.100000 0.006795
10648.100000 0.006898
10648.100000 0.007008
10648.200000 0.006600
10648.200000 0.006694
10648.300000 0.006416
10648.300000 0.006508
10648.400000 0.006237
10648.400000 0.006328
10648.500000 0.006054
10648.500000 0.006146
10648.600000 0.005870
10648.600000 0.005962
10648.700000 0.005778
10648.800000 0.005602
10648.800000 0.005688
10648.900000 0.005443
10648.900000 0.005521
10649.000000 0.005300
10649.000000 0.005369
10649.100000 0.005169
10649.100000 0.005234
10649.200000 0.005031
10649.200000 0.005100
10649.300000 0.004890
10649.300000 0.004961
10649.400000 0.004675
10649.400000 0.004746
10649.400000 0.004818
10649.500000 0.004539
10649.500000 0.004605
10649.600000 0.004416
10649.600000 0.004475
10649.700000 0.004306
10649.700000 0.004359
10649.800000 0.004201
10649.800000 0.004253
10649.900000 0.004100
10649.900000 0.004150
10650.000000 0.004047
10650.100000 0.003934
10650.100000 0.003991
10650.200000 0.003822
10650.200000 0.003878
10650.300000 0.003714
10650.300000 0.003767
10650.400000 0.003619
10650.400000 0.003665
10650.500000 0.003534
10650.500000 0.003576
10650.600000 0.003407
10650.600000 0.003450
10650.600000 0.003492
10650.700000 0.003319
10650.700000 0.003363
10650.800000 0.003230
10650.800000 0.003275
10650.900000 0.003136
10650.900000 0.003183
10651.000000 0.003048
10651.000000 0.003091
10651.100000 0.002971
10651.100000 0.003008
10651.200000 0.002901
10651.200000 0.002935
10651.300000 0.002868
10651.400000 0.002802
10651.400000 0.002835
10651.500000 0.002731
10651.500000 0.002767
10651.600000 0.002660
10651.600000 0.002696
10651.700000 0.002590
10651.700000 0.002624
10651.800000 0.002524
10651.800000 0.002556
10651.900000 0.002438
10651.900000 0.002465
10651.900000 0.002494
10652.000000 0.002387
10652.000000 0.002413
10652.100000 0.002337
10652.100000 0.002362
10652.200000 0.002288
10652.200000 0.002313
10652.300000 0.002237
10652.300000 0.002263
10652.400000 0.002185
10652.400000 0.002210
10652.500000 0.002160
10652.600000 0.002114
10652.600000 0.002136
10652.700000 0.002073
10652.700000 0.002093
10652.800000 0.002035
10652.800000 0.002054
10652.900000 0.001996
10652.900000 0.002016
10653.000000 0.001957
10653.000000 0.001977
10653.100000 0.001893
10653.100000 0.001916
10653.100000 0.001937
10653.200000 0.001848
10653.200000 0.001871
10653.300000 0.001806
10653.300000 0.001826
10653.400000 0.001766
10653.400000 0.001786
10653.500000 0.001731
10653.500000 0.001749
10653.600000 0.001695
10653.600000 0.001713
10653.700000 0.001677
10653.800000 0.001638
10653.800000 0.001658
10653.900000 0.001598
10653.900000 0.001617
10654.000000 0.001559
10654.000000 0.001578
10654.100000 0.001523
10654.100000 0.001541
10654.200000 0.001491
10654.200000 0.001506
10654.300000 0.001462
10654.300000 0.001477
10654.400000 0.001420
10654.400000 0.001433
10654.400000 0.001447
10654.500000 0.001390
10654.500000 0.001405
10654.600000 0.001359
10654.600000 0.001375
10654.700000 0.001328
10654.700000 0.001344
10654.800000 0.001301
10654.800000 0.001314
10654.900000 0.001275
10654.900000 0.001287
10655.000000 0.001265
