3885.0000 0.0006
3890.0000 0.0010
3895.0000 0.0016
3900.0000 0.0025
3905.0000 0.0039
3910.0000 0.0060
3915.0000 0.0091
3920.0000 0.0134
3925.0000 0.0193
3930.0000 0.0271
3935.0000 0.0372
3940.0000 0.0498
3945.0000 0.0648
3950.0000 0.0829
3955.0000 0.1039
3960.0000 0.1278
3965.0000 0.1543
3970.0000 0.1823
3975.0000 0.2122
3980.0000 0.2423
3985.0000 0.2707
3990.0000 0.2990
3995.0000 0.3250
4000.0000 0.3496
4005.0000 0.3730
4010.0000 0.3958
4015.0000 0.4197
4020.0000 0.4452
4025.0000 0.4714
4030.0000 0.5011
4035.0000 0.5320
4040.0000 0.5635
4045.0000 0.5958
4050.0000 0.6269
4055.0000 0.6555
4060.0000 0.6808
4065.0000 0.7016
4070.0000 0.7190
4075.0000 0.7322
4080.0000 0.7423
4085.0000 0.7510
4090.0000 0.7587
4095.0000 0.7662
4100.0000 0.7744
4105.0000 0.7823
4110.0000 0.7905
4115.0000 0.7981
4120.0000 0.8043
4125.0000 0.8081
4130.0000 0.8096
4135.0000 0.8082
4140.0000 0.8052
4145.0000 0.8000
4150.0000 0.7945
4155.0000 0.7891
4160.0000 0.7856
4165.0000 0.7842
4170.0000 0.7853
4175.0000 0.7899
4180.0000 0.7966
4185.0000 0.8057
4190.0000 0.8165
4195.0000 0.8272
4200.0000 0.8359
4205.0000 0.8429
4210.0000 0.8462
4215.0000 0.8457
4220.0000 0.8414
4225.0000 0.8338
4230.0000 0.8234
4235.0000 0.8120
4240.0000 0.8007
4245.0000 0.7905
4250.0000 0.7827
4255.0000 0.7780
4260.0000 0.7770
4265.0000 0.7795
4270.0000 0.7856
4275.0000 0.7949
4280.0000 0.8066
4285.0000 0.8197
4290.0000 0.8337
4295.0000 0.8465
4300.0000 0.8580
4305.0000 0.8667
4310.0000 0.8721
4315.0000 0.8743
4320.0000 0.8732
4325.0000 0.8693
4330.0000 0.8634
4335.0000 0.8566
4340.0000 0.8493
4345.0000 0.8428
4350.0000 0.8376
4355.0000 0.8342
4360.0000 0.8329
4365.0000 0.8340
4370.0000 0.8367
4375.0000 0.8417
4380.0000 0.8479
4385.0000 0.8548
4390.0000 0.8622
4395.0000 0.8697
4400.0000 0.8761
4405.0000 0.8818
4410.0000 0.8863
4415.0000 0.8894
4420.0000 0.8913
4425.0000 0.8923
4430.0000 0.8926
4435.0000 0.8925
4440.0000 0.8926
4445.0000 0.8926
4450.0000 0.8931
4455.0000 0.8943
4460.0000 0.8960
4465.0000 0.8977
4470.0000 0.9004
4475.0000 0.9028
4480.0000 0.9046
4485.0000 0.9058
4490.0000 0.9069
4495.0000 0.9068
4500.0000 0.9058
4505.0000 0.9036
4510.0000 0.9007
4515.0000 0.8971
4520.0000 0.8934
4525.0000 0.8897
4530.0000 0.8862
4535.0000 0.8834
4540.0000 0.8813
4545.0000 0.8805
4550.0000 0.8810
4555.0000 0.8824
4560.0000 0.8852
4565.0000 0.8887
4570.0000 0.8935
4575.0000 0.8982
4580.0000 0.9036
4585.0000 0.9087
4590.0000 0.9128
4595.0000 0.9164
4600.0000 0.9187
4605.0000 0.9198
4610.0000 0.9196
4615.0000 0.9178
4620.0000 0.9151
4625.0000 0.9112
4630.0000 0.9068
4635.0000 0.9018
4640.0000 0.8966
4645.0000 0.8920
4650.0000 0.8880
4655.0000 0.8847
4660.0000 0.8826
4665.0000 0.8816
4670.0000 0.8819
4675.0000 0.8835
4680.0000 0.8857
4685.0000 0.8891
4690.0000 0.8934
4695.0000 0.8982
4700.0000 0.9033
4705.0000 0.9086
4710.0000 0.9132
4715.0000 0.9180
4720.0000 0.9220
4725.0000 0.9253
4730.0000 0.9278
4735.0000 0.9294
4740.0000 0.9303
4745.0000 0.9307
4750.0000 0.9306
4755.0000 0.9296
4760.0000 0.9289
4765.0000 0.9278
4770.0000 0.9270
4775.0000 0.9264
4780.0000 0.9258
4785.0000 0.9260
4790.0000 0.9266
4795.0000 0.9276
4800.0000 0.9288
4805.0000 0.9301
4810.0000 0.9315
4815.0000 0.9330
4820.0000 0.9344
4825.0000 0.9353
4830.0000 0.9359
4835.0000 0.9358
4840.0000 0.9353
4845.0000 0.9343
4850.0000 0.9323
4855.0000 0.9299
4860.0000 0.9269
4865.0000 0.9239
4870.0000 0.9202
4875.0000 0.9164
4880.0000 0.9129
4885.0000 0.9095
4890.0000 0.9065
4895.0000 0.9044
4900.0000 0.9023
4905.0000 0.9012
4910.0000 0.9006
4915.0000 0.9012
4920.0000 0.9021
4925.0000 0.9037
4930.0000 0.9062
4935.0000 0.9092
4940.0000 0.9124
4945.0000 0.9160
4950.0000 0.9204
4955.0000 0.9243
4960.0000 0.9282
4965.0000 0.9320
4970.0000 0.9353
4975.0000 0.9383
4980.0000 0.9405
4985.0000 0.9424
4990.0000 0.9438
4995.0000 0.9443
5000.0000 0.9445
5005.0000 0.9440
5010.0000 0.9432
5015.0000 0.9422
5020.0000 0.9412
5025.0000 0.9394
5030.0000 0.9382
5035.0000 0.9367
5040.0000 0.9354
5045.0000 0.9344
5050.0000 0.9338
5055.0000 0.9331
5060.0000 0.9329
5065.0000 0.9329
5070.0000 0.9332
5075.0000 0.9338
5080.0000 0.9345
5085.0000 0.9352
5090.0000 0.9363
5095.0000 0.9370
5100.0000 0.9378
5105.0000 0.9385
5110.0000 0.9391
5115.0000 0.9392
5120.0000 0.9395
5125.0000 0.9390
5130.0000 0.9385
5135.0000 0.9378
5140.0000 0.9364
5145.0000 0.9353
5150.0000 0.9340
5155.0000 0.9322
5160.0000 0.9305
5165.0000 0.9290
5170.0000 0.9276
5175.0000 0.9259
5180.0000 0.9249
5185.0000 0.9240
5190.0000 0.9232
5195.0000 0.9229
5200.0000 0.9227
5205.0000 0.9231
5210.0000 0.9234
5215.0000 0.9243
5220.0000 0.9256
5225.0000 0.9269
5230.0000 0.9283
5235.0000 0.9300
5240.0000 0.9316
5245.0000 0.9332
5250.0000 0.9349
5255.0000 0.9363
5260.0000 0.9374
5265.0000 0.9387
5270.0000 0.9386
5275.0000 0.9385
5280.0000 0.9380
5285.0000 0.9372
5290.0000 0.9357
5295.0000 0.9338
5300.0000 0.9312
5305.0000 0.9285
5310.0000 0.9254
5315.0000 0.9218
5320.0000 0.9181
5325.0000 0.9146
5330.0000 0.9105
5335.0000 0.9066
5340.0000 0.9029
5345.0000 0.8992
5350.0000 0.8962
5355.0000 0.8931
5360.0000 0.8905
5365.0000 0.8885
5370.0000 0.8865
5375.0000 0.8852
5380.0000 0.8844
5385.0000 0.8840
5390.0000 0.8840
5395.0000 0.8841
5400.0000 0.8846
5405.0000 0.8852
5410.0000 0.8863
5415.0000 0.8871
5420.0000 0.8878
5425.0000 0.8885
5430.0000 0.8885
5435.0000 0.8886
5440.0000 0.8875
5445.0000 0.8863
5450.0000 0.8838
5455.0000 0.8804
5460.0000 0.8755
5465.0000 0.8694
5470.0000 0.8619
5475.0000 0.8523
5480.0000 0.8405
5485.0000 0.8273
5490.0000 0.8110
5495.0000 0.7922
5500.0000 0.7709
5505.0000 0.7467
5510.0000 0.7200
5515.0000 0.6904
5520.0000 0.6583
5525.0000 0.6243
5530.0000 0.5876
5535.0000 0.5499
5540.0000 0.5116
5545.0000 0.4733
5550.0000 0.4355
5555.0000 0.3980
5560.0000 0.3617
5565.0000 0.3279
5570.0000 0.2954
5575.0000 0.2655
5580.0000 0.2381
5585.0000 0.2126
5590.0000 0.1898
5595.0000 0.1690
5600.0000 0.1502
5605.0000 0.1340
5610.0000 0.1191
5615.0000 0.1060
5620.0000 0.0946
5625.0000 0.0838
5630.0000 0.0748
5635.0000 0.0667
5640.0000 0.0596
5645.0000 0.0533
5650.0000 0.0477
5655.0000 0.0426
5660.0000 0.0382
5665.0000 0.0342
5670.0000 0.0308
5675.0000 0.0277
5680.0000 0.0250
5685.0000 0.0225
5690.0000 0.0202
5695.0000 0.0182
5700.0000 0.0165
5705.0000 0.0149
5710.0000 0.0135
5715.0000 0.0121
5720.0000 0.0109
5725.0000 0.0099
5730.0000 0.0089
5735.0000 0.0081
5740.0000 0.0073
5745.0000 0.0066
5750.0000 0.0059
5755.0000 0.0054
5760.0000 0.0048
5765.0000 0.0044
5770.0000 0.0040
5775.0000 0.0036
5780.0000 0.0032
5785.0000 0.0029
5790.0000 0.0027
5795.0000 0.0024
5800.0000 0.0022
5805.0000 0.0020
5810.0000 0.0018
5815.0000 0.0016
5820.0000 0.0015
5825.0000 0.0014
5830.0000 0.0012
5835.0000 0.0011
5840.0000 0.0010
5845.0000 0.0009
