4750.0000 0.0000
4760.0000 0.0571
4770.0000 0.0777
4780.0000 0.0945
4790.0000 0.1073
4800.0000 0.1191
4810.0000 0.1771
4820.0000 0.2194
4830.0000 0.2529
4840.0000 0.2824
4850.0000 0.3090
4860.0000 0.3651
4870.0000 0.4123
4880.0000 0.4537
4890.0000 0.4920
4900.0000 0.5265
4910.0000 0.5649
4920.0000 0.6003
4930.0000 0.6337
4940.0000 0.6652
4950.0000 0.6947
4960.0000 0.7174
4970.0000 0.7400
4980.0000 0.7607
4990.0000 0.7813
5000.0000 0.8010
5010.0000 0.8138
5020.0000 0.8266
5030.0000 0.8384
5040.0000 0.8512
5050.0000 0.8630
5060.0000 0.8699
5070.0000 0.8768
5080.0000 0.8837
5090.0000 0.8906
5100.0000 0.8975
5110.0000 0.9014
5120.0000 0.9053
5130.0000 0.9093
5140.0000 0.9132
5150.0000 0.9171
5160.0000 0.9191
5170.0000 0.9221
5180.0000 0.9240
5190.0000 0.9260
5200.0000 0.9280
5210.0000 0.9290
5220.0000 0.9299
5230.0000 0.9309
5240.0000 0.9319
5250.0000 0.9319
5260.0000 0.9319
5270.0000 0.9319
5280.0000 0.9319
5290.0000 0.9319
5300.0000 0.9309
5310.0000 0.9309
5320.0000 0.9299
5330.0000 0.9290
5340.0000 0.9290
5350.0000 0.9280
5360.0000 0.9270
5370.0000 0.9250
5380.0000 0.9240
5390.0000 0.9231
5400.0000 0.9221
5410.0000 0.9201
5420.0000 0.9171
5430.0000 0.9152
5440.0000 0.9132
5450.0000 0.9112
5460.0000 0.9083
5470.0000 0.9053
5480.0000 0.9034
5490.0000 0.9004
5500.0000 0.8975
5510.0000 0.8935
5520.0000 0.8906
5530.0000 0.8866
5540.0000 0.8837
5550.0000 0.8798
5560.0000 0.8758
5570.0000 0.8719
5580.0000 0.8670
5590.0000 0.8630
5600.0000 0.8581
5610.0000 0.8532
5620.0000 0.8492
5630.0000 0.8443
5640.0000 0.8394
5650.0000 0.8345
5660.0000 0.8286
5670.0000 0.8227
5680.0000 0.8168
5690.0000 0.8119
5700.0000 0.8059
5710.0000 0.7991
5720.0000 0.7932
5730.0000 0.7873
5740.0000 0.7804
5750.0000 0.7745
5760.0000 0.7676
5770.0000 0.7597
5780.0000 0.7528
5790.0000 0.7459
5800.0000 0.7380
5810.0000 0.7302
5820.0000 0.7223
5830.0000 0.7144
5840.0000 0.7066
5850.0000 0.6987
5860.0000 0.6908
5870.0000 0.6820
5880.0000 0.6741
5890.0000 0.6652
5900.0000 0.6564
5910.0000 0.6475
5920.0000 0.6387
5930.0000 0.6298
5940.0000 0.6209
5950.0000 0.6111
5960.0000 0.6022
5970.0000 0.5934
5980.0000 0.5836
5990.0000 0.5747
6000.0000 0.5649
6010.0000 0.5560
6020.0000 0.5462
6030.0000 0.5363
6040.0000 0.5265
6050.0000 0.5176
6060.0000 0.5078
6070.0000 0.4979
6080.0000 0.4881
6090.0000 0.4783
6100.0000 0.4684
6110.0000 0.4586
6120.0000 0.4487
6130.0000 0.4389
6140.0000 0.4291
6150.0000 0.4192
6160.0000 0.4094
6170.0000 0.3995
6180.0000 0.3907
6190.0000 0.3808
6200.0000 0.3720
6210.0000 0.3621
6220.0000 0.3533
6230.0000 0.3434
6240.0000 0.3346
6250.0000 0.3257
6260.0000 0.3169
6270.0000 0.3080
6280.0000 0.2992
6290.0000 0.2913
6300.0000 0.2824
6310.0000 0.2736
6320.0000 0.2657
6330.0000 0.2578
6340.0000 0.2490
6350.0000 0.2411
6360.0000 0.2332
6370.0000 0.2263
6380.0000 0.2185
6390.0000 0.2106
6400.0000 0.2037
6410.0000 0.1968
6420.0000 0.1899
6430.0000 0.1830
6440.0000 0.1761
6450.0000 0.1693
6460.0000 0.1634
6470.0000 0.1575
6480.0000 0.1515
6490.0000 0.1456
6500.0000 0.1397
6510.0000 0.1338
6520.0000 0.1289
6530.0000 0.1240
6540.0000 0.1181
6550.0000 0.1132
6560.0000 0.1082
6570.0000 0.1043
6580.0000 0.0994
6590.0000 0.0955
6600.0000 0.0905
6610.0000 0.0866
6620.0000 0.0827
6630.0000 0.0797
6640.0000 0.0758
6650.0000 0.0718
6660.0000 0.0689
6670.0000 0.0659
6680.0000 0.0620
6690.0000 0.0590
6700.0000 0.0561
6710.0000 0.0531
6720.0000 0.0512
6730.0000 0.0482
6740.0000 0.0463
6750.0000 0.0433
6760.0000 0.0413
6770.0000 0.0394
6780.0000 0.0374
6790.0000 0.0354
6800.0000 0.0335
6810.0000 0.0315
6820.0000 0.0295
6830.0000 0.0285
6840.0000 0.0266
6850.0000 0.0246
6860.0000 0.0236
6870.0000 0.0226
6880.0000 0.0207
6890.0000 0.0197
6900.0000 0.0187
6910.0000 0.0177
6920.0000 0.0167
6930.0000 0.0157
6940.0000 0.0148
6950.0000 0.0138
6960.0000 0.0128
6970.0000 0.0118
6980.0000 0.0118
6990.0000 0.0108
7000.0000 0.0098
7010.0000 0.0089
7020.0000 0.0089
7030.0000 0.0079
7040.0000 0.0079
7050.0000 0.0069
7060.0000 0.0069
7070.0000 0.0059
7080.0000 0.0059
7090.0000 0.0049
7100.0000 0.0049
7110.0000 0.0049
7120.0000 0.0049
7130.0000 0.0039
7140.0000 0.0039
7150.0000 0.0039
7160.0000 0.0039
7170.0000 0.0039
7180.0000 0.0030
7190.0000 0.0030
7200.0000 0.0030
7210.0000 0.0030
7220.0000 0.0030
7230.0000 0.0020
7240.0000 0.0020
7250.0000 0.0020
7260.0000 0.0020
7270.0000 0.0020
7280.0000 0.0010
7290.0000 0.0010
7300.0000 0.0009
