9400.0000 0.0080
9410.0000 0.0130
9420.0000 0.0250
9430.0000 0.0400
9440.0000 0.0550
9450.0000 0.0760
9460.0000 0.0990
9470.0000 0.1390
9480.0000 0.1720
9490.0000 0.2200
9500.0000 0.2820
9510.0000 0.3360
9530.0000 0.4210
9550.0000 0.5050
9570.0000 0.5880
9580.0000 0.6590
9600.0000 0.7450
9620.0000 0.7970
9640.0000 0.8070
9650.0000 0.7980
9660.0000 0.7570
9670.0000 0.7120
9690.0000 0.6610
9700.0000 0.5950
9720.0000 0.5050
9740.0000 0.4190
9750.0000 0.3490
9780.0000 0.2170
9810.0000 0.1040
9830.0000 0.0310
9850.0000 0.0200
9860.0000 0.0150
9870.0000 0.0080
