5545.0000 0.0009
5550.0000 0.0013
5555.0000 0.0018
5560.0000 0.0025
5565.0000 0.0034
5570.0000 0.0046
5575.0000 0.0061
5580.0000 0.0080
5585.0000 0.0103
5590.0000 0.0133
5595.0000 0.0169
5600.0000 0.0212
5605.0000 0.0263
5610.0000 0.0322
5615.0000 0.0391
5620.0000 0.0470
5625.0000 0.0560
5630.0000 0.0662
5635.0000 0.0774
5640.0000 0.0896
5645.0000 0.1028
5650.0000 0.1173
5655.0000 0.1325
5660.0000 0.1491
5665.0000 0.1663
5670.0000 0.1838
5675.0000 0.2022
5680.0000 0.2209
5685.0000 0.2408
5690.0000 0.2612
5695.0000 0.2802
5700.0000 0.3001
5705.0000 0.3200
5710.0000 0.3400
5715.0000 0.3595
5720.0000 0.3791
5725.0000 0.3984
5730.0000 0.4172
5735.0000 0.4356
5740.0000 0.4533
5745.0000 0.4710
5750.0000 0.4881
5755.0000 0.5042
5760.0000 0.5202
5765.0000 0.5355
5770.0000 0.5499
5775.0000 0.5640
5780.0000 0.5774
5785.0000 0.5904
5790.0000 0.6024
5795.0000 0.6141
5800.0000 0.6252
5805.0000 0.6359
5810.0000 0.6460
5815.0000 0.6555
5820.0000 0.6647
5825.0000 0.6733
5830.0000 0.6812
5835.0000 0.6888
5840.0000 0.6960
5845.0000 0.7031
5850.0000 0.7095
5855.0000 0.7156
5860.0000 0.7215
5865.0000 0.7267
5870.0000 0.7317
5875.0000 0.7365
5880.0000 0.7409
5885.0000 0.7449
5890.0000 0.7490
5895.0000 0.7524
5900.0000 0.7560
5905.0000 0.7591
5910.0000 0.7618
5915.0000 0.7644
5920.0000 0.7667
5925.0000 0.7692
5930.0000 0.7711
5935.0000 0.7733
5940.0000 0.7750
5945.0000 0.7766
5950.0000 0.7781
5955.0000 0.7796
5960.0000 0.7804
5965.0000 0.7816
5970.0000 0.7825
5975.0000 0.7833
5980.0000 0.7842
5985.0000 0.7847
5990.0000 0.7849
5995.0000 0.7854
6000.0000 0.7856
6005.0000 0.7857
6010.0000 0.7857
6015.0000 0.7860
6020.0000 0.7858
6025.0000 0.7858
6030.0000 0.7853
6035.0000 0.7851
6040.0000 0.7849
6045.0000 0.7844
6050.0000 0.7838
6055.0000 0.7833
6060.0000 0.7827
6065.0000 0.7819
6070.0000 0.7813
6075.0000 0.7803
6080.0000 0.7797
6085.0000 0.7786
6090.0000 0.7777
6095.0000 0.7768
6100.0000 0.7756
6105.0000 0.7745
6110.0000 0.7733
6115.0000 0.7723
6120.0000 0.7710
6125.0000 0.7697
6130.0000 0.7686
6135.0000 0.7670
6140.0000 0.7658
6145.0000 0.7647
6150.0000 0.7629
6155.0000 0.7614
6160.0000 0.7600
6165.0000 0.7585
6170.0000 0.7567
6175.0000 0.7551
6180.0000 0.7535
6185.0000 0.7520
6190.0000 0.7503
6195.0000 0.7485
6200.0000 0.7466
6205.0000 0.7449
6210.0000 0.7431
6215.0000 0.7412
6220.0000 0.7396
6225.0000 0.7376
6230.0000 0.7357
6235.0000 0.7339
6240.0000 0.7317
6245.0000 0.7299
6250.0000 0.7279
6255.0000 0.7258
6260.0000 0.7240
6265.0000 0.7217
6270.0000 0.7200
6275.0000 0.7179
6280.0000 0.7158
6285.0000 0.7135
6290.0000 0.7116
6295.0000 0.7092
6300.0000 0.7070
6305.0000 0.7048
6310.0000 0.7026
6315.0000 0.7005
6320.0000 0.6983
6325.0000 0.6960
6330.0000 0.6938
6335.0000 0.6914
6340.0000 0.6894
6345.0000 0.6870
6350.0000 0.6847
6355.0000 0.6824
6360.0000 0.6799
6365.0000 0.6777
6370.0000 0.6755
6375.0000 0.6730
6380.0000 0.6708
6385.0000 0.6684
6390.0000 0.6661
6395.0000 0.6636
6400.0000 0.6612
6405.0000 0.6588
6410.0000 0.6563
6415.0000 0.6540
6420.0000 0.6517
6425.0000 0.6491
6430.0000 0.6467
6435.0000 0.6442
6440.0000 0.6417
6445.0000 0.6394
6450.0000 0.6368
6455.0000 0.6344
6460.0000 0.6317
6465.0000 0.6293
6470.0000 0.6269
6475.0000 0.6244
6480.0000 0.6219
6485.0000 0.6194
6490.0000 0.6169
6495.0000 0.6143
6500.0000 0.6117
6505.0000 0.6093
6510.0000 0.6068
6515.0000 0.6043
6520.0000 0.6018
6525.0000 0.5992
6530.0000 0.5968
6535.0000 0.5943
6540.0000 0.5917
6545.0000 0.5891
6550.0000 0.5865
6555.0000 0.5840
6560.0000 0.5814
6565.0000 0.5789
6570.0000 0.5765
6575.0000 0.5738
6580.0000 0.5712
6585.0000 0.5687
6590.0000 0.5661
6595.0000 0.5635
6600.0000 0.5612
6605.0000 0.5585
6610.0000 0.5561
6615.0000 0.5534
6620.0000 0.5507
6625.0000 0.5482
6630.0000 0.5457
6635.0000 0.5433
6640.0000 0.5406
6645.0000 0.5380
6650.0000 0.5353
6655.0000 0.5328
6660.0000 0.5301
6665.0000 0.5275
6670.0000 0.5249
6675.0000 0.5224
6680.0000 0.5197
6685.0000 0.5171
6690.0000 0.5144
6695.0000 0.5118
6700.0000 0.5093
6705.0000 0.5066
6710.0000 0.5039
6715.0000 0.5012
6720.0000 0.4984
6725.0000 0.4959
6730.0000 0.4931
6735.0000 0.4904
6740.0000 0.4877
6745.0000 0.4850
6750.0000 0.4824
6755.0000 0.4798
6760.0000 0.4770
6765.0000 0.4742
6770.0000 0.4715
6775.0000 0.4687
6780.0000 0.4660
6785.0000 0.4632
6790.0000 0.4604
6795.0000 0.4577
6800.0000 0.4549
6805.0000 0.4521
6810.0000 0.4493
6815.0000 0.4466
6820.0000 0.4437
6825.0000 0.4410
6830.0000 0.4381
6835.0000 0.4353
6840.0000 0.4325
6845.0000 0.4296
6850.0000 0.4270
6855.0000 0.4241
6860.0000 0.4212
6865.0000 0.4184
6870.0000 0.4157
6875.0000 0.4128
6880.0000 0.4101
6885.0000 0.4072
6890.0000 0.4045
6895.0000 0.4016
6900.0000 0.3990
6905.0000 0.3962
6910.0000 0.3934
6915.0000 0.3905
6920.0000 0.3879
6925.0000 0.3851
6930.0000 0.3825
6935.0000 0.3797
6940.0000 0.3768
6945.0000 0.3740
6950.0000 0.3713
6955.0000 0.3687
6960.0000 0.3660
6965.0000 0.3633
6970.0000 0.3606
6975.0000 0.3578
6980.0000 0.3551
6985.0000 0.3524
6990.0000 0.3498
6995.0000 0.3471
7000.0000 0.3444
7005.0000 0.3418
7010.0000 0.3392
7015.0000 0.3365
7020.0000 0.3340
7025.0000 0.3315
7030.0000 0.3288
7035.0000 0.3262
7040.0000 0.3236
7045.0000 0.3210
7050.0000 0.3187
7055.0000 0.3160
7060.0000 0.3134
7065.0000 0.3109
7070.0000 0.3084
7075.0000 0.3059
7080.0000 0.3033
7085.0000 0.3009
7090.0000 0.2985
7095.0000 0.2960
7100.0000 0.2935
7105.0000 0.2912
7110.0000 0.2888
7115.0000 0.2862
7120.0000 0.2839
7125.0000 0.2815
7130.0000 0.2790
7135.0000 0.2768
7140.0000 0.2743
7145.0000 0.2720
7150.0000 0.2697
7155.0000 0.2673
7160.0000 0.2650
7165.0000 0.2626
7170.0000 0.2604
7175.0000 0.2582
7180.0000 0.2559
7185.0000 0.2537
7190.0000 0.2514
7195.0000 0.2490
7200.0000 0.2470
7205.0000 0.2447
7210.0000 0.2425
7215.0000 0.2404
7220.0000 0.2382
7225.0000 0.2360
7230.0000 0.2339
7235.0000 0.2317
7240.0000 0.2297
7245.0000 0.2275
7250.0000 0.2255
7255.0000 0.2233
7260.0000 0.2212
7265.0000 0.2192
7270.0000 0.2171
7275.0000 0.2151
7280.0000 0.2132
7285.0000 0.2110
7290.0000 0.2090
7295.0000 0.2070
7300.0000 0.2051
7305.0000 0.2031
7310.0000 0.2011
7315.0000 0.1992
7320.0000 0.1972
7325.0000 0.1953
7330.0000 0.1934
7335.0000 0.1915
7340.0000 0.1896
7345.0000 0.1877
7350.0000 0.1858
7355.0000 0.1840
7360.0000 0.1821
7365.0000 0.1803
7370.0000 0.1785
7375.0000 0.1766
7380.0000 0.1748
7385.0000 0.1730
7390.0000 0.1711
7395.0000 0.1693
7400.0000 0.1677
7405.0000 0.1659
7410.0000 0.1641
7415.0000 0.1624
7420.0000 0.1607
7425.0000 0.1590
7430.0000 0.1573
7435.0000 0.1556
7440.0000 0.1539
7445.0000 0.1523
7450.0000 0.1506
7455.0000 0.1489
7460.0000 0.1474
7465.0000 0.1457
7470.0000 0.1441
7475.0000 0.1425
7480.0000 0.1409
7485.0000 0.1393
7490.0000 0.1378
7495.0000 0.1363
7500.0000 0.1347
7505.0000 0.1331
7510.0000 0.1317
7515.0000 0.1302
7520.0000 0.1286
7525.0000 0.1271
7530.0000 0.1257
7535.0000 0.1242
7540.0000 0.1228
7545.0000 0.1213
7550.0000 0.1199
7555.0000 0.1185
7560.0000 0.1171
7565.0000 0.1157
7570.0000 0.1143
7575.0000 0.1130
7580.0000 0.1116
7585.0000 0.1102
7590.0000 0.1089
7595.0000 0.1075
7600.0000 0.1062
7605.0000 0.1049
7610.0000 0.1037
7615.0000 0.1024
7620.0000 0.1011
7625.0000 0.0998
7630.0000 0.0986
7635.0000 0.0974
7640.0000 0.0961
7645.0000 0.0950
7650.0000 0.0938
7655.0000 0.0926
7660.0000 0.0914
7665.0000 0.0903
7670.0000 0.0891
7675.0000 0.0879
7680.0000 0.0868
7685.0000 0.0857
7690.0000 0.0845
7695.0000 0.0835
7700.0000 0.0823
7705.0000 0.0813
7710.0000 0.0802
7715.0000 0.0792
7720.0000 0.0781
7725.0000 0.0771
7730.0000 0.0761
7735.0000 0.0750
7740.0000 0.0740
7745.0000 0.0731
7750.0000 0.0721
7755.0000 0.0711
7760.0000 0.0701
7765.0000 0.0692
7770.0000 0.0683
7775.0000 0.0673
7780.0000 0.0664
7785.0000 0.0654
7790.0000 0.0645
7795.0000 0.0636
7800.0000 0.0628
7805.0000 0.0619
7810.0000 0.0611
7815.0000 0.0602
7820.0000 0.0594
7825.0000 0.0585
7830.0000 0.0577
7835.0000 0.0569
7840.0000 0.0561
7845.0000 0.0553
7850.0000 0.0545
7855.0000 0.0537
7860.0000 0.0530
7865.0000 0.0522
7870.0000 0.0514
7875.0000 0.0507
7880.0000 0.0500
7885.0000 0.0493
7890.0000 0.0486
7895.0000 0.0478
7900.0000 0.0472
7905.0000 0.0465
7910.0000 0.0458
7915.0000 0.0451
7920.0000 0.0444
7925.0000 0.0438
7930.0000 0.0432
7935.0000 0.0426
7940.0000 0.0419
7945.0000 0.0413
7950.0000 0.0406
7955.0000 0.0400
7960.0000 0.0394
7965.0000 0.0389
7970.0000 0.0383
7975.0000 0.0377
7980.0000 0.0371
7985.0000 0.0366
7990.0000 0.0360
7995.0000 0.0355
8000.0000 0.0349
8005.0000 0.0344
8010.0000 0.0339
8015.0000 0.0333
8020.0000 0.0328
8025.0000 0.0323
8030.0000 0.0318
8035.0000 0.0313
8040.0000 0.0309
8045.0000 0.0303
8050.0000 0.0299
8055.0000 0.0294
8060.0000 0.0290
8065.0000 0.0285
8070.0000 0.0281
8075.0000 0.0276
8080.0000 0.0272
8085.0000 0.0268
8090.0000 0.0263
8095.0000 0.0259
8100.0000 0.0255
8105.0000 0.0251
8110.0000 0.0247
8115.0000 0.0244
8120.0000 0.0239
8125.0000 0.0235
8130.0000 0.0232
8135.0000 0.0228
8140.0000 0.0224
8145.0000 0.0221
8150.0000 0.0217
8155.0000 0.0214
8160.0000 0.0210
8165.0000 0.0207
8170.0000 0.0203
8175.0000 0.0200
8180.0000 0.0197
8185.0000 0.0194
8190.0000 0.0190
8195.0000 0.0187
8200.0000 0.0184
8205.0000 0.0181
8210.0000 0.0178
8215.0000 0.0176
8220.0000 0.0172
8225.0000 0.0169
8230.0000 0.0167
8235.0000 0.0164
8240.0000 0.0161
8245.0000 0.0158
8250.0000 0.0156
8255.0000 0.0153
8260.0000 0.0151
8265.0000 0.0148
8270.0000 0.0146
8275.0000 0.0143
8280.0000 0.0141
8285.0000 0.0138
8290.0000 0.0136
8295.0000 0.0134
8300.0000 0.0131
8305.0000 0.0129
8310.0000 0.0127
8315.0000 0.0125
8320.0000 0.0123
8325.0000 0.0120
8330.0000 0.0118
8335.0000 0.0116
8340.0000 0.0114
8345.0000 0.0112
8350.0000 0.0111
8355.0000 0.0108
8360.0000 0.0107
8365.0000 0.0105
8370.0000 0.0103
8375.0000 0.0101
8380.0000 0.0100
8385.0000 0.0098
8390.0000 0.0096
8395.0000 0.0095
8400.0000 0.0093
8405.0000 0.0091
8410.0000 0.0089
8415.0000 0.0088
8420.0000 0.0086
8425.0000 0.0085
8430.0000 0.0083
8435.0000 0.0082
8440.0000 0.0080
8445.0000 0.0079
8450.0000 0.0077
8455.0000 0.0076
8460.0000 0.0075
8465.0000 0.0073
8470.0000 0.0072
8475.0000 0.0071
8480.0000 0.0070
8485.0000 0.0068
8490.0000 0.0067
8495.0000 0.0066
8500.0000 0.0065
8505.0000 0.0064
8510.0000 0.0063
8515.0000 0.0061
8520.0000 0.0060
8525.0000 0.0059
8530.0000 0.0058
8535.0000 0.0057
8540.0000 0.0056
8545.0000 0.0055
8550.0000 0.0054
8555.0000 0.0053
8560.0000 0.0052
8565.0000 0.0051
8570.0000 0.0050
8575.0000 0.0049
8580.0000 0.0048
8585.0000 0.0047
8590.0000 0.0046
8595.0000 0.0046
8600.0000 0.0044
8605.0000 0.0044
8610.0000 0.0043
8615.0000 0.0043
8620.0000 0.0041
8625.0000 0.0041
8630.0000 0.0040
8635.0000 0.0039
8640.0000 0.0038
8645.0000 0.0037
8650.0000 0.0037
8655.0000 0.0036
8660.0000 0.0036
8665.0000 0.0035
8670.0000 0.0035
8675.0000 0.0034
8680.0000 0.0034
8685.0000 0.0033
8690.0000 0.0033
8695.0000 0.0032
8700.0000 0.0031
8705.0000 0.0030
8710.0000 0.0030
8715.0000 0.0030
8720.0000 0.0031
8725.0000 0.0030
8730.0000 0.0026
8735.0000 0.0029
8740.0000 0.0028
8745.0000 0.0025
8750.0000 0.0027
8755.0000 0.0024
8760.0000 0.0025
8765.0000 0.0023
8770.0000 0.0026
8775.0000 0.0021
8780.0000 0.0025
8785.0000 0.0024
8790.0000 0.0023
8795.0000 0.0021
8800.0000 0.0020
8805.0000 0.0021
8810.0000 0.0020
8815.0000 0.0013
8820.0000 0.0020
8825.0000 0.0020
8830.0000 0.0019
8835.0000 0.0017
8840.0000 0.0020
8845.0000 0.0022
8850.0000 0.0015
8855.0000 0.0020
8860.0000 0.0022
8865.0000 0.0014
8870.0000 0.0009
8875.0000 0.0013
8880.0000 0.0015
8885.0000 0.0018
8890.0000 0.0013
8895.0000 0.0013
8900.0000 0.0014
8905.0000 0.0013
8910.0000 0.0020
8915.0000 0.0013
8920.0000 0.0012
8925.0000 0.0016
8930.0000 0.0013
8935.0000 0.0016
8940.0000 0.0018
8945.0000 0.0024
8950.0000 0.0015
8955.0000 0.0014
8960.0000 0.0023
8965.0000 0.0023
8970.0000 0.0023
8975.0000 0.0010
8980.0000 0.0012
8985.0000 0.0024
8990.0000 0.0012
8995.0000 0.0014
9000.0000 0.0013
9005.0000 0.0013
9010.0000 0.0013
9015.0000 0.0013
9020.0000 0.0012
9025.0000 0.0012
9030.0000 0.0012
9035.0000 0.0012
9040.0000 0.0012
9045.0000 0.0012
9050.0000 0.0012
9055.0000 0.0012
9060.0000 0.0011
9065.0000 0.0011
9070.0000 0.0011
9075.0000 0.0011
9080.0000 0.0011
9085.0000 0.0010
9090.0000 0.0011
9095.0000 0.0011
9100.0000 0.0010
9105.0000 0.0010
9110.0000 0.0010
9115.0000 0.0010
9120.0000 0.0010
9125.0000 0.0010
9130.0000 0.0010
9135.0000 0.0010
9140.0000 0.0009
