33430.00 0.0000
33440.00 0.0004
33450.00 0.0009
33460.00 0.0015
33470.00 0.0022
33480.00 0.0031
33490.00 0.0041
33500.00 0.0053
33510.00 0.0066
33520.00 0.0081
33530.00 0.0097
33540.00 0.0116
33550.00 0.0138
33560.00 0.0166
33570.00 0.0201
33580.00 0.0240
33590.00 0.0287
33600.00 0.0340
33610.00 0.0408
33620.00 0.0488
33630.00 0.0587
33640.00 0.0702
33650.00 0.0836
33660.00 0.0999
33670.00 0.1194
33680.00 0.1414
33690.00 0.1666
33700.00 0.1950
33710.00 0.2265
33720.00 0.2604
33730.00 0.2972
33740.00 0.3366
33750.00 0.3786
33760.00 0.4212
33770.00 0.4647
33780.00 0.5080
33790.00 0.5513
33800.00 0.5935
33810.00 0.6338
33820.00 0.6715
33830.00 0.7069
33840.00 0.7391
33850.00 0.7679
33860.00 0.7927
33870.00 0.8145
33880.00 0.8329
33890.00 0.8479
33900.00 0.8596
33910.00 0.8690
33920.00 0.8762
33930.00 0.8816
33940.00 0.8855
33950.00 0.8883
33960.00 0.8900
33970.00 0.8911
33980.00 0.8918
33990.00 0.8923
34000.00 0.8927
34010.00 0.8933
34020.00 0.8939
34030.00 0.8944
34040.00 0.8949
34050.00 0.8955
34060.00 0.8961
34070.00 0.8967
34080.00 0.8969
34090.00 0.8963
34100.00 0.8950
34110.00 0.8925
34120.00 0.8886
34130.00 0.8826
34140.00 0.8740
34150.00 0.8624
34160.00 0.8478
34170.00 0.8301
34180.00 0.8084
34190.00 0.7825
34200.00 0.7531
34210.00 0.7198
34220.00 0.6822
34230.00 0.6421
34240.00 0.5995
34250.00 0.5547
34260.00 0.5085
34270.00 0.4615
34280.00 0.4149
34290.00 0.3698
34300.00 0.3264
34310.00 0.2850
34320.00 0.2459
34330.00 0.2102
34340.00 0.1781
34350.00 0.1491
34360.00 0.1237
34370.00 0.1022
34380.00 0.0835
34390.00 0.0677
34400.00 0.0546
34410.00 0.0441
34420.00 0.0357
34430.00 0.0288
34440.00 0.0231
34450.00 0.0183
34460.00 0.0146
34470.00 0.0117
34480.00 0.0094
34490.00 0.0075
34500.00 0.0060
34510.00 0.0047
34520.00 0.0036
34530.00 0.0027
34540.00 0.0021
34550.00 0.0014
34560.00 0.0007
34570.00 0.0001
34580.00 0.0000
