37180.00 0.0000
37190.00 0.0001
37200.00 0.0003
37210.00 0.0006
37220.00 0.0008
37230.00 0.0011
37240.00 0.0014
37250.00 0.0018
37260.00 0.0023
37270.00 0.0028
37280.00 0.0033
37290.00 0.0039
37300.00 0.0045
37310.00 0.0052
37320.00 0.0059
37330.00 0.0064
37340.00 0.0070
37350.00 0.0076
37360.00 0.0083
37370.00 0.0091
37380.00 0.0098
37390.00 0.0106
37400.00 0.0112
37410.00 0.0117
37420.00 0.0123
37430.00 0.0129
37440.00 0.0136
37450.00 0.0143
37460.00 0.0148
37470.00 0.0153
37480.00 0.0158
37490.00 0.0163
37500.00 0.0168
37510.00 0.0172
37520.00 0.0177
37530.00 0.0182
37540.00 0.0187
37550.00 0.0193
37560.00 0.0200
37570.00 0.0207
37580.00 0.0213
37590.00 0.0219
37600.00 0.0224
37610.00 0.0231
37620.00 0.0239
37630.00 0.0248
37640.00 0.0257
37650.00 0.0270
37660.00 0.0282
37670.00 0.0297
37680.00 0.0314
37690.00 0.0331
37700.00 0.0348
37710.00 0.0366
37720.00 0.0383
37730.00 0.0404
37740.00 0.0427
37750.00 0.0452
37760.00 0.0477
37770.00 0.0502
37780.00 0.0529
37790.00 0.0554
37800.00 0.0582
37810.00 0.0609
37820.00 0.0634
37830.00 0.0664
37840.00 0.0694
37850.00 0.0730
37860.00 0.0765
37870.00 0.0800
37880.00 0.0835
37890.00 0.0870
37900.00 0.0908
37910.00 0.0945
37920.00 0.0983
37930.00 0.1024
37940.00 0.1066
37950.00 0.1104
37960.00 0.1147
37970.00 0.1189
37980.00 0.1247
37990.00 0.1305
38000.00 0.1358
38010.00 0.1419
38020.00 0.1479
38030.00 0.1550
38040.00 0.1620
38050.00 0.1686
38060.00 0.1764
38070.00 0.1842
38080.00 0.1930
38090.00 0.2019
38100.00 0.2107
38110.00 0.2210
38120.00 0.2314
38130.00 0.2397
38140.00 0.2493
38150.00 0.2589
38160.00 0.2713
38170.00 0.2837
38180.00 0.2948
38190.00 0.3079
38200.00 0.3210
38210.00 0.3342
38220.00 0.3473
38230.00 0.3589
38240.00 0.3733
38250.00 0.3877
38260.00 0.4029
38270.00 0.4181
38280.00 0.4332
38290.00 0.4494
38300.00 0.4656
38310.00 0.4782
38320.00 0.4931
38330.00 0.5080
38340.00 0.5230
38350.00 0.5379
38360.00 0.5515
38370.00 0.5687
38380.00 0.5859
38390.00 0.6008
38400.00 0.6157
38410.00 0.6278
38420.00 0.6420
38430.00 0.6561
38440.00 0.6680
38450.00 0.6819
38460.00 0.6958
38470.00 0.7079
38480.00 0.7201
38490.00 0.7302
38500.00 0.7407
38510.00 0.7511
38520.00 0.7600
38530.00 0.7688
38540.00 0.7771
38550.00 0.7859
38560.00 0.7947
38570.00 0.8018
38580.00 0.8089
38590.00 0.8159
38600.00 0.8210
38610.00 0.8260
38620.00 0.8305
38630.00 0.8350
38640.00 0.8396
38650.00 0.8437
38660.00 0.8479
38670.00 0.8501
38680.00 0.8523
38690.00 0.8544
38700.00 0.8558
38710.00 0.8573
38720.00 0.8586
38730.00 0.8597
38740.00 0.8608
38750.00 0.8617
38760.00 0.8626
38770.00 0.8633
38780.00 0.8641
38790.00 0.8648
38800.00 0.8655
38810.00 0.8661
38820.00 0.8667
38830.00 0.8672
38840.00 0.8677
38850.00 0.8681
38860.00 0.8685
38870.00 0.8688
38880.00 0.8691
38890.00 0.8693
38900.00 0.8696
38910.00 0.8698
38920.00 0.8701
38930.00 0.8703
38940.00 0.8705
38950.00 0.8708
38960.00 0.8710
38970.00 0.8713
38980.00 0.8715
38990.00 0.8718
39000.00 0.8720
39010.00 0.8723
39020.00 0.8728
39030.00 0.8733
39040.00 0.8738
39050.00 0.8743
39060.00 0.8749
39070.00 0.8755
39080.00 0.8763
39090.00 0.8769
39100.00 0.8774
39110.00 0.8779
39120.00 0.8784
39130.00 0.8789
39140.00 0.8797
39150.00 0.8805
39160.00 0.8812
39170.00 0.8818
39180.00 0.8823
39190.00 0.8828
39200.00 0.8833
39210.00 0.8837
39220.00 0.8842
39230.00 0.8847
39240.00 0.8852
39250.00 0.8857
39260.00 0.8862
39270.00 0.8867
39280.00 0.8872
39290.00 0.8875
39300.00 0.8877
39310.00 0.8880
39320.00 0.8882
39330.00 0.8885
39340.00 0.8888
39350.00 0.8890
39360.00 0.8892
39370.00 0.8894
39380.00 0.8894
39390.00 0.8894
39400.00 0.8892
39410.00 0.8890
39420.00 0.8888
39430.00 0.8885
39440.00 0.8882
39450.00 0.8880
39460.00 0.8878
39470.00 0.8875
39480.00 0.8872
39490.00 0.8870
39500.00 0.8866
39510.00 0.8861
39520.00 0.8857
39530.00 0.8851
39540.00 0.8847
39550.00 0.8842
39560.00 0.8837
39570.00 0.8831
39580.00 0.8825
39590.00 0.8817
39600.00 0.8810
39610.00 0.8802
39620.00 0.8794
39630.00 0.8785
39640.00 0.8775
39650.00 0.8766
39660.00 0.8758
39670.00 0.8750
39680.00 0.8742
39690.00 0.8732
39700.00 0.8723
39710.00 0.8715
39720.00 0.8708
39730.00 0.8701
39740.00 0.8696
39750.00 0.8689
39760.00 0.8681
39770.00 0.8674
39780.00 0.8668
39790.00 0.8662
39800.00 0.8657
39810.00 0.8652
39820.00 0.8648
39830.00 0.8644
39840.00 0.8641
39850.00 0.8639
39860.00 0.8638
39870.00 0.8638
39880.00 0.8638
39890.00 0.8638
39900.00 0.8643
39910.00 0.8648
39920.00 0.8653
39930.00 0.8659
39940.00 0.8666
39950.00 0.8673
39960.00 0.8681
39970.00 0.8688
39980.00 0.8697
39990.00 0.8706
40000.00 0.8716
40010.00 0.8726
40020.00 0.8735
40030.00 0.8746
40040.00 0.8758
40050.00 0.8768
40060.00 0.8778
40070.00 0.8788
40080.00 0.8800
40090.00 0.8811
40100.00 0.8821
40110.00 0.8832
40120.00 0.8844
40130.00 0.8856
40140.00 0.8865
40150.00 0.8873
40160.00 0.8880
40170.00 0.8885
40180.00 0.8887
40190.00 0.8889
40200.00 0.8889
40210.00 0.8888
40220.00 0.8886
40230.00 0.8881
40240.00 0.8875
40250.00 0.8868
40260.00 0.8854
40270.00 0.8838
40280.00 0.8810
40290.00 0.8783
40300.00 0.8755
40310.00 0.8717
40320.00 0.8677
40330.00 0.8639
40340.00 0.8593
40350.00 0.8546
40360.00 0.8493
40370.00 0.8440
40380.00 0.8387
40390.00 0.8301
40400.00 0.8215
40410.00 0.8121
40420.00 0.8028
40430.00 0.7944
40440.00 0.7833
40450.00 0.7722
40460.00 0.7600
40470.00 0.7479
40480.00 0.7357
40490.00 0.7216
40500.00 0.7074
40510.00 0.6909
40520.00 0.6745
40530.00 0.6580
40540.00 0.6436
40550.00 0.6291
40560.00 0.6140
40570.00 0.5988
40580.00 0.5836
40590.00 0.5684
40600.00 0.5532
40610.00 0.5373
40620.00 0.5213
40630.00 0.5054
40640.00 0.4909
40650.00 0.4765
40660.00 0.4621
40670.00 0.4476
40680.00 0.4332
40690.00 0.4188
40700.00 0.4044
40710.00 0.3920
40720.00 0.3760
40730.00 0.3600
40740.00 0.3464
40750.00 0.3327
40760.00 0.3218
40770.00 0.3089
40780.00 0.2960
40790.00 0.2831
40800.00 0.2702
40810.00 0.2601
40820.00 0.2495
40830.00 0.2388
40840.00 0.2290
40850.00 0.2191
40860.00 0.2092
40870.00 0.2022
40880.00 0.1951
40890.00 0.1880
40900.00 0.1810
40910.00 0.1739
40920.00 0.1684
40930.00 0.1630
40940.00 0.1582
40950.00 0.1534
40960.00 0.1487
40970.00 0.1439
40980.00 0.1391
40990.00 0.1348
41000.00 0.1298
41010.00 0.1247
41020.00 0.1199
41030.00 0.1152
41040.00 0.1109
41050.00 0.1061
41060.00 0.1013
41070.00 0.0967
41080.00 0.0920
41090.00 0.0880
41100.00 0.0840
41110.00 0.0799
41120.00 0.0764
41130.00 0.0729
41140.00 0.0694
41150.00 0.0666
41160.00 0.0639
41170.00 0.0616
41180.00 0.0594
41190.00 0.0571
41200.00 0.0554
41210.00 0.0536
41220.00 0.0521
41230.00 0.0507
41240.00 0.0492
41250.00 0.0477
41260.00 0.0462
41270.00 0.0447
41280.00 0.0432
41290.00 0.0417
41300.00 0.0403
41310.00 0.0389
41320.00 0.0376
41330.00 0.0362
41340.00 0.0349
41350.00 0.0337
41360.00 0.0324
41370.00 0.0312
41380.00 0.0300
41390.00 0.0287
41400.00 0.0275
41410.00 0.0264
41420.00 0.0254
41430.00 0.0244
41440.00 0.0234
41450.00 0.0224
41460.00 0.0214
41470.00 0.0204
41480.00 0.0196
41490.00 0.0188
41500.00 0.0181
41510.00 0.0174
41520.00 0.0166
41530.00 0.0159
41540.00 0.0154
41550.00 0.0149
41560.00 0.0143
41570.00 0.0138
41580.00 0.0134
41590.00 0.0129
41600.00 0.0124
41610.00 0.0119
41620.00 0.0114
41630.00 0.0109
41640.00 0.0104
41650.00 0.0099
41660.00 0.0095
41670.00 0.0092
41680.00 0.0089
41690.00 0.0086
41700.00 0.0084
41710.00 0.0081
41720.00 0.0079
41730.00 0.0077
41740.00 0.0074
41750.00 0.0072
41760.00 0.0070
41770.00 0.0067
41780.00 0.0065
41790.00 0.0062
41800.00 0.0060
41810.00 0.0057
41820.00 0.0053
41830.00 0.0048
41840.00 0.0043
41850.00 0.0038
41860.00 0.0033
41870.00 0.0028
41880.00 0.0023
41890.00 0.0019
41900.00 0.0016
41910.00 0.0013
41920.00 0.0010
41930.00 0.0008
41940.00 0.0006
41950.00 0.0003
41960.00 0.0001
41970.00 0.0000
