20895.00 0.0000
20900.00 0.0013
20905.00 0.0013
20910.00 0.0013
20915.00 0.0013
20920.00 0.0014
20925.00 0.0015
20930.00 0.0015
20935.00 0.0016
20940.00 0.0017
20945.00 0.0018
20950.00 0.0020
20955.00 0.0020
20960.00 0.0022
20965.00 0.0024
20970.00 0.0025
20975.00 0.0029
20980.00 0.0031
20985.00 0.0033
20990.00 0.0037
20995.00 0.0041
21000.00 0.0046
21005.00 0.0051
21010.00 0.0056
21015.00 0.0063
21020.00 0.0073
21025.00 0.0084
21030.00 0.0097
21035.00 0.0111
21040.00 0.0130
21045.00 0.0151
21050.00 0.0179
21055.00 0.0213
21060.00 0.0254
21065.00 0.0307
21070.00 0.0371
21075.00 0.0452
21080.00 0.0557
21085.00 0.0685
21090.00 0.0855
21095.00 0.1062
21100.00 0.1332
21105.00 0.1663
21110.00 0.2059
21115.00 0.2571
21120.00 0.3137
21125.00 0.3814
21130.00 0.4540
21135.00 0.5304
21140.00 0.6067
21145.00 0.6750
21150.00 0.7363
21155.00 0.7813
21160.00 0.8137
21165.00 0.8314
21170.00 0.8384
21175.00 0.8378
21180.00 0.8330
21185.00 0.8267
21190.00 0.8211
21195.00 0.8176
21200.00 0.8165
21205.00 0.8180
21210.00 0.8221
21215.00 0.8278
21220.00 0.8354
21225.00 0.8433
21230.00 0.8514
21235.00 0.8592
21240.00 0.8659
21245.00 0.8715
21250.00 0.8753
21255.00 0.8778
21260.00 0.8787
21265.00 0.8786
21270.00 0.8775
21275.00 0.8760
21280.00 0.8742
21285.00 0.8722
21290.00 0.8696
21295.00 0.8656
21300.00 0.8598
21305.00 0.8496
21310.00 0.8344
21315.00 0.8112
21320.00 0.7790
21325.00 0.7367
21330.00 0.6832
21335.00 0.6229
21340.00 0.5526
21345.00 0.4821
21350.00 0.4100
21355.00 0.3439
21360.00 0.2843
21365.00 0.2310
21370.00 0.1882
21375.00 0.1510
21380.00 0.1222
21385.00 0.0987
21390.00 0.0800
21395.00 0.0654
21400.00 0.0534
21405.00 0.0442
21410.00 0.0364
21415.00 0.0306
21420.00 0.0257
21425.00 0.0218
21430.00 0.0184
21435.00 0.0158
21440.00 0.0137
21445.00 0.0118
21450.00 0.0103
21455.00 0.0091
21460.00 0.0079
21465.00 0.0071
21470.00 0.0062
21475.00 0.0057
21480.00 0.0051
21485.00 0.0046
21490.00 0.0041
21495.00 0.0037
21500.00 0.0035
21505.00 0.0032
21510.00 0.0030
21515.00 0.0028
21520.00 0.0026
21525.00 0.0023
21530.00 0.0022
21535.00 0.0022
21540.00 0.0020
21545.00 0.0019
21550.00 0.0018
21555.00 0.0017
21560.00 0.0016
21565.00 0.0016
21570.00 0.0015
21575.00 0.0013
21580.00 0.0013
21585.00 0.0013
21590.00 0.0013
