99290.000 0.0031477000
99300.000 0.0031666000
99310.000 0.0031925000
99320.000 0.0032244000
99330.000 0.0032615000
99340.000 0.0033034000
99350.000 0.0033498000
99360.000 0.0034009000
99370.000 0.0034584000
99380.000 0.0035205000
99390.000 0.0035852000
99400.000 0.0036503000
99410.000 0.0037152000
99420.000 0.0037830000
99430.000 0.0038518000
99440.000 0.0039194000
99450.000 0.0039836000
99460.000 0.0040431000
99470.000 0.0041001000
99480.000 0.0041543000
99490.000 0.0042056000
99500.000 0.0042536000
99510.000 0.0042978000
99520.000 0.0043378000
99530.000 0.0043748000
99540.000 0.0044101000
99550.000 0.0044451000
99560.000 0.0044796000
99570.000 0.0045120000
99580.000 0.0045437000
99590.000 0.0045760000
99600.000 0.0046103000
99610.000 0.0046470000
99620.000 0.0046850000
99630.000 0.0047244000
99640.000 0.0047651000
99650.000 0.0048072000
99660.000 0.0048513000
99670.000 0.0048975000
99680.000 0.0049449000
99690.000 0.0049925000
99700.000 0.0050394000
99710.000 0.0050857000
99720.000 0.0051323000
99730.000 0.0051785000
99740.000 0.0052236000
99750.000 0.0052669000
99760.000 0.0053080000
99770.000 0.0053474000
99780.000 0.0053854000
99790.000 0.0054226000
99800.000 0.0054593000
99810.000 0.0054953000
99820.000 0.0055305000
99830.000 0.0055649000
99840.000 0.0055990000
99850.000 0.0056328000
99860.000 0.0056672000
99870.000 0.0057021000
99880.000 0.0057362000
99890.000 0.0057686000
99900.000 0.0057981000
99910.000 0.0058245000
99920.000 0.0058488000
99930.000 0.0058709000
99940.000 0.0058909000
99950.000 0.0059089000
99960.000 0.0059228000
99970.000 0.0059324000
99980.000 0.0059410000
99990.000 0.0059520000
100000.000 0.0059686000
100010.000 0.0059886000
100020.000 0.0060101000
100030.000 0.0060359000
100040.000 0.0060694000
100050.000 0.0061136000
100060.000 0.0061716000
100070.000 0.0062412000
100080.000 0.0063180000
100090.000 0.0063974000
100100.000 0.0064752000
100110.000 0.0065585000
100120.000 0.0066507000
100130.000 0.0067405000
100140.000 0.0068165000
100150.000 0.0068676000
100160.000 0.0068978000
100170.000 0.0069155000
100180.000 0.0069132000
100190.000 0.0068838000
100200.000 0.0068200000
100210.000 0.0067171000
100220.000 0.0065796000
100230.000 0.0064143000
100240.000 0.0062277000
100250.000 0.0060263000
100260.000 0.0058015000
100270.000 0.0055463000
100280.000 0.0052766000
100290.000 0.0050082000
100300.000 0.0047572000
100310.000 0.0045206000
100320.000 0.0042845000
100330.000 0.0040587000
100340.000 0.0038532000
100350.000 0.0036780000
100360.000 0.0035379000
100370.000 0.0034264000
100380.000 0.0033387000
100390.000 0.0032699000
100400.000 0.0032154000
100410.000 0.0031784000
100420.000 0.0031659000
100430.000 0.0031685000
100440.000 0.0031768000
100450.000 0.0031812000
100460.000 0.0031775000
100470.000 0.0031730000
100480.000 0.0031694000
100490.000 0.0031679000
100500.000 0.0031700000
100510.000 0.0031713000
100520.000 0.0031651000
100530.000 0.0031626000
100540.000 0.0031758000
100550.000 0.0032166000
100560.000 0.0032890000
100570.000 0.0033793000
100580.000 0.0034927000
100590.000 0.0036358000
100600.000 0.0038153000
100610.000 0.0040380000
100620.000 0.0043044000
100630.000 0.0046054000
100640.000 0.0049315000
100650.000 0.0052732000
100660.000 0.0056283000
100670.000 0.0060169000
100680.000 0.0064255000
100690.000 0.0068367000
100700.000 0.0072330000
100710.000 0.0076029000
100720.000 0.0079676000
100730.000 0.0083225000
100740.000 0.0086580000
100750.000 0.0089642000
100760.000 0.0092322000
100770.000 0.0094657000
100780.000 0.0096700000
100790.000 0.0098495000
100800.000 0.0100087000
100810.000 0.0101505000
100820.000 0.0102628000
100830.000 0.0103509000
100840.000 0.0104257000
100850.000 0.0104983000
100860.000 0.0105784000
100870.000 0.0106543000
100880.000 0.0107254000
100890.000 0.0107985000
100900.000 0.0108808000
100910.000 0.0109789000
100920.000 0.0110906000
100930.000 0.0112124000
100940.000 0.0113440000
100950.000 0.0114847000
100960.000 0.0116344000
100970.000 0.0117957000
100980.000 0.0119682000
100990.000 0.0121486000
101000.000 0.0123334000
101010.000 0.0125191000
101020.000 0.0127082000
101030.000 0.0129031000
101040.000 0.0131003000
101050.000 0.0132965000
101060.000 0.0134881000
101070.000 0.0136757000
101080.000 0.0138627000
101090.000 0.0140468000
101100.000 0.0142257000
101110.000 0.0143969000
101120.000 0.0145599000
101130.000 0.0147172000
101140.000 0.0148679000
101150.000 0.0150112000
101160.000 0.0151463000
101170.000 0.0152717000
101180.000 0.0153867000
101190.000 0.0154937000
101200.000 0.0155952000
101210.000 0.0156940000
101220.000 0.0157909000
101230.000 0.0158804000
101240.000 0.0159658000
101250.000 0.0160514000
101260.000 0.0161417000
101270.000 0.0162400000
101280.000 0.0163407000
101290.000 0.0164448000
101300.000 0.0165549000
101310.000 0.0166741000
101320.000 0.0168050000
101330.000 0.0169469000
101340.000 0.0170983000
101350.000 0.0172580000
101360.000 0.0174250000
101370.000 0.0175983000
101380.000 0.0177811000
101390.000 0.0179729000
101400.000 0.0181703000
101410.000 0.0183700000
101420.000 0.0185685000
101430.000 0.0187681000
101440.000 0.0189710000
101450.000 0.0191744000
101460.000 0.0193755000
101470.000 0.0195714000
101480.000 0.0197618000
101490.000 0.0199490000
101500.000 0.0201327000
101510.000 0.0203123000
101520.000 0.0204875000
101530.000 0.0206577000
101540.000 0.0208228000
101550.000 0.0209836000
101560.000 0.0211410000
101570.000 0.0212957000
101580.000 0.0214484000
101590.000 0.0215982000
101600.000 0.0217451000
101610.000 0.0218892000
101620.000 0.0220308000
101630.000 0.0221699000
101640.000 0.0223065000
101650.000 0.0224406000
101660.000 0.0225719000
101670.000 0.0227003000
101680.000 0.0228256000
101690.000 0.0229464000
101700.000 0.0230635000
101710.000 0.0231785000
101720.000 0.0232931000
101730.000 0.0234087000
101740.000 0.0235222000
101750.000 0.0236330000
101760.000 0.0237449000
101770.000 0.0238620000
101780.000 0.0239882000
101790.000 0.0241221000
101800.000 0.0242594000
101810.000 0.0244040000
101820.000 0.0245599000
101830.000 0.0247310000
101840.000 0.0249191000
101850.000 0.0251204000
101860.000 0.0253352000
101870.000 0.0255641000
101880.000 0.0258075000
101890.000 0.0260669000
101900.000 0.0263446000
101910.000 0.0266376000
101920.000 0.0269421000
101930.000 0.0272541000
101940.000 0.0275708000
101950.000 0.0278992000
101960.000 0.0282378000
101970.000 0.0285808000
101980.000 0.0289227000
101990.000 0.0292579000
102000.000 0.0295911000
102010.000 0.0299246000
102020.000 0.0302547000
102030.000 0.0305777000
102040.000 0.0308899000
102050.000 0.0311906000
102060.000 0.0314826000
102070.000 0.0317664000
102080.000 0.0320422000
102090.000 0.0323103000
102100.000 0.0325698000
102110.000 0.0328186000
102120.000 0.0330596000
102130.000 0.0332958000
102140.000 0.0335302000
102150.000 0.0337644000
102160.000 0.0339934000
102170.000 0.0342191000
102180.000 0.0344448000
102190.000 0.0346742000
102200.000 0.0349102000
102210.000 0.0351496000
102220.000 0.0353918000
102230.000 0.0356384000
102240.000 0.0358907000
102250.000 0.0361503000
102260.000 0.0364171000
102270.000 0.0366901000
102280.000 0.0369692000
102290.000 0.0372542000
102300.000 0.0375450000
102310.000 0.0378420000
102320.000 0.0381458000
102330.000 0.0384554000
102340.000 0.0387699000
102350.000 0.0390882000
102360.000 0.0394097000
102370.000 0.0397353000
102380.000 0.0400650000
102390.000 0.0403990000
102400.000 0.0407372000
102410.000 0.0410797000
102420.000 0.0414261000
102430.000 0.0417765000
102440.000 0.0421314000
102450.000 0.0424913000
102460.000 0.0428564000
102470.000 0.0432262000
102480.000 0.0436006000
102490.000 0.0439802000
102500.000 0.0443654000
102510.000 0.0447571000
102520.000 0.0451556000
102530.000 0.0455607000
102540.000 0.0459717000
102550.000 0.0463879000
102560.000 0.0468084000
102570.000 0.0472332000
102580.000 0.0476637000
102590.000 0.0480991000
102600.000 0.0485380000
102610.000 0.0489792000
102620.000 0.0494216000
102630.000 0.0498676000
102640.000 0.0503166000
102650.000 0.0507670000
102660.000 0.0512172000
102670.000 0.0516655000
102680.000 0.0521124000
102690.000 0.0525590000
102700.000 0.0530050000
102710.000 0.0534501000
102720.000 0.0538938000
102730.000 0.0543360000
102740.000 0.0547768000
102750.000 0.0552164000
102760.000 0.0556553000
102770.000 0.0560938000
102780.000 0.0565320000
102790.000 0.0569683000
102800.000 0.0574038000
102810.000 0.0578399000
102820.000 0.0582779000
102830.000 0.0587192000
102840.000 0.0591617000
102850.000 0.0596056000
102860.000 0.0600519000
102870.000 0.0605023000
102880.000 0.0609580000
102890.000 0.0614181000
102900.000 0.0618815000
102910.000 0.0623494000
102920.000 0.0628234000
102930.000 0.0633048000
102940.000 0.0637945000
102950.000 0.0642908000
102960.000 0.0647939000
102970.000 0.0653043000
102980.000 0.0658222000
102990.000 0.0663481000
103000.000 0.0668817000
103010.000 0.0674229000
103020.000 0.0679716000
103030.000 0.0685276000
103040.000 0.0690909000
103050.000 0.0696619000
103060.000 0.0702408000
103070.000 0.0708268000
103080.000 0.0714192000
103090.000 0.0720175000
103100.000 0.0726217000
103110.000 0.0732325000
103120.000 0.0738496000
103130.000 0.0744722000
103140.000 0.0750997000
103150.000 0.0757317000
103160.000 0.0763697000
103170.000 0.0770131000
103180.000 0.0776608000
103190.000 0.0783116000
103200.000 0.0789643000
103210.000 0.0796203000
103220.000 0.0802801000
103230.000 0.0809425000
103240.000 0.0816060000
103250.000 0.0822693000
103260.000 0.0829322000
103270.000 0.0835961000
103280.000 0.0842605000
103290.000 0.0849249000
103300.000 0.0855887000
103310.000 0.0862511000
103320.000 0.0869120000
103330.000 0.0875722000
103340.000 0.0882322000
103350.000 0.0888929000
103360.000 0.0895550000
103370.000 0.0902166000
103380.000 0.0908776000
103390.000 0.0915400000
103400.000 0.0922056000
103410.000 0.0928765000
103420.000 0.0935526000
103430.000 0.0942313000
103440.000 0.0949140000
103450.000 0.0956028000
103460.000 0.0962994000
103470.000 0.0970053000
103480.000 0.0977181000
103490.000 0.0984380000
103500.000 0.0991662000
103510.000 0.0999036000
103520.000 0.1006514000
103530.000 0.1014096000
103540.000 0.1021774000
103550.000 0.1029546000
103560.000 0.1037411000
103570.000 0.1045367000
103580.000 0.1053416000
103590.000 0.1061562000
103600.000 0.1069800000
103610.000 0.1078126000
103620.000 0.1086534000
103630.000 0.1095020000
103640.000 0.1103599000
103650.000 0.1112267000
103660.000 0.1121010000
103670.000 0.1129819000
103680.000 0.1138679000
103690.000 0.1147598000
103700.000 0.1156586000
103710.000 0.1165634000
103720.000 0.1174732000
103730.000 0.1183868000
103740.000 0.1193041000
103750.000 0.1202271000
103760.000 0.1211548000
103770.000 0.1220856000
103780.000 0.1230179000
103790.000 0.1239504000
103800.000 0.1248844000
103810.000 0.1258203000
103820.000 0.1267574000
103830.000 0.1276951000
103840.000 0.1286326000
103850.000 0.1295698000
103860.000 0.1305078000
103870.000 0.1314461000
103880.000 0.1323839000
103890.000 0.1333207000
103900.000 0.1342560000
103910.000 0.1351892000
103920.000 0.1361212000
103930.000 0.1370529000
103940.000 0.1379851000
103950.000 0.1389187000
103960.000 0.1398525000
103970.000 0.1407858000
103980.000 0.1417200000
103990.000 0.1426570000
104000.000 0.1435982000
104010.000 0.1445441000
104020.000 0.1454909000
104030.000 0.1464408000
104040.000 0.1473965000
104050.000 0.1483610000
104060.000 0.1493370000
104070.000 0.1503218000
104080.000 0.1513144000
104090.000 0.1523164000
104100.000 0.1533293000
104110.000 0.1543546000
104120.000 0.1553933000
104130.000 0.1564438000
104140.000 0.1575060000
104150.000 0.1585794000
104160.000 0.1596640000
104170.000 0.1607596000
104180.000 0.1618690000
104190.000 0.1629909000
104200.000 0.1641223000
104210.000 0.1652606000
104220.000 0.1664031000
104230.000 0.1675509000
104240.000 0.1687072000
104250.000 0.1698694000
104260.000 0.1710346000
104270.000 0.1722001000
104280.000 0.1733642000
104290.000 0.1745301000
104300.000 0.1756975000
104310.000 0.1768653000
104320.000 0.1780320000
104330.000 0.1791964000
104340.000 0.1803576000
104350.000 0.1815166000
104360.000 0.1826747000
104370.000 0.1838331000
104380.000 0.1849933000
104390.000 0.1861555000
104400.000 0.1873168000
104410.000 0.1884789000
104420.000 0.1896437000
104430.000 0.1908134000
104440.000 0.1919898000
104450.000 0.1931711000
104460.000 0.1943563000
104470.000 0.1955469000
104480.000 0.1967442000
104490.000 0.1979498000
104500.000 0.1991645000
104510.000 0.2003874000
104520.000 0.2016179000
104530.000 0.2028554000
104540.000 0.2040994000
104550.000 0.2053497000
104560.000 0.2066078000
104570.000 0.2078735000
104580.000 0.2091451000
104590.000 0.2104210000
104600.000 0.2116995000
104610.000 0.2129807000
104620.000 0.2142672000
104630.000 0.2155573000
104640.000 0.2168494000
104650.000 0.2181415000
104660.000 0.2194319000
104670.000 0.2207228000
104680.000 0.2220145000
104690.000 0.2233059000
104700.000 0.2245961000
104710.000 0.2258843000
104720.000 0.2271699000
104730.000 0.2284538000
104740.000 0.2297361000
104750.000 0.2310171000
104760.000 0.2322969000
104770.000 0.2335753000
104780.000 0.2348517000
104790.000 0.2361263000
104800.000 0.2374001000
104810.000 0.2386739000
104820.000 0.2399486000
104830.000 0.2412240000
104840.000 0.2424987000
104850.000 0.2437738000
104860.000 0.2450502000
104870.000 0.2463288000
104880.000 0.2476105000
104890.000 0.2488940000
104900.000 0.2501793000
104910.000 0.2514670000
104920.000 0.2527577000
104930.000 0.2540519000
104940.000 0.2553499000
104950.000 0.2566510000
104960.000 0.2579552000
104970.000 0.2592627000
104980.000 0.2605738000
104990.000 0.2618885000
105000.000 0.2632069000
105010.000 0.2645289000
105020.000 0.2658542000
105030.000 0.2671827000
105040.000 0.2685142000
105050.000 0.2698487000
105060.000 0.2711867000
105070.000 0.2725277000
105080.000 0.2738715000
105090.000 0.2752178000
105100.000 0.2765663000
105110.000 0.2779176000
105120.000 0.2792717000
105130.000 0.2806280000
105140.000 0.2819863000
105150.000 0.2833461000
105160.000 0.2847075000
105170.000 0.2860712000
105180.000 0.2874366000
105190.000 0.2888034000
105200.000 0.2901710000
105210.000 0.2915389000
105220.000 0.2929081000
105230.000 0.2942786000
105240.000 0.2956497000
105250.000 0.2970207000
105260.000 0.2983911000
105270.000 0.2997608000
105280.000 0.3011308000
105290.000 0.3025006000
105300.000 0.3038696000
105310.000 0.3052369000
105320.000 0.3066018000
105330.000 0.3079656000
105340.000 0.3093283000
105350.000 0.3106891000
105360.000 0.3120472000
105370.000 0.3134016000
105380.000 0.3147520000
105390.000 0.3160998000
105400.000 0.3174446000
105410.000 0.3187855000
105420.000 0.3201220000
105430.000 0.3214532000
105440.000 0.3227791000
105450.000 0.3241003000
105460.000 0.3254169000
105470.000 0.3267292000
105480.000 0.3280375000
105490.000 0.3293418000
105500.000 0.3306406000
105510.000 0.3319347000
105520.000 0.3332256000
105530.000 0.3345147000
105540.000 0.3358035000
105550.000 0.3370907000
105560.000 0.3383744000
105570.000 0.3396567000
105580.000 0.3409399000
105590.000 0.3422259000
105600.000 0.3435166000
105610.000 0.3448095000
105620.000 0.3461042000
105630.000 0.3474019000
105640.000 0.3487038000
105650.000 0.3500108000
105660.000 0.3513238000
105670.000 0.3526423000
105680.000 0.3539654000
105690.000 0.3552922000
105700.000 0.3566217000
105710.000 0.3579532000
105720.000 0.3592896000
105730.000 0.3606305000
105740.000 0.3619735000
105750.000 0.3633158000
105760.000 0.3646550000
105770.000 0.3659899000
105780.000 0.3673247000
105790.000 0.3686582000
105800.000 0.3699881000
105810.000 0.3713123000
105820.000 0.3726286000
105830.000 0.3739376000
105840.000 0.3752408000
105850.000 0.3765380000
105860.000 0.3778289000
105870.000 0.3791130000
105880.000 0.3803901000
105890.000 0.3816586000
105900.000 0.3829198000
105910.000 0.3841752000
105920.000 0.3854266000
105930.000 0.3866755000
105940.000 0.3879215000
105950.000 0.3891620000
105960.000 0.3903988000
105970.000 0.3916340000
105980.000 0.3928695000
105990.000 0.3941073000
106000.000 0.3953454000
106010.000 0.3965830000
106020.000 0.3978211000
106030.000 0.3990611000
106040.000 0.4003040000
106050.000 0.4015507000
106060.000 0.4028007000
106070.000 0.4040532000
106080.000 0.4053079000
106090.000 0.4065642000
106100.000 0.4078217000
106110.000 0.4090814000
106120.000 0.4103442000
106130.000 0.4116084000
106140.000 0.4128725000
106150.000 0.4141349000
106160.000 0.4153941000
106170.000 0.4166533000
106180.000 0.4179121000
106190.000 0.4191687000
106200.000 0.4204208000
106210.000 0.4216666000
106220.000 0.4229053000
106230.000 0.4241403000
106240.000 0.4253703000
106250.000 0.4265938000
106260.000 0.4278091000
106270.000 0.4290148000
106280.000 0.4302115000
106290.000 0.4314006000
106300.000 0.4325814000
106310.000 0.4337530000
106320.000 0.4349149000
106330.000 0.4360664000
106340.000 0.4372077000
106350.000 0.4383392000
106360.000 0.4394614000
106370.000 0.4405743000
106380.000 0.4416784000
106390.000 0.4427733000
106400.000 0.4438578000
106410.000 0.4449331000
106420.000 0.4460004000
106430.000 0.4470608000
106440.000 0.4481157000
106450.000 0.4491633000
106460.000 0.4502026000
106470.000 0.4512355000
106480.000 0.4522638000
106490.000 0.4532893000
106500.000 0.4543134000
106510.000 0.4553325000
106520.000 0.4563472000
106530.000 0.4573598000
106540.000 0.4583723000
106550.000 0.4593870000
106560.000 0.4604043000
106570.000 0.4614212000
106580.000 0.4624387000
106590.000 0.4634582000
106600.000 0.4644810000
106610.000 0.4655087000
106620.000 0.4665410000
106630.000 0.4675770000
106640.000 0.4686165000
106650.000 0.4696592000
106660.000 0.4707051000
106670.000 0.4717543000
106680.000 0.4728090000
106690.000 0.4738683000
106700.000 0.4749297000
106710.000 0.4759910000
106720.000 0.4770498000
106730.000 0.4781058000
106740.000 0.4791633000
106750.000 0.4802203000
106760.000 0.4812742000
106770.000 0.4823222000
106780.000 0.4833616000
106790.000 0.4843934000
106800.000 0.4854203000
106810.000 0.4864407000
106820.000 0.4874536000
106830.000 0.4884575000
106840.000 0.4894512000
106850.000 0.4904341000
106860.000 0.4914073000
106870.000 0.4923723000
106880.000 0.4933304000
106890.000 0.4942830000
106900.000 0.4952304000
106910.000 0.4961690000
106920.000 0.4971006000
106930.000 0.4980277000
106940.000 0.4989529000
106950.000 0.4998787000
106960.000 0.5008046000
106970.000 0.5017273000
106980.000 0.5026485000
106990.000 0.5035703000
107000.000 0.5044949000
107010.000 0.5054244000
107020.000 0.5063582000
107030.000 0.5072949000
107040.000 0.5082343000
107050.000 0.5091762000
107060.000 0.5101203000
107070.000 0.5110666000
107080.000 0.5120165000
107090.000 0.5129694000
107100.000 0.5139241000
107110.000 0.5148792000
107120.000 0.5158337000
107130.000 0.5167872000
107140.000 0.5177419000
107150.000 0.5186969000
107160.000 0.5196510000
107170.000 0.5206029000
107180.000 0.5215512000
107190.000 0.5224959000
107200.000 0.5234380000
107210.000 0.5243776000
107220.000 0.5253149000
107230.000 0.5262496000
107240.000 0.5271820000
107250.000 0.5281113000
107260.000 0.5290376000
107270.000 0.5299616000
107280.000 0.5308841000
107290.000 0.5318056000
107300.000 0.5327267000
107310.000 0.5336459000
107320.000 0.5345635000
107330.000 0.5354803000
107340.000 0.5363974000
107350.000 0.5373155000
107360.000 0.5382351000
107370.000 0.5391552000
107380.000 0.5400758000
107390.000 0.5409971000
107400.000 0.5419193000
107410.000 0.5428426000
107420.000 0.5437673000
107430.000 0.5446935000
107440.000 0.5456206000
107450.000 0.5465482000
107460.000 0.5474760000
107470.000 0.5484035000
107480.000 0.5493315000
107490.000 0.5502603000
107500.000 0.5511891000
107510.000 0.5521172000
107520.000 0.5530438000
107530.000 0.5539682000
107540.000 0.5548915000
107550.000 0.5558137000
107560.000 0.5567344000
107570.000 0.5576533000
107580.000 0.5585700000
107590.000 0.5594844000
107600.000 0.5603968000
107610.000 0.5613072000
107620.000 0.5622156000
107630.000 0.5631217000
107640.000 0.5640256000
107650.000 0.5649273000
107660.000 0.5658270000
107670.000 0.5667246000
107680.000 0.5676198000
107690.000 0.5685122000
107700.000 0.5694016000
107710.000 0.5702888000
107720.000 0.5711743000
107730.000 0.5720570000
107740.000 0.5729359000
107750.000 0.5738099000
107760.000 0.5746778000
107770.000 0.5755416000
107780.000 0.5764016000
107790.000 0.5772564000
107800.000 0.5781048000
107810.000 0.5789454000
107820.000 0.5797770000
107830.000 0.5806008000
107840.000 0.5814173000
107850.000 0.5822263000
107860.000 0.5830277000
107870.000 0.5838212000
107880.000 0.5846064000
107890.000 0.5853817000
107900.000 0.5861484000
107910.000 0.5869085000
107920.000 0.5876639000
107930.000 0.5884163000
107940.000 0.5891656000
107950.000 0.5899080000
107960.000 0.5906456000
107970.000 0.5913811000
107980.000 0.5921172000
107990.000 0.5928565000
108000.000 0.5935988000
108010.000 0.5943411000
108020.000 0.5950844000
108030.000 0.5958297000
108040.000 0.5965779000
108050.000 0.5973301000
108060.000 0.5980872000
108070.000 0.5988486000
108080.000 0.5996128000
108090.000 0.6003785000
108100.000 0.6011443000
108110.000 0.6019088000
108120.000 0.6026753000
108130.000 0.6034439000
108140.000 0.6042122000
108150.000 0.6049776000
108160.000 0.6057378000
108170.000 0.6064906000
108180.000 0.6072393000
108190.000 0.6079843000
108200.000 0.6087242000
108210.000 0.6094577000
108220.000 0.6101836000
108230.000 0.6109010000
108240.000 0.6116106000
108250.000 0.6123131000
108260.000 0.6130087000
108270.000 0.6136977000
108280.000 0.6143804000
108290.000 0.6150565000
108300.000 0.6157248000
108310.000 0.6163863000
108320.000 0.6170420000
108330.000 0.6176930000
108340.000 0.6183405000
108350.000 0.6189848000
108360.000 0.6196245000
108370.000 0.6202599000
108380.000 0.6208910000
108390.000 0.6215183000
108400.000 0.6221417000
108410.000 0.6227618000
108420.000 0.6233786000
108430.000 0.6239916000
108440.000 0.6246000000
108450.000 0.6252033000
108460.000 0.6258010000
108470.000 0.6263938000
108480.000 0.6269823000
108490.000 0.6275657000
108500.000 0.6281431000
108510.000 0.6287134000
108520.000 0.6292758000
108530.000 0.6298303000
108540.000 0.6303776000
108550.000 0.6309180000
108560.000 0.6314520000
108570.000 0.6319800000
108580.000 0.6325024000
108590.000 0.6330174000
108600.000 0.6335253000
108610.000 0.6340275000
108620.000 0.6345255000
108630.000 0.6350205000
108640.000 0.6355137000
108650.000 0.6360021000
108660.000 0.6364860000
108670.000 0.6369672000
108680.000 0.6374477000
108690.000 0.6379291000
108700.000 0.6384130000
108710.000 0.6388966000
108720.000 0.6393801000
108730.000 0.6398643000
108740.000 0.6403499000
108750.000 0.6408379000
108760.000 0.6413286000
108770.000 0.6418210000
108780.000 0.6423151000
108790.000 0.6428113000
108800.000 0.6433098000
108810.000 0.6438110000
108820.000 0.6443150000
108830.000 0.6448218000
108840.000 0.6453312000
108850.000 0.6458428000
108860.000 0.6463565000
108870.000 0.6468720000
108880.000 0.6473892000
108890.000 0.6479086000
108900.000 0.6484301000
108910.000 0.6489533000
108920.000 0.6494781000
108930.000 0.6500042000
108940.000 0.6505318000
108950.000 0.6510616000
108960.000 0.6515931000
108970.000 0.6521256000
108980.000 0.6526584000
108990.000 0.6531910000
109000.000 0.6537235000
109010.000 0.6542570000
109020.000 0.6547909000
109030.000 0.6553244000
109040.000 0.6558569000
109050.000 0.6563877000
109060.000 0.6569171000
109070.000 0.6574463000
109080.000 0.6579744000
109090.000 0.6585007000
109100.000 0.6590244000
109110.000 0.6595448000
109120.000 0.6600621000
109130.000 0.6605770000
109140.000 0.6610893000
109150.000 0.6615988000
109160.000 0.6621052000
109170.000 0.6626083000
109180.000 0.6631079000
109190.000 0.6636042000
109200.000 0.6640973000
109210.000 0.6645877000
109220.000 0.6650756000
109230.000 0.6655613000
109240.000 0.6660441000
109250.000 0.6665236000
109260.000 0.6670006000
109270.000 0.6674759000
109280.000 0.6679504000
109290.000 0.6684249000
109300.000 0.6688985000
109310.000 0.6693706000
109320.000 0.6698418000
109330.000 0.6703128000
109340.000 0.6707843000
109350.000 0.6712570000
109360.000 0.6717307000
109370.000 0.6722049000
109380.000 0.6726796000
109390.000 0.6731545000
109400.000 0.6736296000
109410.000 0.6741048000
109420.000 0.6745808000
109430.000 0.6750580000
109440.000 0.6755351000
109450.000 0.6760115000
109460.000 0.6764860000
109470.000 0.6769577000
109480.000 0.6774281000
109490.000 0.6778978000
109500.000 0.6783656000
109510.000 0.6788306000
109520.000 0.6792915000
109530.000 0.6797474000
109540.000 0.6801991000
109550.000 0.6806472000
109560.000 0.6810914000
109570.000 0.6815314000
109580.000 0.6819668000
109590.000 0.6823972000
109600.000 0.6828222000
109610.000 0.6832421000
109620.000 0.6836576000
109630.000 0.6840690000
109640.000 0.6844771000
109650.000 0.6848823000
109660.000 0.6852834000
109670.000 0.6856800000
109680.000 0.6860733000
109690.000 0.6864643000
109700.000 0.6868541000
109710.000 0.6872438000
109720.000 0.6876323000
109730.000 0.6880191000
109740.000 0.6884045000
109750.000 0.6887893000
109760.000 0.6891742000
109770.000 0.6895596000
109780.000 0.6899455000
109790.000 0.6903314000
109800.000 0.6907173000
109810.000 0.6911031000
109820.000 0.6914885000
109830.000 0.6918736000
109840.000 0.6922588000
109850.000 0.6926445000
109860.000 0.6930298000
109870.000 0.6934142000
109880.000 0.6937971000
109890.000 0.6941778000
109900.000 0.6945565000
109910.000 0.6949340000
109920.000 0.6953099000
109930.000 0.6956840000
109940.000 0.6960561000
109950.000 0.6964260000
109960.000 0.6967934000
109970.000 0.6971584000
109980.000 0.6975214000
109990.000 0.6978827000
110000.000 0.6982426000
110010.000 0.6986016000
110020.000 0.6989592000
110030.000 0.6993148000
110040.000 0.6996690000
110050.000 0.7000224000
110060.000 0.7003757000
110070.000 0.7007292000
110080.000 0.7010832000
110090.000 0.7014371000
110100.000 0.7017909000
110110.000 0.7021445000
110120.000 0.7024980000
110130.000 0.7028513000
110140.000 0.7032049000
110150.000 0.7035591000
110160.000 0.7039133000
110170.000 0.7042669000
110180.000 0.7046193000
110190.000 0.7049698000
110200.000 0.7053185000
110210.000 0.7056669000
110220.000 0.7060140000
110230.000 0.7063592000
110240.000 0.7067016000
110250.000 0.7070404000
110260.000 0.7073752000
110270.000 0.7077074000
110280.000 0.7080367000
110290.000 0.7083627000
110300.000 0.7086849000
110310.000 0.7090031000
110320.000 0.7093167000
110330.000 0.7096261000
110340.000 0.7099315000
110350.000 0.7102331000
110360.000 0.7105313000
110370.000 0.7108262000
110380.000 0.7111180000
110390.000 0.7114054000
110400.000 0.7116889000
110410.000 0.7119695000
110420.000 0.7122480000
110430.000 0.7125252000
110440.000 0.7128018000
110450.000 0.7130759000
110460.000 0.7133477000
110470.000 0.7136182000
110480.000 0.7138885000
110490.000 0.7141596000
110500.000 0.7144324000
110510.000 0.7147053000
110520.000 0.7149781000
110530.000 0.7152516000
110540.000 0.7155263000
110550.000 0.7158031000
110560.000 0.7160825000
110570.000 0.7163640000
110580.000 0.7166473000
110590.000 0.7169324000
110600.000 0.7172195000
110610.000 0.7175087000
110620.000 0.7178002000
110630.000 0.7180940000
110640.000 0.7183900000
110650.000 0.7186882000
110660.000 0.7189883000
110670.000 0.7192901000
110680.000 0.7195934000
110690.000 0.7198983000
110700.000 0.7202051000
110710.000 0.7205136000
110720.000 0.7208238000
110730.000 0.7211354000
110740.000 0.7214485000
110750.000 0.7217629000
110760.000 0.7220785000
110770.000 0.7223956000
110780.000 0.7227144000
110790.000 0.7230350000
110800.000 0.7233577000
110810.000 0.7236824000
110820.000 0.7240085000
110830.000 0.7243364000
110840.000 0.7246664000
110850.000 0.7249990000
110860.000 0.7253345000
110870.000 0.7256732000
110880.000 0.7260144000
110890.000 0.7263582000
110900.000 0.7267049000
110910.000 0.7270545000
110920.000 0.7274073000
110930.000 0.7277635000
110940.000 0.7281234000
110950.000 0.7284868000
110960.000 0.7288530000
110970.000 0.7292218000
110980.000 0.7295926000
110990.000 0.7299652000
111000.000 0.7303409000
111010.000 0.7307197000
111020.000 0.7311005000
111030.000 0.7314821000
111040.000 0.7318637000
111050.000 0.7322440000
111060.000 0.7326241000
111070.000 0.7330050000
111080.000 0.7333859000
111090.000 0.7337659000
111100.000 0.7341442000
111110.000 0.7345201000
111120.000 0.7348932000
111130.000 0.7352644000
111140.000 0.7356337000
111150.000 0.7360016000
111160.000 0.7363683000
111170.000 0.7367341000
111180.000 0.7370986000
111190.000 0.7374609000
111200.000 0.7378217000
111210.000 0.7381820000
111220.000 0.7385426000
111230.000 0.7389045000
111240.000 0.7392681000
111250.000 0.7396320000
111260.000 0.7399964000
111270.000 0.7403617000
111280.000 0.7407282000
111290.000 0.7410965000
111300.000 0.7414668000
111310.000 0.7418394000
111320.000 0.7422137000
111330.000 0.7425895000
111340.000 0.7429662000
111350.000 0.7433435000
111360.000 0.7437209000
111370.000 0.7440993000
111380.000 0.7444787000
111390.000 0.7448588000
111400.000 0.7452389000
111410.000 0.7456186000
111420.000 0.7459974000
111430.000 0.7463752000
111440.000 0.7467526000
111450.000 0.7471295000
111460.000 0.7475060000
111470.000 0.7478820000
111480.000 0.7482576000
111490.000 0.7486326000
111500.000 0.7490069000
111510.000 0.7493807000
111520.000 0.7497543000
111530.000 0.7501277000
111540.000 0.7505012000
111550.000 0.7508751000
111560.000 0.7512491000
111570.000 0.7516231000
111580.000 0.7519972000
111590.000 0.7523711000
111600.000 0.7527449000
111610.000 0.7531184000
111620.000 0.7534923000
111630.000 0.7538663000
111640.000 0.7542401000
111650.000 0.7546133000
111660.000 0.7549855000
111670.000 0.7553563000
111680.000 0.7557260000
111690.000 0.7560947000
111700.000 0.7564625000
111710.000 0.7568293000
111720.000 0.7571951000
111730.000 0.7575599000
111740.000 0.7579232000
111750.000 0.7582849000
111760.000 0.7586455000
111770.000 0.7590054000
111780.000 0.7593651000
111790.000 0.7597253000
111800.000 0.7600859000
111810.000 0.7604460000
111820.000 0.7608058000
111830.000 0.7611660000
111840.000 0.7615270000
111850.000 0.7618895000
111860.000 0.7622539000
111870.000 0.7626198000
111880.000 0.7629869000
111890.000 0.7633553000
111900.000 0.7637247000
111910.000 0.7640951000
111920.000 0.7644665000
111930.000 0.7648391000
111940.000 0.7652133000
111950.000 0.7655884000
111960.000 0.7659642000
111970.000 0.7663401000
111980.000 0.7667158000
111990.000 0.7670913000
112000.000 0.7674675000
112010.000 0.7678440000
112020.000 0.7682202000
112030.000 0.7685959000
112040.000 0.7689705000
112050.000 0.7693439000
112060.000 0.7697167000
112070.000 0.7700889000
112080.000 0.7704602000
112090.000 0.7708304000
112100.000 0.7711991000
112110.000 0.7715662000
112120.000 0.7719321000
112130.000 0.7722969000
112140.000 0.7726604000
112150.000 0.7730222000
112160.000 0.7733822000
112170.000 0.7737401000
112180.000 0.7740959000
112190.000 0.7744499000
112200.000 0.7748020000
112210.000 0.7751523000
112220.000 0.7755009000
112230.000 0.7758479000
112240.000 0.7761932000
112250.000 0.7765362000
112260.000 0.7768774000
112270.000 0.7772171000
112280.000 0.7775557000
112290.000 0.7778937000
112300.000 0.7782313000
112310.000 0.7785677000
112320.000 0.7789030000
112330.000 0.7792375000
112340.000 0.7795717000
112350.000 0.7799057000
112360.000 0.7802401000
112370.000 0.7805751000
112380.000 0.7809107000
112390.000 0.7812462000
112400.000 0.7815811000
112410.000 0.7819147000
112420.000 0.7822465000
112430.000 0.7825769000
112440.000 0.7829078000
112450.000 0.7832379000
112460.000 0.7835658000
112470.000 0.7838902000
112480.000 0.7842097000
112490.000 0.7845234000
112500.000 0.7848336000
112510.000 0.7851403000
112520.000 0.7854425000
112530.000 0.7857394000
112540.000 0.7860302000
112550.000 0.7863138000
112560.000 0.7865899000
112570.000 0.7868589000
112580.000 0.7871219000
112590.000 0.7873798000
112600.000 0.7876335000
112610.000 0.7878840000
112620.000 0.7881306000
112630.000 0.7883704000
112640.000 0.7886055000
112650.000 0.7888378000
112660.000 0.7890697000
112670.000 0.7893031000
112680.000 0.7895396000
112690.000 0.7897758000
112700.000 0.7900116000
112710.000 0.7902482000
112720.000 0.7904870000
112730.000 0.7907292000
112740.000 0.7909760000
112750.000 0.7912276000
112760.000 0.7914829000
112770.000 0.7917414000
112780.000 0.7920027000
112790.000 0.7922661000
112800.000 0.7925314000
112810.000 0.7927986000
112820.000 0.7930695000
112830.000 0.7933430000
112840.000 0.7936180000
112850.000 0.7938933000
112860.000 0.7941677000
112870.000 0.7944403000
112880.000 0.7947124000
112890.000 0.7949844000
112900.000 0.7952559000
112910.000 0.7955268000
112920.000 0.7957966000
112930.000 0.7960650000
112940.000 0.7963318000
112950.000 0.7965973000
112960.000 0.7968617000
112970.000 0.7971253000
112980.000 0.7973885000
112990.000 0.7976514000
113000.000 0.7979144000
113010.000 0.7981778000
113020.000 0.7984410000
113030.000 0.7987036000
113040.000 0.7989651000
113050.000 0.7992248000
113060.000 0.7994824000
113070.000 0.7997405000
113080.000 0.7999991000
113090.000 0.8002560000
113100.000 0.8005093000
113110.000 0.8007566000
113120.000 0.8009961000
113130.000 0.8012280000
113140.000 0.8014561000
113150.000 0.8016787000
113160.000 0.8018943000
113170.000 0.8021011000
113180.000 0.8022974000
113190.000 0.8024818000
113200.000 0.8026552000
113210.000 0.8028186000
113220.000 0.8029725000
113230.000 0.8031177000
113240.000 0.8032546000
113250.000 0.8033838000
113260.000 0.8035027000
113270.000 0.8036096000
113280.000 0.8037078000
113290.000 0.8038003000
113300.000 0.8038902000
113310.000 0.8039808000
113320.000 0.8040731000
113330.000 0.8041610000
113340.000 0.8042456000
113350.000 0.8043299000
113360.000 0.8044163000
113370.000 0.8045076000
113380.000 0.8046063000
113390.000 0.8047103000
113400.000 0.8048179000
113410.000 0.8049295000
113420.000 0.8050459000
113430.000 0.8051677000
113440.000 0.8052953000
113450.000 0.8054300000
113460.000 0.8055726000
113470.000 0.8057214000
113480.000 0.8058746000
113490.000 0.8060305000
113500.000 0.8061872000
113510.000 0.8063432000
113520.000 0.8065019000
113530.000 0.8066638000
113540.000 0.8068269000
113550.000 0.8069898000
113560.000 0.8071506000
113570.000 0.8073078000
113580.000 0.8074616000
113590.000 0.8076145000
113600.000 0.8077657000
113610.000 0.8079142000
113620.000 0.8080589000
113630.000 0.8081989000
113640.000 0.8083332000
113650.000 0.8084631000
113660.000 0.8085889000
113670.000 0.8087104000
113680.000 0.8088275000
113690.000 0.8089401000
113700.000 0.8090482000
113710.000 0.8091522000
113720.000 0.8092525000
113730.000 0.8093486000
113740.000 0.8094397000
113750.000 0.8095252000
113760.000 0.8096045000
113770.000 0.8096773000
113780.000 0.8097446000
113790.000 0.8098063000
113800.000 0.8098622000
113810.000 0.8099117000
113820.000 0.8099546000
113830.000 0.8099903000
113840.000 0.8100191000
113850.000 0.8100412000
113860.000 0.8100567000
113870.000 0.8100655000
113880.000 0.8100677000
113890.000 0.8100633000
113900.000 0.8100520000
113910.000 0.8100325000
113920.000 0.8100056000
113930.000 0.8099724000
113940.000 0.8099341000
113950.000 0.8098919000
113960.000 0.8098467000
113970.000 0.8097977000
113980.000 0.8097436000
113990.000 0.8096852000
114000.000 0.8096233000
114010.000 0.8095587000
114020.000 0.8094921000
114030.000 0.8094243000
114040.000 0.8093545000
114050.000 0.8092825000
114060.000 0.8092080000
114070.000 0.8091307000
114080.000 0.8090504000
114090.000 0.8089668000
114100.000 0.8088815000
114110.000 0.8087954000
114120.000 0.8087067000
114130.000 0.8086134000
114140.000 0.8085140000
114150.000 0.8084065000
114160.000 0.8082902000
114170.000 0.8081695000
114180.000 0.8080434000
114190.000 0.8079098000
114200.000 0.8077666000
114210.000 0.8076118000
114220.000 0.8074431000
114230.000 0.8072619000
114240.000 0.8070706000
114250.000 0.8068682000
114260.000 0.8066535000
114270.000 0.8064256000
114280.000 0.8061834000
114290.000 0.8059259000
114300.000 0.8056530000
114310.000 0.8053659000
114320.000 0.8050654000
114330.000 0.8047523000
114340.000 0.8044278000
114350.000 0.8040927000
114360.000 0.8037450000
114370.000 0.8033826000
114380.000 0.8030078000
114390.000 0.8026233000
114400.000 0.8022316000
114410.000 0.8018353000
114420.000 0.8014361000
114430.000 0.8010282000
114440.000 0.8006120000
114450.000 0.8001902000
114460.000 0.7997658000
114470.000 0.7993415000
114480.000 0.7989203000
114490.000 0.7985016000
114500.000 0.7980813000
114510.000 0.7976605000
114520.000 0.7972409000
114530.000 0.7968239000
114540.000 0.7964111000
114550.000 0.7960040000
114560.000 0.7956018000
114570.000 0.7952037000
114580.000 0.7948090000
114590.000 0.7944173000
114600.000 0.7940280000
114610.000 0.7936407000
114620.000 0.7932558000
114630.000 0.7928756000
114640.000 0.7924985000
114650.000 0.7921230000
114660.000 0.7917475000
114670.000 0.7913704000
114680.000 0.7909900000
114690.000 0.7906081000
114700.000 0.7902258000
114710.000 0.7898424000
114720.000 0.7894572000
114730.000 0.7890694000
114740.000 0.7886783000
114750.000 0.7882830000
114760.000 0.7878826000
114770.000 0.7874785000
114780.000 0.7870722000
114790.000 0.7866651000
114800.000 0.7862586000
114810.000 0.7858543000
114820.000 0.7854491000
114830.000 0.7850399000
114840.000 0.7846303000
114850.000 0.7842239000
114860.000 0.7838241000
114870.000 0.7834345000
114880.000 0.7830577000
114890.000 0.7826856000
114900.000 0.7823188000
114910.000 0.7819607000
114920.000 0.7816150000
114930.000 0.7812856000
114940.000 0.7809759000
114950.000 0.7806861000
114960.000 0.7804098000
114970.000 0.7801489000
114980.000 0.7799055000
114990.000 0.7796816000
115000.000 0.7794795000
115010.000 0.7793013000
115020.000 0.7791460000
115030.000 0.7790122000
115040.000 0.7788994000
115050.000 0.7788071000
115060.000 0.7787349000
115070.000 0.7786821000
115080.000 0.7786492000
115090.000 0.7786393000
115100.000 0.7786509000
115110.000 0.7786815000
115120.000 0.7787290000
115130.000 0.7787909000
115140.000 0.7788651000
115150.000 0.7789539000
115160.000 0.7790615000
115170.000 0.7791849000
115180.000 0.7793208000
115190.000 0.7794660000
115200.000 0.7796174000
115210.000 0.7797721000
115220.000 0.7799360000
115230.000 0.7801099000
115240.000 0.7802912000
115250.000 0.7804776000
115260.000 0.7806665000
115270.000 0.7808554000
115280.000 0.7810436000
115290.000 0.7812358000
115300.000 0.7814310000
115310.000 0.7816276000
115320.000 0.7818241000
115330.000 0.7820189000
115340.000 0.7822103000
115350.000 0.7823989000
115360.000 0.7825864000
115370.000 0.7827724000
115380.000 0.7829569000
115390.000 0.7831396000
115400.000 0.7833202000
115410.000 0.7834987000
115420.000 0.7836752000
115430.000 0.7838496000
115440.000 0.7840222000
115450.000 0.7841930000
115460.000 0.7843621000
115470.000 0.7845296000
115480.000 0.7846954000
115490.000 0.7848588000
115500.000 0.7850204000
115510.000 0.7851805000
115520.000 0.7853394000
115530.000 0.7854976000
115540.000 0.7856555000
115550.000 0.7858130000
115560.000 0.7859697000
115570.000 0.7861256000
115580.000 0.7862807000
115590.000 0.7864350000
115600.000 0.7865885000
115610.000 0.7867412000
115620.000 0.7868921000
115630.000 0.7870415000
115640.000 0.7871902000
115650.000 0.7873389000
115660.000 0.7874882000
115670.000 0.7876389000
115680.000 0.7877907000
115690.000 0.7879414000
115700.000 0.7880920000
115710.000 0.7882439000
115720.000 0.7883984000
115730.000 0.7885570000
115740.000 0.7887208000
115750.000 0.7888884000
115760.000 0.7890573000
115770.000 0.7892293000
115780.000 0.7894065000
115790.000 0.7895906000
115800.000 0.7897834000
115810.000 0.7899868000
115820.000 0.7901985000
115830.000 0.7904173000
115840.000 0.7906441000
115850.000 0.7908795000
115860.000 0.7911241000
115870.000 0.7913787000
115880.000 0.7916440000
115890.000 0.7919207000
115900.000 0.7922078000
115910.000 0.7925039000
115920.000 0.7928078000
115930.000 0.7931181000
115940.000 0.7934335000
115950.000 0.7937556000
115960.000 0.7940878000
115970.000 0.7944278000
115980.000 0.7947727000
115990.000 0.7951198000
116000.000 0.7954664000
116010.000 0.7958097000
116020.000 0.7961535000
116030.000 0.7965000000
116040.000 0.7968472000
116050.000 0.7971931000
116060.000 0.7975353000
116070.000 0.7978719000
116080.000 0.7982010000
116090.000 0.7985250000
116100.000 0.7988449000
116110.000 0.7991603000
116120.000 0.7994710000
116130.000 0.7997767000
116140.000 0.8000772000
116150.000 0.8003719000
116160.000 0.8006600000
116170.000 0.8009423000
116180.000 0.8012201000
116190.000 0.8014943000
116200.000 0.8017661000
116210.000 0.8020366000
116220.000 0.8023054000
116230.000 0.8025707000
116240.000 0.8028332000
116250.000 0.8030936000
116260.000 0.8033526000
116270.000 0.8036111000
116280.000 0.8038697000
116290.000 0.8041286000
116300.000 0.8043873000
116310.000 0.8046452000
116320.000 0.8049017000
116330.000 0.8051566000
116340.000 0.8054091000
116350.000 0.8056589000
116360.000 0.8059079000
116370.000 0.8061557000
116380.000 0.8064015000
116390.000 0.8066442000
116400.000 0.8068830000
116410.000 0.8071169000
116420.000 0.8073453000
116430.000 0.8075697000
116440.000 0.8077902000
116450.000 0.8080064000
116460.000 0.8082182000
116470.000 0.8084254000
116480.000 0.8086276000
116490.000 0.8088246000
116500.000 0.8090162000
116510.000 0.8092029000
116520.000 0.8093852000
116530.000 0.8095637000
116540.000 0.8097390000
116550.000 0.8099116000
116560.000 0.8100812000
116570.000 0.8102473000
116580.000 0.8104099000
116590.000 0.8105692000
116600.000 0.8107255000
116610.000 0.8108789000
116620.000 0.8110296000
116630.000 0.8111788000
116640.000 0.8113262000
116650.000 0.8114706000
116660.000 0.8116112000
116670.000 0.8117468000
116680.000 0.8118764000
116690.000 0.8119996000
116700.000 0.8121192000
116710.000 0.8122350000
116720.000 0.8123453000
116730.000 0.8124486000
116740.000 0.8125434000
116750.000 0.8126280000
116760.000 0.8127020000
116770.000 0.8127679000
116780.000 0.8128256000
116790.000 0.8128743000
116800.000 0.8129133000
116810.000 0.8129418000
116820.000 0.8129591000
116830.000 0.8129646000
116840.000 0.8129582000
116850.000 0.8129410000
116860.000 0.8129139000
116870.000 0.8128776000
116880.000 0.8128332000
116890.000 0.8127814000
116900.000 0.8127209000
116910.000 0.8126498000
116920.000 0.8125697000
116930.000 0.8124825000
116940.000 0.8123896000
116950.000 0.8122927000
116960.000 0.8121936000
116970.000 0.8120895000
116980.000 0.8119792000
116990.000 0.8118640000
117000.000 0.8117455000
117010.000 0.8116251000
117020.000 0.8115044000
117030.000 0.8113846000
117040.000 0.8112639000
117050.000 0.8111414000
117060.000 0.8110178000
117070.000 0.8108935000
117080.000 0.8107691000
117090.000 0.8106450000
117100.000 0.8105217000
117110.000 0.8103983000
117120.000 0.8102748000
117130.000 0.8101513000
117140.000 0.8100280000
117150.000 0.8099051000
117160.000 0.8097827000
117170.000 0.8096610000
117180.000 0.8095396000
117190.000 0.8094185000
117200.000 0.8092979000
117210.000 0.8091778000
117220.000 0.8090582000
117230.000 0.8089393000
117240.000 0.8088210000
117250.000 0.8087025000
117260.000 0.8085843000
117270.000 0.8084669000
117280.000 0.8083508000
117290.000 0.8082364000
117300.000 0.8081241000
117310.000 0.8080139000
117320.000 0.8079047000
117330.000 0.8077969000
117340.000 0.8076910000
117350.000 0.8075875000
117360.000 0.8074868000
117370.000 0.8073894000
117380.000 0.8072949000
117390.000 0.8072024000
117400.000 0.8071125000
117410.000 0.8070256000
117420.000 0.8069422000
117430.000 0.8068628000
117440.000 0.8067878000
117450.000 0.8067169000
117460.000 0.8066497000
117470.000 0.8065862000
117480.000 0.8065267000
117490.000 0.8064711000
117500.000 0.8064198000
117510.000 0.8063728000
117520.000 0.8063302000
117530.000 0.8062919000
117540.000 0.8062578000
117550.000 0.8062277000
117560.000 0.8062013000
117570.000 0.8061784000
117580.000 0.8061590000
117590.000 0.8061440000
117600.000 0.8061333000
117610.000 0.8061263000
117620.000 0.8061224000
117630.000 0.8061210000
117640.000 0.8061216000
117650.000 0.8061235000
117660.000 0.8061283000
117670.000 0.8061358000
117680.000 0.8061456000
117690.000 0.8061572000
117700.000 0.8061699000
117710.000 0.8061832000
117720.000 0.8061968000
117730.000 0.8062117000
117740.000 0.8062280000
117750.000 0.8062452000
117760.000 0.8062630000
117770.000 0.8062809000
117780.000 0.8062985000
117790.000 0.8063154000
117800.000 0.8063326000
117810.000 0.8063500000
117820.000 0.8063673000
117830.000 0.8063843000
117840.000 0.8064008000
117850.000 0.8064164000
117860.000 0.8064311000
117870.000 0.8064458000
117880.000 0.8064602000
117890.000 0.8064739000
117900.000 0.8064865000
117910.000 0.8064975000
117920.000 0.8065066000
117930.000 0.8065136000
117940.000 0.8065194000
117950.000 0.8065240000
117960.000 0.8065269000
117970.000 0.8065277000
117980.000 0.8065261000
117990.000 0.8065217000
118000.000 0.8065143000
118010.000 0.8065045000
118020.000 0.8064922000
118030.000 0.8064774000
118040.000 0.8064602000
118050.000 0.8064405000
118060.000 0.8064183000
118070.000 0.8063933000
118080.000 0.8063646000
118090.000 0.8063329000
118100.000 0.8062989000
118110.000 0.8062635000
118120.000 0.8062275000
118130.000 0.8061916000
118140.000 0.8061557000
118150.000 0.8061172000
118160.000 0.8060771000
118170.000 0.8060369000
118180.000 0.8059979000
118190.000 0.8059615000
118200.000 0.8059290000
118210.000 0.8059006000
118220.000 0.8058730000
118230.000 0.8058471000
118240.000 0.8058243000
118250.000 0.8058058000
118260.000 0.8057927000
118270.000 0.8057863000
118280.000 0.8057871000
118290.000 0.8057932000
118300.000 0.8058048000
118310.000 0.8058218000
118320.000 0.8058445000
118330.000 0.8058729000
118340.000 0.8059074000
118350.000 0.8059484000
118360.000 0.8059973000
118370.000 0.8060527000
118380.000 0.8061135000
118390.000 0.8061783000
118400.000 0.8062459000
118410.000 0.8063150000
118420.000 0.8063861000
118430.000 0.8064636000
118440.000 0.8065456000
118450.000 0.8066294000
118460.000 0.8067127000
118470.000 0.8067930000
118480.000 0.8068678000
118490.000 0.8069373000
118500.000 0.8070076000
118510.000 0.8070767000
118520.000 0.8071419000
118530.000 0.8072007000
118540.000 0.8072502000
118550.000 0.8072879000
118560.000 0.8073133000
118570.000 0.8073318000
118580.000 0.8073425000
118590.000 0.8073434000
118600.000 0.8073327000
118610.000 0.8073087000
118620.000 0.8072695000
118630.000 0.8072142000
118640.000 0.8071460000
118650.000 0.8070646000
118660.000 0.8069697000
118670.000 0.8068608000
118680.000 0.8067374000
118690.000 0.8065991000
118700.000 0.8064455000
118710.000 0.8062763000
118720.000 0.8060922000
118730.000 0.8058938000
118740.000 0.8056817000
118750.000 0.8054565000
118760.000 0.8052189000
118770.000 0.8049689000
118780.000 0.8047040000
118790.000 0.8044251000
118800.000 0.8041334000
118810.000 0.8038304000
118820.000 0.8035174000
118830.000 0.8031958000
118840.000 0.8028660000
118850.000 0.8025234000
118860.000 0.8021691000
118870.000 0.8018053000
118880.000 0.8014343000
118890.000 0.8010585000
118900.000 0.8006799000
118910.000 0.8003000000
118920.000 0.7999117000
118930.000 0.7995157000
118940.000 0.7991155000
118950.000 0.7987145000
118960.000 0.7983160000
118970.000 0.7979235000
118980.000 0.7975395000
118990.000 0.7971550000
119000.000 0.7967700000
119010.000 0.7963885000
119020.000 0.7960144000
119030.000 0.7956518000
119040.000 0.7953045000
119050.000 0.7949762000
119060.000 0.7946595000
119070.000 0.7943526000
119080.000 0.7940583000
119090.000 0.7937795000
119100.000 0.7935189000
119110.000 0.7932794000
119120.000 0.7930636000
119130.000 0.7928691000
119140.000 0.7926939000
119150.000 0.7925382000
119160.000 0.7924022000
119170.000 0.7922864000
119180.000 0.7921909000
119190.000 0.7921161000
119200.000 0.7920644000
119210.000 0.7920360000
119220.000 0.7920285000
119230.000 0.7920396000
119240.000 0.7920671000
119250.000 0.7921084000
119260.000 0.7921614000
119270.000 0.7922294000
119280.000 0.7923169000
119290.000 0.7924204000
119300.000 0.7925367000
119310.000 0.7926623000
119320.000 0.7927939000
119330.000 0.7929282000
119340.000 0.7930667000
119350.000 0.7932160000
119360.000 0.7933734000
119370.000 0.7935362000
119380.000 0.7937018000
119390.000 0.7938673000
119400.000 0.7940300000
119410.000 0.7941898000
119420.000 0.7943518000
119430.000 0.7945149000
119440.000 0.7946778000
119450.000 0.7948388000
119460.000 0.7949966000
119470.000 0.7951496000
119480.000 0.7952972000
119490.000 0.7954425000
119500.000 0.7955851000
119510.000 0.7957242000
119520.000 0.7958589000
119530.000 0.7959884000
119540.000 0.7961119000
119550.000 0.7962287000
119560.000 0.7963408000
119570.000 0.7964480000
119580.000 0.7965499000
119590.000 0.7966458000
119600.000 0.7967351000
119610.000 0.7968174000
119620.000 0.7968921000
119630.000 0.7969598000
119640.000 0.7970208000
119650.000 0.7970752000
119660.000 0.7971228000
119670.000 0.7971637000
119680.000 0.7971979000
119690.000 0.7972253000
119700.000 0.7972448000
119710.000 0.7972563000
119720.000 0.7972610000
119730.000 0.7972595000
119740.000 0.7972531000
119750.000 0.7972425000
119760.000 0.7972288000
119770.000 0.7972104000
119780.000 0.7971855000
119790.000 0.7971555000
119800.000 0.7971219000
119810.000 0.7970862000
119820.000 0.7970497000
119830.000 0.7970139000
119840.000 0.7969786000
119850.000 0.7969413000
119860.000 0.7969025000
119870.000 0.7968630000
119880.000 0.7968236000
119890.000 0.7967849000
119900.000 0.7967477000
119910.000 0.7967125000
119920.000 0.7966787000
119930.000 0.7966460000
119940.000 0.7966139000
119950.000 0.7965822000
119960.000 0.7965506000
119970.000 0.7965187000
119980.000 0.7964863000
119990.000 0.7964547000
120000.000 0.7964235000
120010.000 0.7963924000
120020.000 0.7963607000
120030.000 0.7963280000
120040.000 0.7962938000
120050.000 0.7962575000
120060.000 0.7962191000
120070.000 0.7961790000
120080.000 0.7961376000
120090.000 0.7960952000
120100.000 0.7960524000
120110.000 0.7960094000
120120.000 0.7959667000
120130.000 0.7959229000
120140.000 0.7958774000
120150.000 0.7958311000
120160.000 0.7957851000
120170.000 0.7957407000
120180.000 0.7956988000
120190.000 0.7956606000
120200.000 0.7956259000
120210.000 0.7955929000
120220.000 0.7955620000
120230.000 0.7955336000
120240.000 0.7955083000
120250.000 0.7954866000
120260.000 0.7954691000
120270.000 0.7954564000
120280.000 0.7954492000
120290.000 0.7954466000
120300.000 0.7954475000
120310.000 0.7954508000
120320.000 0.7954554000
120330.000 0.7954603000
120340.000 0.7954647000
120350.000 0.7954723000
120360.000 0.7954829000
120370.000 0.7954946000
120380.000 0.7955059000
120390.000 0.7955147000
120400.000 0.7955194000
120410.000 0.7955181000
120420.000 0.7955129000
120430.000 0.7955057000
120440.000 0.7954954000
120450.000 0.7954813000
120460.000 0.7954623000
120470.000 0.7954376000
120480.000 0.7954063000
120490.000 0.7953677000
120500.000 0.7953222000
120510.000 0.7952707000
120520.000 0.7952141000
120530.000 0.7951531000
120540.000 0.7950885000
120550.000 0.7950212000
120560.000 0.7949510000
120570.000 0.7948750000
120580.000 0.7947940000
120590.000 0.7947097000
120600.000 0.7946237000
120610.000 0.7945375000
120620.000 0.7944527000
120630.000 0.7943708000
120640.000 0.7942884000
120650.000 0.7942048000
120660.000 0.7941214000
120670.000 0.7940394000
120680.000 0.7939600000
120690.000 0.7938846000
120700.000 0.7938143000
120710.000 0.7937485000
120720.000 0.7936856000
120730.000 0.7936260000
120740.000 0.7935700000
120750.000 0.7935177000
120760.000 0.7934696000
120770.000 0.7934259000
120780.000 0.7933869000
120790.000 0.7933526000
120800.000 0.7933227000
120810.000 0.7932968000
120820.000 0.7932744000
120830.000 0.7932551000
120840.000 0.7932387000
120850.000 0.7932248000
120860.000 0.7932149000
120870.000 0.7932089000
120880.000 0.7932059000
120890.000 0.7932054000
120900.000 0.7932065000
120910.000 0.7932086000
120920.000 0.7932110000
120930.000 0.7932149000
120940.000 0.7932210000
120950.000 0.7932286000
120960.000 0.7932371000
120970.000 0.7932460000
120980.000 0.7932546000
120990.000 0.7932622000
121000.000 0.7932692000
121010.000 0.7932767000
121020.000 0.7932843000
121030.000 0.7932916000
121040.000 0.7932981000
121050.000 0.7933033000
121060.000 0.7933067000
121070.000 0.7933079000
121080.000 0.7933082000
121090.000 0.7933074000
121100.000 0.7933052000
121110.000 0.7933013000
121120.000 0.7932954000
121130.000 0.7932873000
121140.000 0.7932764000
121150.000 0.7932632000
121160.000 0.7932480000
121170.000 0.7932306000
121180.000 0.7932111000
121190.000 0.7931893000
121200.000 0.7931653000
121210.000 0.7931389000
121220.000 0.7931100000
121230.000 0.7930782000
121240.000 0.7930438000
121250.000 0.7930074000
121260.000 0.7929692000
121270.000 0.7929295000
121280.000 0.7928888000
121290.000 0.7928471000
121300.000 0.7928035000
121310.000 0.7927581000
121320.000 0.7927113000
121330.000 0.7926635000
121340.000 0.7926152000
121350.000 0.7925669000
121360.000 0.7925190000
121370.000 0.7924710000
121380.000 0.7924226000
121390.000 0.7923739000
121400.000 0.7923250000
121410.000 0.7922759000
121420.000 0.7922268000
121430.000 0.7921778000
121440.000 0.7921292000
121450.000 0.7920812000
121460.000 0.7920334000
121470.000 0.7919856000
121480.000 0.7919372000
121490.000 0.7918878000
121500.000 0.7918371000
121510.000 0.7917846000
121520.000 0.7917318000
121530.000 0.7916784000
121540.000 0.7916241000
121550.000 0.7915683000
121560.000 0.7915105000
121570.000 0.7914502000
121580.000 0.7913868000
121590.000 0.7913206000
121600.000 0.7912522000
121610.000 0.7911815000
121620.000 0.7911085000
121630.000 0.7910331000
121640.000 0.7909552000
121650.000 0.7908748000
121660.000 0.7907916000
121670.000 0.7907050000
121680.000 0.7906153000
121690.000 0.7905233000
121700.000 0.7904294000
121710.000 0.7903344000
121720.000 0.7902388000
121730.000 0.7901432000
121740.000 0.7900459000
121750.000 0.7899465000
121760.000 0.7898459000
121770.000 0.7897449000
121780.000 0.7896445000
121790.000 0.7895455000
121800.000 0.7894489000
121810.000 0.7893545000
121820.000 0.7892606000
121830.000 0.7891675000
121840.000 0.7890759000
121850.000 0.7889861000
121860.000 0.7888987000
121870.000 0.7888142000
121880.000 0.7887330000
121890.000 0.7886549000
121900.000 0.7885794000
121910.000 0.7885064000
121920.000 0.7884358000
121930.000 0.7883673000
121940.000 0.7883007000
121950.000 0.7882358000
121960.000 0.7881734000
121970.000 0.7881141000
121980.000 0.7880573000
121990.000 0.7880022000
122000.000 0.7879480000
122010.000 0.7878941000
122020.000 0.7878396000
122030.000 0.7877842000
122040.000 0.7877301000
122050.000 0.7876770000
122060.000 0.7876241000
122070.000 0.7875705000
122080.000 0.7875155000
122090.000 0.7874581000
122100.000 0.7873974000
122110.000 0.7873345000
122120.000 0.7872703000
122130.000 0.7872044000
122140.000 0.7871364000
122150.000 0.7870656000
122160.000 0.7869916000
122170.000 0.7869138000
122180.000 0.7868319000
122190.000 0.7867464000
122200.000 0.7866576000
122210.000 0.7865656000
122220.000 0.7864705000
122230.000 0.7863724000
122240.000 0.7862715000
122250.000 0.7861679000
122260.000 0.7860606000
122270.000 0.7859494000
122280.000 0.7858350000
122290.000 0.7857181000
122300.000 0.7855995000
122310.000 0.7854798000
122320.000 0.7853598000
122330.000 0.7852396000
122340.000 0.7851168000
122350.000 0.7849920000
122360.000 0.7848663000
122370.000 0.7847405000
122380.000 0.7846155000
122390.000 0.7844925000
122400.000 0.7843721000
122410.000 0.7842533000
122420.000 0.7841352000
122430.000 0.7840181000
122440.000 0.7839025000
122450.000 0.7837890000
122460.000 0.7836779000
122470.000 0.7835697000
122480.000 0.7834647000
122490.000 0.7833627000
122500.000 0.7832633000
122510.000 0.7831662000
122520.000 0.7830713000
122530.000 0.7829783000
122540.000 0.7828869000
122550.000 0.7827969000
122560.000 0.7827096000
122570.000 0.7826253000
122580.000 0.7825431000
122590.000 0.7824622000
122600.000 0.7823818000
122610.000 0.7823009000
122620.000 0.7822188000
122630.000 0.7821353000
122640.000 0.7820525000
122650.000 0.7819700000
122660.000 0.7818870000
122670.000 0.7818031000
122680.000 0.7817173000
122690.000 0.7816291000
122700.000 0.7815378000
122710.000 0.7814441000
122720.000 0.7813489000
122730.000 0.7812519000
122740.000 0.7811525000
122750.000 0.7810505000
122760.000 0.7809455000
122770.000 0.7808371000
122780.000 0.7807252000
122790.000 0.7806104000
122800.000 0.7804927000
122810.000 0.7803720000
122820.000 0.7802482000
122830.000 0.7801212000
122840.000 0.7799909000
122850.000 0.7798571000
122860.000 0.7797204000
122870.000 0.7795808000
122880.000 0.7794382000
122890.000 0.7792922000
122900.000 0.7791424000
122910.000 0.7789887000
122920.000 0.7788305000
122930.000 0.7786678000
122940.000 0.7785014000
122950.000 0.7783311000
122960.000 0.7781568000
122970.000 0.7779783000
122980.000 0.7777953000
122990.000 0.7776076000
123000.000 0.7774150000
123010.000 0.7772174000
123020.000 0.7770150000
123030.000 0.7768080000
123040.000 0.7765964000
123050.000 0.7763804000
123060.000 0.7761600000
123070.000 0.7759353000
123080.000 0.7757064000
123090.000 0.7754719000
123100.000 0.7752320000
123110.000 0.7749877000
123120.000 0.7747396000
123130.000 0.7744887000
123140.000 0.7742359000
123150.000 0.7739818000
123160.000 0.7737262000
123170.000 0.7734669000
123180.000 0.7732045000
123190.000 0.7729401000
123200.000 0.7726747000
123210.000 0.7724093000
123220.000 0.7721447000
123230.000 0.7718821000
123240.000 0.7716194000
123250.000 0.7713560000
123260.000 0.7710926000
123270.000 0.7708299000
123280.000 0.7705687000
123290.000 0.7703097000
123300.000 0.7700536000
123310.000 0.7698011000
123320.000 0.7695514000
123330.000 0.7693041000
123340.000 0.7690591000
123350.000 0.7688158000
123360.000 0.7685742000
123370.000 0.7683338000
123380.000 0.7680943000
123390.000 0.7678571000
123400.000 0.7676233000
123410.000 0.7673915000
123420.000 0.7671608000
123430.000 0.7669297000
123440.000 0.7666970000
123450.000 0.7664617000
123460.000 0.7662228000
123470.000 0.7659840000
123480.000 0.7657455000
123490.000 0.7655056000
123500.000 0.7652628000
123510.000 0.7650156000
123520.000 0.7647623000
123530.000 0.7645015000
123540.000 0.7642328000
123550.000 0.7639594000
123560.000 0.7636809000
123570.000 0.7633966000
123580.000 0.7631060000
123590.000 0.7628084000
123600.000 0.7625034000
123610.000 0.7621902000
123620.000 0.7618683000
123630.000 0.7615382000
123640.000 0.7612005000
123650.000 0.7608561000
123660.000 0.7605057000
123670.000 0.7601501000
123680.000 0.7597900000
123690.000 0.7594257000
123700.000 0.7590538000
123710.000 0.7586749000
123720.000 0.7582906000
123730.000 0.7579025000
123740.000 0.7575122000
123750.000 0.7571214000
123760.000 0.7567315000
123770.000 0.7563422000
123780.000 0.7559496000
123790.000 0.7555549000
123800.000 0.7551594000
123810.000 0.7547644000
123820.000 0.7543712000
123830.000 0.7539811000
123840.000 0.7535953000
123850.000 0.7532124000
123860.000 0.7528312000
123870.000 0.7524520000
123880.000 0.7520753000
123890.000 0.7517014000
123900.000 0.7513306000
123910.000 0.7509633000
123920.000 0.7506000000
123930.000 0.7502411000
123940.000 0.7498861000
123950.000 0.7495343000
123960.000 0.7491851000
123970.000 0.7488378000
123980.000 0.7484918000
123990.000 0.7481465000
124000.000 0.7478023000
124010.000 0.7474614000
124020.000 0.7471228000
124030.000 0.7467855000
124040.000 0.7464485000
124050.000 0.7461105000
124060.000 0.7457706000
124070.000 0.7454278000
124080.000 0.7450836000
124090.000 0.7447395000
124100.000 0.7443946000
124110.000 0.7440480000
124120.000 0.7436988000
124130.000 0.7433462000
124140.000 0.7429892000
124150.000 0.7426272000
124160.000 0.7422616000
124170.000 0.7418928000
124180.000 0.7415205000
124190.000 0.7411445000
124200.000 0.7407646000
124210.000 0.7403805000
124220.000 0.7399921000
124230.000 0.7395989000
124240.000 0.7392010000
124250.000 0.7387986000
124260.000 0.7383922000
124270.000 0.7379820000
124280.000 0.7375686000
124290.000 0.7371523000
124300.000 0.7367335000
124310.000 0.7363114000
124320.000 0.7358851000
124330.000 0.7354552000
124340.000 0.7350225000
124350.000 0.7345876000
124360.000 0.7341514000
124370.000 0.7337144000
124380.000 0.7332774000
124390.000 0.7328387000
124400.000 0.7323977000
124410.000 0.7319553000
124420.000 0.7315120000
124430.000 0.7310686000
124440.000 0.7306257000
124450.000 0.7301842000
124460.000 0.7297443000
124470.000 0.7293043000
124480.000 0.7288642000
124490.000 0.7284246000
124500.000 0.7279860000
124510.000 0.7275490000
124520.000 0.7271142000
124530.000 0.7266820000
124540.000 0.7262526000
124550.000 0.7258245000
124560.000 0.7253981000
124570.000 0.7249738000
124580.000 0.7245518000
124590.000 0.7241326000
124600.000 0.7237166000
124610.000 0.7233040000
124620.000 0.7228949000
124630.000 0.7224888000
124640.000 0.7220857000
124650.000 0.7216855000
124660.000 0.7212881000
124670.000 0.7208936000
124680.000 0.7205018000
124690.000 0.7201128000
124700.000 0.7197276000
124710.000 0.7193461000
124720.000 0.7189676000
124730.000 0.7185916000
124740.000 0.7182173000
124750.000 0.7178441000
124760.000 0.7174713000
124770.000 0.7170985000
124780.000 0.7167286000
124790.000 0.7163611000
124800.000 0.7159950000
124810.000 0.7156289000
124820.000 0.7152617000
124830.000 0.7148921000
124840.000 0.7145190000
124850.000 0.7141421000
124860.000 0.7137648000
124870.000 0.7133865000
124880.000 0.7130061000
124890.000 0.7126225000
124900.000 0.7122345000
124910.000 0.7118412000
124920.000 0.7114413000
124930.000 0.7110350000
124940.000 0.7106240000
124950.000 0.7102083000
124960.000 0.7097875000
124970.000 0.7093616000
124980.000 0.7089303000
124990.000 0.7084936000
125000.000 0.7080512000
125010.000 0.7076023000
125020.000 0.7071469000
125030.000 0.7066856000
125040.000 0.7062193000
125050.000 0.7057486000
125060.000 0.7052743000
125070.000 0.7047973000
125080.000 0.7043181000
125090.000 0.7038342000
125100.000 0.7033450000
125110.000 0.7028519000
125120.000 0.7023562000
125130.000 0.7018591000
125140.000 0.7013619000
125150.000 0.7008661000
125160.000 0.7003723000
125170.000 0.6998774000
125180.000 0.6993811000
125190.000 0.6988846000
125200.000 0.6983888000
125210.000 0.6978950000
125220.000 0.6974041000
125230.000 0.6969173000
125240.000 0.6964350000
125250.000 0.6959547000
125260.000 0.6954767000
125270.000 0.6950015000
125280.000 0.6945296000
125290.000 0.6940616000
125300.000 0.6935981000
125310.000 0.6931398000
125320.000 0.6926868000
125330.000 0.6922384000
125340.000 0.6917945000
125350.000 0.6913549000
125360.000 0.6909195000
125370.000 0.6904883000
125380.000 0.6900612000
125390.000 0.6896380000
125400.000 0.6892191000
125410.000 0.6888048000
125420.000 0.6883950000
125430.000 0.6879891000
125440.000 0.6875870000
125450.000 0.6871882000
125460.000 0.6867924000
125470.000 0.6863993000
125480.000 0.6860094000
125490.000 0.6856231000
125500.000 0.6852403000
125510.000 0.6848605000
125520.000 0.6844836000
125530.000 0.6841091000
125540.000 0.6837369000
125550.000 0.6833666000
125560.000 0.6829983000
125570.000 0.6826324000
125580.000 0.6822690000
125590.000 0.6819079000
125600.000 0.6815493000
125610.000 0.6811931000
125620.000 0.6808394000
125630.000 0.6804881000
125640.000 0.6801394000
125650.000 0.6797933000
125660.000 0.6794496000
125670.000 0.6791084000
125680.000 0.6787694000
125690.000 0.6784326000
125700.000 0.6780978000
125710.000 0.6777650000
125720.000 0.6774349000
125730.000 0.6771073000
125740.000 0.6767821000
125750.000 0.6764587000
125760.000 0.6761369000
125770.000 0.6758164000
125780.000 0.6754968000
125790.000 0.6751779000
125800.000 0.6748610000
125810.000 0.6745460000
125820.000 0.6742324000
125830.000 0.6739196000
125840.000 0.6736072000
125850.000 0.6732947000
125860.000 0.6729815000
125870.000 0.6726674000
125880.000 0.6723531000
125890.000 0.6720388000
125900.000 0.6717245000
125910.000 0.6714100000
125920.000 0.6710953000
125930.000 0.6707804000
125940.000 0.6704651000
125950.000 0.6701493000
125960.000 0.6698323000
125970.000 0.6695144000
125980.000 0.6691961000
125990.000 0.6688782000
126000.000 0.6685610000
126010.000 0.6682452000
126020.000 0.6679314000
126030.000 0.6676194000
126040.000 0.6673069000
126050.000 0.6669946000
126060.000 0.6666835000
126070.000 0.6663746000
126080.000 0.6660688000
126090.000 0.6657672000
126100.000 0.6654708000
126110.000 0.6651794000
126120.000 0.6648908000
126130.000 0.6646052000
126140.000 0.6643236000
126150.000 0.6640464000
126160.000 0.6637746000
126170.000 0.6635087000
126180.000 0.6632496000
126190.000 0.6629974000
126200.000 0.6627511000
126210.000 0.6625105000
126220.000 0.6622757000
126230.000 0.6620465000
126240.000 0.6618230000
126250.000 0.6616051000
126260.000 0.6613927000
126270.000 0.6611863000
126280.000 0.6609869000
126290.000 0.6607936000
126300.000 0.6606059000
126310.000 0.6604231000
126320.000 0.6602443000
126330.000 0.6600690000
126340.000 0.6598963000
126350.000 0.6597267000
126360.000 0.6595619000
126370.000 0.6594015000
126380.000 0.6592447000
126390.000 0.6590909000
126400.000 0.6589392000
126410.000 0.6587891000
126420.000 0.6586398000
126430.000 0.6584914000
126440.000 0.6583450000
126450.000 0.6582005000
126460.000 0.6580579000
126470.000 0.6579170000
126480.000 0.6577776000
126490.000 0.6576396000
126500.000 0.6575029000
126510.000 0.6573674000
126520.000 0.6572329000
126530.000 0.6570997000
126540.000 0.6569680000
126550.000 0.6568381000
126560.000 0.6567100000
126570.000 0.6565842000
126580.000 0.6564606000
126590.000 0.6563395000
126600.000 0.6562202000
126610.000 0.6561029000
126620.000 0.6559877000
126630.000 0.6558746000
126640.000 0.6557637000
126650.000 0.6556551000
126660.000 0.6555489000
126670.000 0.6554451000
126680.000 0.6553438000
126690.000 0.6552449000
126700.000 0.6551482000
126710.000 0.6550536000
126720.000 0.6549611000
126730.000 0.6548706000
126740.000 0.6547819000
126750.000 0.6546951000
126760.000 0.6546100000
126770.000 0.6545268000
126780.000 0.6544456000
126790.000 0.6543665000
126800.000 0.6542896000
126810.000 0.6542150000
126820.000 0.6541429000
126830.000 0.6540729000
126840.000 0.6540045000
126850.000 0.6539378000
126860.000 0.6538735000
126870.000 0.6538118000
126880.000 0.6537533000
126890.000 0.6536982000
126900.000 0.6536471000
126910.000 0.6536000000
126920.000 0.6535560000
126930.000 0.6535150000
126940.000 0.6534775000
126950.000 0.6534435000
126960.000 0.6534133000
126970.000 0.6533872000
126980.000 0.6533654000
126990.000 0.6533481000
127000.000 0.6533353000
127010.000 0.6533267000
127020.000 0.6533220000
127030.000 0.6533212000
127040.000 0.6533239000
127050.000 0.6533299000
127060.000 0.6533390000
127070.000 0.6533513000
127080.000 0.6533684000
127090.000 0.6533898000
127100.000 0.6534146000
127110.000 0.6534422000
127120.000 0.6534716000
127130.000 0.6535021000
127140.000 0.6535329000
127150.000 0.6535635000
127160.000 0.6535962000
127170.000 0.6536309000
127180.000 0.6536670000
127190.000 0.6537037000
127200.000 0.6537405000
127210.000 0.6537766000
127220.000 0.6538114000
127230.000 0.6538445000
127240.000 0.6538775000
127250.000 0.6539105000
127260.000 0.6539432000
127270.000 0.6539749000
127280.000 0.6540052000
127290.000 0.6540336000
127300.000 0.6540594000
127310.000 0.6540824000
127320.000 0.6541030000
127330.000 0.6541215000
127340.000 0.6541380000
127350.000 0.6541526000
127360.000 0.6541653000
127370.000 0.6541762000
127380.000 0.6541853000
127390.000 0.6541927000
127400.000 0.6541988000
127410.000 0.6542036000
127420.000 0.6542067000
127430.000 0.6542078000
127440.000 0.6542067000
127450.000 0.6542030000
127460.000 0.6541963000
127470.000 0.6541864000
127480.000 0.6541737000
127490.000 0.6541588000
127500.000 0.6541414000
127510.000 0.6541212000
127520.000 0.6540980000
127530.000 0.6540715000
127540.000 0.6540414000
127550.000 0.6540075000
127560.000 0.6539707000
127570.000 0.6539318000
127580.000 0.6538902000
127590.000 0.6538451000
127600.000 0.6537956000
127610.000 0.6537412000
127620.000 0.6536808000
127630.000 0.6536139000
127640.000 0.6535404000
127650.000 0.6534616000
127660.000 0.6533776000
127670.000 0.6532881000
127680.000 0.6531929000
127690.000 0.6530920000
127700.000 0.6529852000
127710.000 0.6528723000
127720.000 0.6527534000
127730.000 0.6526294000
127740.000 0.6525000000
127750.000 0.6523648000
127760.000 0.6522233000
127770.000 0.6520752000
127780.000 0.6519201000
127790.000 0.6517575000
127800.000 0.6515872000
127810.000 0.6514100000
127820.000 0.6512261000
127830.000 0.6510352000
127840.000 0.6508373000
127850.000 0.6506322000
127860.000 0.6504197000
127870.000 0.6501996000
127880.000 0.6499720000
127890.000 0.6497384000
127900.000 0.6494987000
127910.000 0.6492520000
127920.000 0.6489975000
127930.000 0.6487343000
127940.000 0.6484616000
127950.000 0.6481786000
127960.000 0.6478844000
127970.000 0.6475804000
127980.000 0.6472675000
127990.000 0.6469453000
128000.000 0.6466133000
128010.000 0.6462711000
128020.000 0.6459181000
128030.000 0.6455539000
128040.000 0.6451781000
128050.000 0.6447911000
128060.000 0.6443940000
128070.000 0.6439864000
128080.000 0.6435678000
128090.000 0.6431379000
128100.000 0.6426963000
128110.000 0.6422425000
128120.000 0.6417763000
128130.000 0.6412973000
128140.000 0.6408060000
128150.000 0.6403027000
128160.000 0.6397874000
128170.000 0.6392603000
128180.000 0.6387217000
128190.000 0.6381717000
128200.000 0.6376105000
128210.000 0.6370382000
128220.000 0.6364550000
128230.000 0.6358606000
128240.000 0.6352549000
128250.000 0.6346376000
128260.000 0.6340085000
128270.000 0.6333673000
128280.000 0.6327139000
128290.000 0.6320481000
128300.000 0.6313714000
128310.000 0.6306837000
128320.000 0.6299843000
128330.000 0.6292726000
128340.000 0.6285478000
128350.000 0.6278091000
128360.000 0.6270558000
128370.000 0.6262872000
128380.000 0.6255054000
128390.000 0.6247120000
128400.000 0.6239055000
128410.000 0.6230846000
128420.000 0.6222481000
128430.000 0.6213946000
128440.000 0.6205227000
128450.000 0.6196312000
128460.000 0.6187210000
128470.000 0.6177956000
128480.000 0.6168539000
128490.000 0.6158946000
128500.000 0.6149164000
128510.000 0.6139179000
128520.000 0.6128979000
128530.000 0.6118551000
128540.000 0.6107889000
128550.000 0.6097023000
128560.000 0.6085953000
128570.000 0.6074673000
128580.000 0.6063178000
128590.000 0.6051461000
128600.000 0.6039518000
128610.000 0.6027342000
128620.000 0.6014928000
128630.000 0.6002282000
128640.000 0.5989408000
128650.000 0.5976309000
128660.000 0.5962983000
128670.000 0.5949432000
128680.000 0.5935657000
128690.000 0.5921659000
128700.000 0.5907439000
128710.000 0.5892990000
128720.000 0.5878309000
128730.000 0.5863401000
128740.000 0.5848271000
128750.000 0.5832924000
128760.000 0.5817364000
128770.000 0.5801595000
128780.000 0.5785624000
128790.000 0.5769451000
128800.000 0.5753072000
128810.000 0.5736485000
128820.000 0.5719689000
128830.000 0.5702681000
128840.000 0.5685461000
128850.000 0.5668027000
128860.000 0.5650377000
128870.000 0.5632511000
128880.000 0.5614430000
128890.000 0.5596137000
128900.000 0.5577630000
128910.000 0.5558910000
128920.000 0.5539976000
128930.000 0.5520828000
128940.000 0.5501466000
128950.000 0.5481891000
128960.000 0.5462100000
128970.000 0.5442094000
128980.000 0.5421874000
128990.000 0.5401441000
129000.000 0.5380796000
129010.000 0.5359940000
129020.000 0.5338874000
129030.000 0.5317600000
129040.000 0.5296108000
129050.000 0.5274383000
129060.000 0.5252438000
129070.000 0.5230282000
129080.000 0.5207928000
129090.000 0.5185387000
129100.000 0.5162671000
129110.000 0.5139792000
129120.000 0.5116754000
129130.000 0.5093520000
129140.000 0.5070093000
129150.000 0.5046485000
129160.000 0.5022708000
129170.000 0.4998773000
129180.000 0.4974694000
129190.000 0.4950482000
129200.000 0.4926149000
129210.000 0.4901662000
129220.000 0.4877004000
129230.000 0.4852193000
129240.000 0.4827243000
129250.000 0.4802172000
129260.000 0.4776996000
129270.000 0.4751730000
129280.000 0.4726391000
129290.000 0.4700974000
129300.000 0.4675440000
129310.000 0.4649797000
129320.000 0.4624056000
129330.000 0.4598228000
129340.000 0.4572323000
129350.000 0.4546352000
129360.000 0.4520324000
129370.000 0.4494247000
129380.000 0.4468089000
129390.000 0.4441850000
129400.000 0.4415538000
129410.000 0.4389164000
129420.000 0.4362738000
129430.000 0.4336268000
129440.000 0.4309766000
129450.000 0.4283240000
129460.000 0.4256679000
129470.000 0.4230070000
129480.000 0.4203417000
129490.000 0.4176724000
129500.000 0.4149995000
129510.000 0.4123233000
129520.000 0.4096444000
129530.000 0.4069630000
129540.000 0.4042790000
129550.000 0.4015906000
129560.000 0.3988984000
129570.000 0.3962031000
129580.000 0.3935055000
129590.000 0.3908061000
129600.000 0.3881058000
129610.000 0.3854053000
129620.000 0.3827051000
129630.000 0.3800026000
129640.000 0.3772975000
129650.000 0.3745908000
129660.000 0.3718836000
129670.000 0.3691770000
129680.000 0.3664720000
129690.000 0.3637696000
129700.000 0.3610710000
129710.000 0.3583748000
129720.000 0.3556777000
129730.000 0.3529811000
129740.000 0.3502866000
129750.000 0.3475956000
129760.000 0.3449097000
129770.000 0.3422303000
129780.000 0.3395591000
129790.000 0.3368967000
129800.000 0.3342389000
129810.000 0.3315857000
129820.000 0.3289382000
129830.000 0.3262976000
129840.000 0.3236653000
129850.000 0.3210424000
129860.000 0.3184300000
129870.000 0.3158296000
129880.000 0.3132398000
129890.000 0.3106587000
129900.000 0.3080869000
129910.000 0.3055248000
129920.000 0.3029728000
129930.000 0.3004316000
129940.000 0.2979015000
129950.000 0.2953829000
129960.000 0.2928762000
129970.000 0.2903804000
129980.000 0.2878954000
129990.000 0.2854212000
130000.000 0.2829581000
130010.000 0.2805061000
130020.000 0.2780653000
130030.000 0.2756359000
130040.000 0.2732179000
130050.000 0.2708108000
130060.000 0.2684143000
130070.000 0.2660289000
130080.000 0.2636547000
130090.000 0.2612922000
130100.000 0.2589416000
130110.000 0.2566032000
130120.000 0.2542774000
130130.000 0.2519637000
130140.000 0.2496601000
130150.000 0.2473673000
130160.000 0.2450865000
130170.000 0.2428185000
130180.000 0.2405645000
130190.000 0.2383254000
130200.000 0.2361023000
130210.000 0.2338962000
130220.000 0.2317045000
130230.000 0.2295263000
130240.000 0.2273625000
130250.000 0.2252139000
130260.000 0.2230814000
130270.000 0.2209658000
130280.000 0.2188680000
130290.000 0.2167889000
130300.000 0.2147285000
130310.000 0.2126851000
130320.000 0.2106587000
130330.000 0.2086497000
130340.000 0.2066581000
130350.000 0.2046842000
130360.000 0.2027282000
130370.000 0.2007905000
130380.000 0.1988710000
130390.000 0.1969709000
130400.000 0.1950898000
130410.000 0.1932271000
130420.000 0.1913820000
130430.000 0.1895539000
130440.000 0.1877418000
130450.000 0.1859452000
130460.000 0.1841633000
130470.000 0.1823964000
130480.000 0.1806470000
130490.000 0.1789144000
130500.000 0.1771976000
130510.000 0.1754959000
130520.000 0.1738083000
130530.000 0.1721339000
130540.000 0.1704718000
130550.000 0.1688212000
130560.000 0.1671839000
130570.000 0.1655606000
130580.000 0.1639510000
130590.000 0.1623543000
130600.000 0.1607700000
130610.000 0.1591976000
130620.000 0.1576365000
130630.000 0.1560862000
130640.000 0.1545463000
130650.000 0.1530179000
130660.000 0.1515009000
130670.000 0.1499955000
130680.000 0.1485017000
130690.000 0.1470195000
130700.000 0.1455488000
130710.000 0.1440898000
130720.000 0.1426423000
130730.000 0.1412060000
130740.000 0.1397805000
130750.000 0.1383663000
130760.000 0.1369638000
130770.000 0.1355733000
130780.000 0.1341953000
130790.000 0.1328300000
130800.000 0.1314780000
130810.000 0.1301393000
130820.000 0.1288129000
130830.000 0.1274988000
130840.000 0.1261973000
130850.000 0.1249085000
130860.000 0.1236328000
130870.000 0.1223702000
130880.000 0.1211211000
130890.000 0.1198857000
130900.000 0.1186638000
130910.000 0.1174551000
130920.000 0.1162597000
130930.000 0.1150775000
130940.000 0.1139085000
130950.000 0.1127526000
130960.000 0.1116099000
130970.000 0.1104802000
130980.000 0.1093638000
130990.000 0.1082616000
131000.000 0.1071735000
131010.000 0.1060986000
131020.000 0.1050366000
131030.000 0.1039866000
131040.000 0.1029482000
131050.000 0.1019208000
131060.000 0.1009036000
131070.000 0.0998973000
131080.000 0.0989032000
131090.000 0.0979211000
131100.000 0.0969502000
131110.000 0.0959902000
131120.000 0.0950405000
131130.000 0.0941005000
131140.000 0.0931698000
131150.000 0.0922479000
131160.000 0.0913365000
131170.000 0.0904360000
131180.000 0.0895457000
131190.000 0.0886650000
131200.000 0.0877931000
131210.000 0.0869295000
131220.000 0.0860736000
131230.000 0.0852246000
131240.000 0.0843823000
131250.000 0.0835478000
131260.000 0.0827212000
131270.000 0.0819025000
131280.000 0.0810918000
131290.000 0.0802890000
131300.000 0.0794943000
131310.000 0.0787076000
131320.000 0.0779291000
131330.000 0.0771588000
131340.000 0.0763968000
131350.000 0.0756431000
131360.000 0.0748973000
131370.000 0.0741592000
131380.000 0.0734289000
131390.000 0.0727059000
131400.000 0.0719902000
131410.000 0.0712817000
131420.000 0.0705803000
131430.000 0.0698862000
131440.000 0.0691996000
131450.000 0.0685205000
131460.000 0.0678490000
131470.000 0.0671852000
131480.000 0.0665293000
131490.000 0.0658814000
131500.000 0.0652419000
131510.000 0.0646114000
131520.000 0.0639893000
131530.000 0.0633750000
131540.000 0.0627680000
131550.000 0.0621677000
131560.000 0.0615734000
131570.000 0.0609846000
131580.000 0.0604008000
131590.000 0.0598227000
131600.000 0.0592510000
131610.000 0.0586856000
131620.000 0.0581261000
131630.000 0.0575725000
131640.000 0.0570244000
131650.000 0.0564817000
131660.000 0.0559441000
131670.000 0.0554117000
131680.000 0.0548856000
131690.000 0.0543657000
131700.000 0.0538515000
131710.000 0.0533424000
131720.000 0.0528379000
131730.000 0.0523374000
131740.000 0.0518406000
131750.000 0.0513468000
131760.000 0.0508558000
131770.000 0.0503685000
131780.000 0.0498848000
131790.000 0.0494051000
131800.000 0.0489293000
131810.000 0.0484578000
131820.000 0.0479906000
131830.000 0.0475278000
131840.000 0.0470697000
131850.000 0.0466164000
131860.000 0.0461678000
131870.000 0.0457236000
131880.000 0.0452838000
131890.000 0.0448480000
131900.000 0.0444161000
131910.000 0.0439878000
131920.000 0.0435629000
131930.000 0.0431413000
131940.000 0.0427230000
131950.000 0.0423082000
131960.000 0.0418971000
131970.000 0.0414896000
131980.000 0.0410861000
131990.000 0.0406864000
132000.000 0.0402909000
132010.000 0.0398995000
132020.000 0.0395125000
132030.000 0.0391302000
132040.000 0.0387521000
132050.000 0.0383782000
132060.000 0.0380080000
132070.000 0.0376412000
132080.000 0.0372777000
132090.000 0.0369170000
132100.000 0.0365589000
132110.000 0.0362036000
132120.000 0.0358513000
132130.000 0.0355021000
132140.000 0.0351560000
132150.000 0.0348131000
132160.000 0.0344733000
132170.000 0.0341368000
132180.000 0.0338035000
132190.000 0.0334734000
132200.000 0.0331472000
132210.000 0.0328246000
132220.000 0.0325055000
132230.000 0.0321895000
132240.000 0.0318762000
132250.000 0.0315653000
132260.000 0.0312566000
132270.000 0.0309495000
132280.000 0.0306440000
132290.000 0.0303410000
132300.000 0.0300404000
132310.000 0.0297421000
132320.000 0.0294460000
132330.000 0.0291517000
132340.000 0.0288592000
132350.000 0.0285683000
132360.000 0.0282788000
132370.000 0.0279908000
132380.000 0.0277051000
132390.000 0.0274214000
132400.000 0.0271393000
132410.000 0.0268588000
132420.000 0.0265795000
132430.000 0.0263012000
132440.000 0.0260236000
132450.000 0.0257464000
132460.000 0.0254696000
132470.000 0.0251932000
132480.000 0.0249174000
132490.000 0.0246427000
132500.000 0.0243691000
132510.000 0.0240970000
132520.000 0.0238266000
132530.000 0.0235581000
132540.000 0.0232918000
132550.000 0.0230267000
132560.000 0.0227624000
132570.000 0.0224995000
132580.000 0.0222383000
132590.000 0.0219794000
132600.000 0.0217232000
132610.000 0.0214702000
132620.000 0.0212207000
132630.000 0.0209751000
132640.000 0.0207316000
132650.000 0.0204902000
132660.000 0.0202516000
132670.000 0.0200161000
132680.000 0.0197845000
132690.000 0.0195572000
132700.000 0.0193347000
132710.000 0.0191177000
132720.000 0.0189062000
132730.000 0.0186992000
132740.000 0.0184967000
132750.000 0.0182987000
132760.000 0.0181052000
132770.000 0.0179166000
132780.000 0.0177327000
132790.000 0.0175537000
132800.000 0.0173798000
132810.000 0.0172111000
132820.000 0.0170479000
132830.000 0.0168898000
132840.000 0.0167366000
132850.000 0.0165880000
132860.000 0.0164437000
132870.000 0.0163034000
132880.000 0.0161668000
132890.000 0.0160337000
132900.000 0.0159048000
132910.000 0.0157810000
132920.000 0.0156617000
132930.000 0.0155464000
132940.000 0.0154345000
132950.000 0.0153255000
132960.000 0.0152188000
132970.000 0.0151139000
132980.000 0.0150103000
132990.000 0.0149093000
133000.000 0.0148117000
133010.000 0.0147168000
133020.000 0.0146243000
133030.000 0.0145334000
133040.000 0.0144439000
133050.000 0.0143551000
133060.000 0.0142665000
133070.000 0.0141778000
133080.000 0.0140903000
133090.000 0.0140044000
133100.000 0.0139196000
133110.000 0.0138356000
133120.000 0.0137519000
133130.000 0.0136681000
133140.000 0.0135837000
133150.000 0.0134983000
133160.000 0.0134117000
133170.000 0.0133253000
133180.000 0.0132391000
133190.000 0.0131526000
133200.000 0.0130656000
133210.000 0.0129777000
133220.000 0.0128885000
133230.000 0.0127977000
133240.000 0.0127049000
133250.000 0.0126101000
133260.000 0.0125141000
133270.000 0.0124169000
133280.000 0.0123184000
133290.000 0.0122183000
133300.000 0.0121165000
133310.000 0.0120127000
133320.000 0.0119067000
133330.000 0.0117983000
133340.000 0.0116875000
133350.000 0.0115743000
133360.000 0.0114589000
133370.000 0.0113415000
133380.000 0.0112221000
133390.000 0.0111009000
133400.000 0.0109780000
133410.000 0.0108535000
133420.000 0.0107275000
133430.000 0.0105996000
133440.000 0.0104688000
133450.000 0.0103357000
133460.000 0.0102008000
133470.000 0.0100646000
133480.000 0.0099279000
133490.000 0.0097911000
133500.000 0.0096549000
133510.000 0.0095198000
133520.000 0.0093848000
133530.000 0.0092482000
133540.000 0.0091107000
133550.000 0.0089731000
133560.000 0.0088364000
133570.000 0.0087013000
133580.000 0.0085687000
133590.000 0.0084394000
133600.000 0.0083142000
133610.000 0.0081920000
133620.000 0.0080709000
133630.000 0.0079517000
133640.000 0.0078350000
133650.000 0.0077214000
133660.000 0.0076118000
133670.000 0.0075068000
133680.000 0.0074070000
133690.000 0.0073132000
133700.000 0.0072248000
133710.000 0.0071409000
133720.000 0.0070615000
133730.000 0.0069866000
133740.000 0.0069164000
133750.000 0.0068510000
133760.000 0.0067902000
133770.000 0.0067344000
133780.000 0.0066833000
133790.000 0.0066380000
133800.000 0.0065986000
133810.000 0.0065644000
133820.000 0.0065349000
133830.000 0.0065096000
133840.000 0.0064877000
133850.000 0.0064688000
133860.000 0.0064523000
133870.000 0.0064375000
133880.000 0.0064268000
133890.000 0.0064211000
133900.000 0.0064192000
133910.000 0.0064202000
133920.000 0.0064229000
133930.000 0.0064265000
133940.000 0.0064299000
133950.000 0.0064320000
133960.000 0.0064319000
133970.000 0.0064320000
133980.000 0.0064336000
133990.000 0.0064357000
134000.000 0.0064376000
134010.000 0.0064385000
134020.000 0.0064376000
134030.000 0.0064341000
134040.000 0.0064271000
134050.000 0.0064160000
134060.000 0.0064020000
134070.000 0.0063861000
134080.000 0.0063678000
134090.000 0.0063470000
134100.000 0.0063235000
134110.000 0.0062970000
134120.000 0.0062672000
134130.000 0.0062338000
134140.000 0.0061968000
134150.000 0.0061555000
134160.000 0.0061101000
134170.000 0.0060612000
134180.000 0.0060092000
134190.000 0.0059545000
134200.000 0.0058976000
134210.000 0.0058390000
134220.000 0.0057791000
134230.000 0.0057183000
134240.000 0.0056549000
134250.000 0.0055885000
134260.000 0.0055196000
134270.000 0.0054490000
134280.000 0.0053774000
134290.000 0.0053056000
134300.000 0.0052342000
134310.000 0.0051639000
134320.000 0.0050954000
134330.000 0.0050269000
134340.000 0.0049576000
134350.000 0.0048881000
134360.000 0.0048190000
134370.000 0.0047509000
134380.000 0.0046844000
134390.000 0.0046199000
134400.000 0.0045582000
134410.000 0.0044998000
134420.000 0.0044438000
134430.000 0.0043897000
134440.000 0.0043376000
134450.000 0.0042874000
134460.000 0.0042395000
134470.000 0.0041938000
134480.000 0.0041504000
134490.000 0.0041095000
134500.000 0.0040710000
134510.000 0.0040355000
134520.000 0.0040029000
134530.000 0.0039729000
134540.000 0.0039451000
134550.000 0.0039194000
134560.000 0.0038954000
134570.000 0.0038727000
134580.000 0.0038513000
134590.000 0.0038306000
134600.000 0.0038119000
134610.000 0.0037957000
134620.000 0.0037815000
134630.000 0.0037687000
134640.000 0.0037568000
134650.000 0.0037451000
134660.000 0.0037332000
134670.000 0.0037204000
134680.000 0.0037062000
134690.000 0.0036917000
134700.000 0.0036781000
134710.000 0.0036648000
134720.000 0.0036513000
134730.000 0.0036369000
134740.000 0.0036211000
134750.000 0.0036033000
134760.000 0.0035830000
134770.000 0.0035595000
134780.000 0.0035334000
134790.000 0.0035061000
134800.000 0.0034772000
134810.000 0.0034462000
134820.000 0.0034130000
134830.000 0.0033770000
134840.000 0.0033379000
134850.000 0.0032954000
134860.000 0.0032492000
134870.000 0.0031990000
134880.000 0.0031453000
134890.000 0.0030882000
134900.000 0.0030280000
134910.000 0.0029648000
134920.000 0.0028989000
134930.000 0.0028303000
134940.000 0.0027594000
134950.000 0.0026863000
134960.000 0.0026105000
134970.000 0.0025305000
134980.000 0.0024469000
134990.000 0.0023605000
135000.000 0.0022722000
135010.000 0.0021826000
135020.000 0.0020926000
135030.000 0.0020029000
135040.000 0.0019144000
135050.000 0.0018267000
135060.000 0.0017369000
135070.000 0.0016454000
135080.000 0.0015533000
135090.000 0.0014617000
135100.000 0.0013714000
135110.000 0.0012836000
135120.000 0.0011992000
135130.000 0.0011191000
135140.000 0.0010439000
135150.000 0.0009707000
135160.000 0.0008994000
135170.000 0.0008307000
135180.000 0.0007652000
135190.000 0.0007033000
135200.000 0.0006456000
135210.000 0.0005928000
135220.000 0.0005453000
135230.000 0.0005037000
135240.000 0.0004674000
135250.000 0.0004359000
135260.000 0.0004091000
135270.000 0.0003869000
135280.000 0.0003690000
135290.000 0.0003552000
135300.000 0.0003455000
135310.000 0.0003397000
135320.000 0.0003375000
135330.000 0.0003404000
135340.000 0.0003485000
135350.000 0.0003613000
135360.000 0.0003780000
135370.000 0.0003980000
135380.000 0.0004206000
135390.000 0.0004453000
135400.000 0.0004712000
135410.000 0.0004979000
135420.000 0.0005267000
135430.000 0.0005587000
135440.000 0.0005933000
135450.000 0.0006301000
135460.000 0.0006683000
135470.000 0.0007073000
135480.000 0.0007466000
135490.000 0.0007856000
135500.000 0.0008237000
135510.000 0.0008612000
135520.000 0.0008995000
135530.000 0.0009383000
135540.000 0.0009773000
135550.000 0.0010164000
135560.000 0.0010552000
135570.000 0.0010936000
135580.000 0.0011313000
135590.000 0.0011681000
135600.000 0.0012039000
135610.000 0.0012393000
135620.000 0.0012742000
135630.000 0.0013087000
135640.000 0.0013426000
135650.000 0.0013759000
135660.000 0.0014085000
135670.000 0.0014403000
135680.000 0.0014714000
135690.000 0.0015017000
135700.000 0.0015315000
135710.000 0.0015609000
135720.000 0.0015896000
135730.000 0.0016176000
135740.000 0.0016446000
135750.000 0.0016706000
135760.000 0.0016955000
135770.000 0.0017191000
135780.000 0.0017413000
135790.000 0.0017627000
135800.000 0.0017834000
135810.000 0.0018032000
135820.000 0.0018218000
135830.000 0.0018391000
135840.000 0.0018547000
135850.000 0.0018684000
135860.000 0.0018799000
135870.000 0.0018891000
135880.000 0.0018963000
135890.000 0.0019018000
135900.000 0.0019056000
135910.000 0.0019075000
135920.000 0.0019075000
135930.000 0.0019054000
135940.000 0.0019011000
135950.000 0.0018946000
135960.000 0.0018857000
135970.000 0.0018743000
135980.000 0.0018602000
135990.000 0.0018437000
136000.000 0.0018249000
136010.000 0.0018041000
136020.000 0.0017816000
136030.000 0.0017575000
136040.000 0.0017320000
136050.000 0.0017055000
136060.000 0.0016778000
136070.000 0.0016477000
136080.000 0.0016156000
136090.000 0.0015817000
136100.000 0.0015465000
136110.000 0.0015106000
136120.000 0.0014742000
136130.000 0.0014378000
136140.000 0.0014019000
136150.000 0.0013667000
136160.000 0.0013310000
136170.000 0.0012945000
136180.000 0.0012576000
136190.000 0.0012205000
136200.000 0.0011838000
136210.000 0.0011477000
136220.000 0.0011126000
136230.000 0.0010789000
136240.000 0.0010469000
136250.000 0.0010162000
136260.000 0.0009861000
136270.000 0.0009568000
136280.000 0.0009285000
136290.000 0.0009012000
136300.000 0.0008752000
136310.000 0.0008506000
136320.000 0.0008275000
136330.000 0.0008060000
136340.000 0.0007863000
136350.000 0.0007681000
136360.000 0.0007513000
136370.000 0.0007360000
136380.000 0.0007221000
136390.000 0.0007094000
136400.000 0.0006980000
136410.000 0.0006877000
136420.000 0.0006785000
136430.000 0.0006704000
136440.000 0.0006636000
136450.000 0.0006581000
136460.000 0.0006538000
136470.000 0.0006508000
136480.000 0.0006488000
136490.000 0.0006478000
136500.000 0.0006477000
136510.000 0.0006484000
136520.000 0.0006499000
136530.000 0.0006523000
136540.000 0.0006556000
136550.000 0.0006599000
136560.000 0.0006651000
136570.000 0.0006712000
136580.000 0.0006782000
136590.000 0.0006861000
136600.000 0.0006949000
136610.000 0.0007046000
136620.000 0.0007151000
136630.000 0.0007265000
136640.000 0.0007388000
136650.000 0.0007520000
136660.000 0.0007660000
136670.000 0.0007810000
136680.000 0.0007969000
136690.000 0.0008138000
136700.000 0.0008316000
136710.000 0.0008504000
136720.000 0.0008705000
136730.000 0.0008918000
136740.000 0.0009142000
136750.000 0.0009374000
136760.000 0.0009613000
136770.000 0.0009859000
136780.000 0.0010108000
136790.000 0.0010360000
136800.000 0.0010614000
136810.000 0.0010876000
136820.000 0.0011150000
136830.000 0.0011433000
136840.000 0.0011720000
136850.000 0.0012008000
136860.000 0.0012294000
136870.000 0.0012573000
136880.000 0.0012841000
136890.000 0.0013096000
136900.000 0.0013340000
136910.000 0.0013587000
136920.000 0.0013832000
136930.000 0.0014072000
136940.000 0.0014303000
136950.000 0.0014519000
136960.000 0.0014718000
136970.000 0.0014894000
136980.000 0.0015044000
136990.000 0.0015165000
137000.000 0.0015268000
137010.000 0.0015355000
137020.000 0.0015424000
137030.000 0.0015473000
137040.000 0.0015498000
137050.000 0.0015498000
137060.000 0.0015469000
137070.000 0.0015409000
137080.000 0.0015316000
137090.000 0.0015190000
137100.000 0.0015035000
137110.000 0.0014851000
137120.000 0.0014639000
137130.000 0.0014400000
137140.000 0.0014133000
137150.000 0.0013841000
137160.000 0.0013522000
137170.000 0.0013179000
137180.000 0.0012809000
137190.000 0.0012405000
137200.000 0.0011969000
137210.000 0.0011505000
137220.000 0.0011016000
137230.000 0.0010507000
137240.000 0.0009981000
137250.000 0.0009441000
137260.000 0.0008892000
137270.000 0.0008336000
137280.000 0.0007760000
137290.000 0.0007160000
137300.000 0.0006539000
137310.000 0.0005904000
137320.000 0.0005260000
137330.000 0.0004613000
137340.000 0.0003968000
137350.000 0.0003330000
137360.000 0.0002706000
137370.000 0.0002091000
137380.000 0.0001467000
137390.000 0.0000839000
