165610.000000 0.004003
165620.000000 0.004015
165630.000000 0.004026
165640.000000 0.004038
165650.000000 0.004050
165660.000000 0.004063
165670.000000 0.004076
165680.000000 0.004089
165690.000000 0.004103
165700.000000 0.004118
165710.000000 0.004134
165720.000000 0.004150
165730.000000 0.004167
165740.000000 0.004184
165750.000000 0.004202
165760.000000 0.004220
165770.000000 0.004239
165780.000000 0.004257
165790.000000 0.004277
165800.000000 0.004296
165810.000000 0.004316
165820.000000 0.004335
165830.000000 0.004355
165840.000000 0.004376
165850.000000 0.004396
165860.000000 0.004418
165870.000000 0.004441
165880.000000 0.004463
165890.000000 0.004487
165900.000000 0.004510
165910.000000 0.004533
165920.000000 0.004556
165930.000000 0.004579
165940.000000 0.004601
165950.000000 0.004622
165960.000000 0.004643
165970.000000 0.004662
165980.000000 0.004680
165990.000000 0.004699
166000.000000 0.004717
166010.000000 0.004734
166020.000000 0.004752
166030.000000 0.004769
166040.000000 0.004785
166050.000000 0.004801
166060.000000 0.004815
166070.000000 0.004828
166080.000000 0.004840
166090.000000 0.004850
166100.000000 0.004859
166110.000000 0.004865
166120.000000 0.004870
166130.000000 0.004874
166140.000000 0.004876
166150.000000 0.004876
166160.000000 0.004876
166170.000000 0.004874
166180.000000 0.004871
166190.000000 0.004866
166200.000000 0.004860
166210.000000 0.004853
166220.000000 0.004845
166230.000000 0.004835
166240.000000 0.004824
166250.000000 0.004812
166260.000000 0.004798
166270.000000 0.004782
166280.000000 0.004764
166290.000000 0.004744
166300.000000 0.004723
166310.000000 0.004700
166320.000000 0.004677
166330.000000 0.004653
166340.000000 0.004628
166350.000000 0.004603
166360.000000 0.004577
166370.000000 0.004552
166380.000000 0.004527
166390.000000 0.004502
166400.000000 0.004477
166410.000000 0.004450
166420.000000 0.004422
166430.000000 0.004394
166440.000000 0.004365
166450.000000 0.004336
166460.000000 0.004307
166470.000000 0.004278
166480.000000 0.004250
166490.000000 0.004222
166500.000000 0.004196
166510.000000 0.004172
166520.000000 0.004149
166530.000000 0.004129
166540.000000 0.004109
166550.000000 0.004090
166560.000000 0.004071
166570.000000 0.004054
166580.000000 0.004037
166590.000000 0.004021
166600.000000 0.004007
166610.000000 0.003994
166620.000000 0.003982
166630.000000 0.003972
166640.000000 0.003964
166650.000000 0.003957
166660.000000 0.003953
166670.000000 0.003951
166680.000000 0.003950
166690.000000 0.003952
166700.000000 0.003956
166710.000000 0.003961
166720.000000 0.003968
166730.000000 0.003977
166740.000000 0.003987
166750.000000 0.003998
166760.000000 0.004011
166770.000000 0.004025
166780.000000 0.004039
166790.000000 0.004055
166800.000000 0.004072
166810.000000 0.004090
166820.000000 0.004109
166830.000000 0.004131
166840.000000 0.004154
166850.000000 0.004178
166860.000000 0.004204
166870.000000 0.004230
166880.000000 0.004258
166890.000000 0.004286
166900.000000 0.004314
166910.000000 0.004343
166920.000000 0.004371
166930.000000 0.004399
166940.000000 0.004427
166950.000000 0.004454
166960.000000 0.004481
166970.000000 0.004509
166980.000000 0.004537
166990.000000 0.004566
167000.000000 0.004595
167010.000000 0.004624
167020.000000 0.004652
167030.000000 0.004681
167040.000000 0.004710
167050.000000 0.004738
167060.000000 0.004765
167070.000000 0.004793
167080.000000 0.004819
167090.000000 0.004845
167100.000000 0.004870
167110.000000 0.004895
167120.000000 0.004919
167130.000000 0.004943
167140.000000 0.004966
167150.000000 0.004989
167160.000000 0.005012
167170.000000 0.005035
167180.000000 0.005058
167190.000000 0.005082
167200.000000 0.005105
167210.000000 0.005129
167220.000000 0.005153
167230.000000 0.005178
167240.000000 0.005202
167250.000000 0.005226
167260.000000 0.005249
167270.000000 0.005273
167280.000000 0.005297
167290.000000 0.005320
167300.000000 0.005345
167310.000000 0.005370
167320.000000 0.005396
167330.000000 0.005423
167340.000000 0.005451
167350.000000 0.005480
167360.000000 0.005511
167370.000000 0.005543
167380.000000 0.005576
167390.000000 0.005610
167400.000000 0.005645
167410.000000 0.005681
167420.000000 0.005718
167430.000000 0.005755
167440.000000 0.005794
167450.000000 0.005834
167460.000000 0.005875
167470.000000 0.005916
167480.000000 0.005960
167490.000000 0.006004
167500.000000 0.006050
167510.000000 0.006096
167520.000000 0.006145
167530.000000 0.006195
167540.000000 0.006246
167550.000000 0.006299
167560.000000 0.006353
167570.000000 0.006408
167580.000000 0.006463
167590.000000 0.006520
167600.000000 0.006577
167610.000000 0.006634
167620.000000 0.006692
167630.000000 0.006751
167640.000000 0.006809
167650.000000 0.006867
167660.000000 0.006927
167670.000000 0.006987
167680.000000 0.007049
167690.000000 0.007111
167700.000000 0.007174
167710.000000 0.007238
167720.000000 0.007301
167730.000000 0.007364
167740.000000 0.007427
167750.000000 0.007490
167760.000000 0.007552
167770.000000 0.007613
167780.000000 0.007674
167790.000000 0.007733
167800.000000 0.007792
167810.000000 0.007850
167820.000000 0.007908
167830.000000 0.007966
167840.000000 0.008024
167850.000000 0.008081
167860.000000 0.008137
167870.000000 0.008193
167880.000000 0.008249
167890.000000 0.008304
167900.000000 0.008358
167910.000000 0.008412
167920.000000 0.008465
167930.000000 0.008518
167940.000000 0.008569
167950.000000 0.008619
167960.000000 0.008669
167970.000000 0.008718
167980.000000 0.008766
167990.000000 0.008814
168000.000000 0.008861
168010.000000 0.008908
168020.000000 0.008955
168030.000000 0.009002
168040.000000 0.009049
168050.000000 0.009096
168060.000000 0.009143
168070.000000 0.009191
168080.000000 0.009237
168090.000000 0.009284
168100.000000 0.009329
168110.000000 0.009375
168120.000000 0.009420
168130.000000 0.009465
168140.000000 0.009510
168150.000000 0.009556
168160.000000 0.009603
168170.000000 0.009650
168180.000000 0.009698
168190.000000 0.009747
168200.000000 0.009798
168210.000000 0.009850
168220.000000 0.009903
168230.000000 0.009956
168240.000000 0.010010
168250.000000 0.010065
168260.000000 0.010121
168270.000000 0.010177
168280.000000 0.010234
168290.000000 0.010292
168300.000000 0.010352
168310.000000 0.010412
168320.000000 0.010474
168330.000000 0.010537
168340.000000 0.010601
168350.000000 0.010667
168360.000000 0.010734
168370.000000 0.010803
168380.000000 0.010872
168390.000000 0.010943
168400.000000 0.011015
168410.000000 0.011088
168420.000000 0.011162
168430.000000 0.011237
168440.000000 0.011314
168450.000000 0.011391
168460.000000 0.011470
168470.000000 0.011551
168480.000000 0.011632
168490.000000 0.011715
168500.000000 0.011799
168510.000000 0.011885
168520.000000 0.011972
168530.000000 0.012060
168540.000000 0.012150
168550.000000 0.012240
168560.000000 0.012332
168570.000000 0.012425
168580.000000 0.012520
168590.000000 0.012615
168600.000000 0.012711
168610.000000 0.012808
168620.000000 0.012906
168630.000000 0.013005
168640.000000 0.013105
168650.000000 0.013206
168660.000000 0.013308
168670.000000 0.013411
168680.000000 0.013515
168690.000000 0.013620
168700.000000 0.013726
168710.000000 0.013833
168720.000000 0.013941
168730.000000 0.014050
168740.000000 0.014160
168750.000000 0.014271
168760.000000 0.014383
168770.000000 0.014496
168780.000000 0.014610
168790.000000 0.014725
168800.000000 0.014842
168810.000000 0.014960
168820.000000 0.015078
168830.000000 0.015198
168840.000000 0.015319
168850.000000 0.015441
168860.000000 0.015564
168870.000000 0.015687
168880.000000 0.015811
168890.000000 0.015936
168900.000000 0.016061
168910.000000 0.016187
168920.000000 0.016313
168930.000000 0.016440
168940.000000 0.016568
168950.000000 0.016697
168960.000000 0.016827
168970.000000 0.016958
168980.000000 0.017090
168990.000000 0.017221
169000.000000 0.017354
169010.000000 0.017486
169020.000000 0.017619
169030.000000 0.017752
169040.000000 0.017885
169050.000000 0.018018
169060.000000 0.018151
169070.000000 0.018284
169080.000000 0.018417
169090.000000 0.018551
169100.000000 0.018686
169110.000000 0.018820
169120.000000 0.018955
169130.000000 0.019090
169140.000000 0.019225
169150.000000 0.019360
169160.000000 0.019494
169170.000000 0.019627
169180.000000 0.019760
169190.000000 0.019893
169200.000000 0.020024
169210.000000 0.020154
169220.000000 0.020284
169230.000000 0.020413
169240.000000 0.020542
169250.000000 0.020671
169260.000000 0.020799
169270.000000 0.020926
169280.000000 0.021053
169290.000000 0.021179
169300.000000 0.021305
169310.000000 0.021431
169320.000000 0.021555
169330.000000 0.021680
169340.000000 0.021803
169350.000000 0.021926
169360.000000 0.022048
169370.000000 0.022169
169380.000000 0.022289
169390.000000 0.022409
169400.000000 0.022527
169410.000000 0.022646
169420.000000 0.022763
169430.000000 0.022881
169440.000000 0.022999
169450.000000 0.023116
169460.000000 0.023234
169470.000000 0.023352
169480.000000 0.023471
169490.000000 0.023590
169500.000000 0.023709
169510.000000 0.023827
169520.000000 0.023945
169530.000000 0.024061
169540.000000 0.024178
169550.000000 0.024295
169560.000000 0.024412
169570.000000 0.024530
169580.000000 0.024649
169590.000000 0.024769
169600.000000 0.024891
169610.000000 0.025014
169620.000000 0.025140
169630.000000 0.025269
169640.000000 0.025400
169650.000000 0.025531
169660.000000 0.025663
169670.000000 0.025795
169680.000000 0.025929
169690.000000 0.026063
169700.000000 0.026200
169710.000000 0.026339
169720.000000 0.026480
169730.000000 0.026624
169740.000000 0.026771
169750.000000 0.026922
169760.000000 0.027077
169770.000000 0.027236
169780.000000 0.027400
169790.000000 0.027567
169800.000000 0.027737
169810.000000 0.027910
169820.000000 0.028085
169830.000000 0.028264
169840.000000 0.028446
169850.000000 0.028631
169860.000000 0.028820
169870.000000 0.029014
169880.000000 0.029211
169890.000000 0.029412
169900.000000 0.029618
169910.000000 0.029829
169920.000000 0.030044
169930.000000 0.030265
169940.000000 0.030489
169950.000000 0.030719
169960.000000 0.030953
169970.000000 0.031190
169980.000000 0.031433
169990.000000 0.031679
170000.000000 0.031929
170010.000000 0.032183
170020.000000 0.032441
170030.000000 0.032703
170040.000000 0.032969
170050.000000 0.033238
170060.000000 0.033511
170070.000000 0.033788
170080.000000 0.034069
170090.000000 0.034355
170100.000000 0.034646
170110.000000 0.034941
170120.000000 0.035241
170130.000000 0.035543
170140.000000 0.035850
170150.000000 0.036159
170160.000000 0.036471
170170.000000 0.036785
170180.000000 0.037102
170190.000000 0.037420
170200.000000 0.037740
170210.000000 0.038060
170220.000000 0.038382
170230.000000 0.038707
170240.000000 0.039035
170250.000000 0.039366
170260.000000 0.039699
170270.000000 0.040035
170280.000000 0.040372
170290.000000 0.040712
170300.000000 0.041052
170310.000000 0.041395
170320.000000 0.041738
170330.000000 0.042082
170340.000000 0.042427
170350.000000 0.042772
170360.000000 0.043117
170370.000000 0.043464
170380.000000 0.043811
170390.000000 0.044159
170400.000000 0.044509
170410.000000 0.044860
170420.000000 0.045212
170430.000000 0.045565
170440.000000 0.045919
170450.000000 0.046274
170460.000000 0.046630
170470.000000 0.046987
170480.000000 0.047345
170490.000000 0.047704
170500.000000 0.048064
170510.000000 0.048424
170520.000000 0.048784
170530.000000 0.049144
170540.000000 0.049504
170550.000000 0.049865
170560.000000 0.050227
170570.000000 0.050590
170580.000000 0.050954
170590.000000 0.051321
170600.000000 0.051689
170610.000000 0.052061
170620.000000 0.052435
170630.000000 0.052812
170640.000000 0.053194
170650.000000 0.053579
170660.000000 0.053966
170670.000000 0.054355
170680.000000 0.054746
170690.000000 0.055139
170700.000000 0.055535
170710.000000 0.055933
170720.000000 0.056334
170730.000000 0.056738
170740.000000 0.057146
170750.000000 0.057557
170760.000000 0.057972
170770.000000 0.058391
170780.000000 0.058815
170790.000000 0.059243
170800.000000 0.059676
170810.000000 0.060112
170820.000000 0.060551
170830.000000 0.060993
170840.000000 0.061439
170850.000000 0.061888
170860.000000 0.062342
170870.000000 0.062799
170880.000000 0.063261
170890.000000 0.063728
170900.000000 0.064199
170910.000000 0.064675
170920.000000 0.065157
170930.000000 0.065644
170940.000000 0.066136
170950.000000 0.066634
170960.000000 0.067137
170970.000000 0.067644
170980.000000 0.068157
170990.000000 0.068674
171000.000000 0.069196
171010.000000 0.069723
171020.000000 0.070254
171030.000000 0.070791
171040.000000 0.071332
171050.000000 0.071878
171060.000000 0.072429
171070.000000 0.072985
171080.000000 0.073545
171090.000000 0.074111
171100.000000 0.074680
171110.000000 0.075254
171120.000000 0.075832
171130.000000 0.076415
171140.000000 0.077002
171150.000000 0.077594
171160.000000 0.078192
171170.000000 0.078794
171180.000000 0.079402
171190.000000 0.080016
171200.000000 0.080635
171210.000000 0.081261
171220.000000 0.081892
171230.000000 0.082531
171240.000000 0.083175
171250.000000 0.083825
171260.000000 0.084482
171270.000000 0.085144
171280.000000 0.085812
171290.000000 0.086485
171300.000000 0.087165
171310.000000 0.087849
171320.000000 0.088540
171330.000000 0.089235
171340.000000 0.089936
171350.000000 0.090642
171360.000000 0.091354
171370.000000 0.092070
171380.000000 0.092791
171390.000000 0.093518
171400.000000 0.094249
171410.000000 0.094985
171420.000000 0.095727
171430.000000 0.096474
171440.000000 0.097226
171450.000000 0.097983
171460.000000 0.098746
171470.000000 0.099514
171480.000000 0.100288
171490.000000 0.101068
171500.000000 0.101853
171510.000000 0.102644
171520.000000 0.103441
171530.000000 0.104244
171540.000000 0.105052
171550.000000 0.105865
171560.000000 0.106683
171570.000000 0.107506
171580.000000 0.108334
171590.000000 0.109168
171600.000000 0.110008
171610.000000 0.110855
171620.000000 0.111708
171630.000000 0.112567
171640.000000 0.113434
171650.000000 0.114308
171660.000000 0.115189
171670.000000 0.116077
171680.000000 0.116973
171690.000000 0.117873
171700.000000 0.118776
171710.000000 0.119686
171720.000000 0.120600
171730.000000 0.121522
171740.000000 0.122450
171750.000000 0.123387
171760.000000 0.124332
171770.000000 0.125288
171780.000000 0.126253
171790.000000 0.127229
171800.000000 0.128217
171810.000000 0.129218
171820.000000 0.130232
171830.000000 0.131258
171840.000000 0.132292
171850.000000 0.133336
171860.000000 0.134390
171870.000000 0.135453
171880.000000 0.136527
171890.000000 0.137612
171900.000000 0.138708
171910.000000 0.139815
171920.000000 0.140934
171930.000000 0.142066
171940.000000 0.143210
171950.000000 0.144367
171960.000000 0.145538
171970.000000 0.146723
171980.000000 0.147921
171990.000000 0.149132
172000.000000 0.150356
172010.000000 0.151593
172020.000000 0.152842
172030.000000 0.154104
172040.000000 0.155377
172050.000000 0.156663
172060.000000 0.157959
172070.000000 0.159267
172080.000000 0.160586
172090.000000 0.161916
172100.000000 0.163257
172110.000000 0.164608
172120.000000 0.165969
172130.000000 0.167345
172140.000000 0.168734
172150.000000 0.170137
172160.000000 0.171552
172170.000000 0.172979
172180.000000 0.174417
172190.000000 0.175865
172200.000000 0.177321
172210.000000 0.178786
172220.000000 0.180258
172230.000000 0.181737
172240.000000 0.183221
172250.000000 0.184710
172260.000000 0.186202
172270.000000 0.187699
172280.000000 0.189203
172290.000000 0.190717
172300.000000 0.192239
172310.000000 0.193768
172320.000000 0.195304
172330.000000 0.196847
172340.000000 0.198396
172350.000000 0.199950
172360.000000 0.201508
172370.000000 0.203071
172380.000000 0.204637
172390.000000 0.206207
172400.000000 0.207779
172410.000000 0.209352
172420.000000 0.210928
172430.000000 0.212507
172440.000000 0.214090
172450.000000 0.215677
172460.000000 0.217268
172470.000000 0.218862
172480.000000 0.220461
172490.000000 0.222063
172500.000000 0.223669
172510.000000 0.225279
172520.000000 0.226893
172530.000000 0.228511
172540.000000 0.230133
172550.000000 0.231758
172560.000000 0.233388
172570.000000 0.235021
172580.000000 0.236656
172590.000000 0.238295
172600.000000 0.239937
172610.000000 0.241582
172620.000000 0.243231
172630.000000 0.244885
172640.000000 0.246542
172650.000000 0.248204
172660.000000 0.249871
172670.000000 0.251543
172680.000000 0.253221
172690.000000 0.254904
172700.000000 0.256592
172710.000000 0.258287
172720.000000 0.259988
172730.000000 0.261695
172740.000000 0.263407
172750.000000 0.265125
172760.000000 0.266849
172770.000000 0.268577
172780.000000 0.270310
172790.000000 0.272049
172800.000000 0.273791
172810.000000 0.275538
172820.000000 0.277289
172830.000000 0.279044
172840.000000 0.280803
172850.000000 0.282566
172860.000000 0.284332
172870.000000 0.286102
172880.000000 0.287878
172890.000000 0.289658
172900.000000 0.291444
172910.000000 0.293234
172920.000000 0.295028
172930.000000 0.296826
172940.000000 0.298628
172950.000000 0.300433
172960.000000 0.302240
172970.000000 0.304051
172980.000000 0.305863
172990.000000 0.307677
173000.000000 0.309493
173010.000000 0.311310
173020.000000 0.313128
173030.000000 0.314948
173040.000000 0.316769
173050.000000 0.318593
173060.000000 0.320418
173070.000000 0.322246
173080.000000 0.324077
173090.000000 0.325911
173100.000000 0.327748
173110.000000 0.329589
173120.000000 0.331434
173130.000000 0.333283
173140.000000 0.335136
173150.000000 0.336994
173160.000000 0.338857
173170.000000 0.340723
173180.000000 0.342591
173190.000000 0.344461
173200.000000 0.346334
173210.000000 0.348210
173220.000000 0.350089
173230.000000 0.351974
173240.000000 0.353863
173250.000000 0.355758
173260.000000 0.357658
173270.000000 0.359566
173280.000000 0.361480
173290.000000 0.363402
173300.000000 0.365332
173310.000000 0.367271
173320.000000 0.369219
173330.000000 0.371175
173340.000000 0.373139
173350.000000 0.375110
173360.000000 0.377089
173370.000000 0.379074
173380.000000 0.381065
173390.000000 0.383062
173400.000000 0.385064
173410.000000 0.387070
173420.000000 0.389081
173430.000000 0.391096
173440.000000 0.393114
173450.000000 0.395136
173460.000000 0.397159
173470.000000 0.399190
173480.000000 0.401231
173490.000000 0.403282
173500.000000 0.405340
173510.000000 0.407404
173520.000000 0.409472
173530.000000 0.411544
173540.000000 0.413616
173550.000000 0.415688
173560.000000 0.417758
173570.000000 0.419824
173580.000000 0.421885
173590.000000 0.423938
173600.000000 0.425983
173610.000000 0.428018
173620.000000 0.430047
173630.000000 0.432079
173640.000000 0.434111
173650.000000 0.436143
173660.000000 0.438173
173670.000000 0.440198
173680.000000 0.442219
173690.000000 0.444233
173700.000000 0.446239
173710.000000 0.448235
173720.000000 0.450220
173730.000000 0.452192
173740.000000 0.454149
173750.000000 0.456091
173760.000000 0.458016
173770.000000 0.459925
173780.000000 0.461823
173790.000000 0.463712
173800.000000 0.465590
173810.000000 0.467457
173820.000000 0.469313
173830.000000 0.471156
173840.000000 0.472988
173850.000000 0.474807
173860.000000 0.476614
173870.000000 0.478407
173880.000000 0.480186
173890.000000 0.481951
173900.000000 0.483702
173910.000000 0.485438
173920.000000 0.487159
173930.000000 0.488865
173940.000000 0.490556
173950.000000 0.492233
173960.000000 0.493896
173970.000000 0.495546
173980.000000 0.497182
173990.000000 0.498806
174000.000000 0.500418
174010.000000 0.502017
174020.000000 0.503605
174030.000000 0.505182
174040.000000 0.506749
174050.000000 0.508305
174060.000000 0.509850
174070.000000 0.511386
174080.000000 0.512909
174090.000000 0.514420
174100.000000 0.515918
174110.000000 0.517404
174120.000000 0.518879
174130.000000 0.520343
174140.000000 0.521796
174150.000000 0.523238
174160.000000 0.524671
174170.000000 0.526093
174180.000000 0.527507
174190.000000 0.528911
174200.000000 0.530307
174210.000000 0.531694
174220.000000 0.533074
174230.000000 0.534444
174240.000000 0.535805
174250.000000 0.537157
174260.000000 0.538499
174270.000000 0.539832
174280.000000 0.541155
174290.000000 0.542469
174300.000000 0.543773
174310.000000 0.545067
174320.000000 0.546353
174330.000000 0.547628
174340.000000 0.548894
174350.000000 0.550151
174360.000000 0.551398
174370.000000 0.552636
174380.000000 0.553864
174390.000000 0.555083
174400.000000 0.556293
174410.000000 0.557494
174420.000000 0.558686
174430.000000 0.559868
174440.000000 0.561040
174450.000000 0.562203
174460.000000 0.563356
174470.000000 0.564498
174480.000000 0.565631
174490.000000 0.566754
174500.000000 0.567867
174510.000000 0.568970
174520.000000 0.570062
174530.000000 0.571144
174540.000000 0.572217
174550.000000 0.573280
174560.000000 0.574333
174570.000000 0.575377
174580.000000 0.576411
174590.000000 0.577434
174600.000000 0.578448
174610.000000 0.579451
174620.000000 0.580444
174630.000000 0.581426
174640.000000 0.582398
174650.000000 0.583359
174660.000000 0.584309
174670.000000 0.585248
174680.000000 0.586177
174690.000000 0.587094
174700.000000 0.588001
174710.000000 0.588898
174720.000000 0.589784
174730.000000 0.590659
174740.000000 0.591524
174750.000000 0.592379
174760.000000 0.593223
174770.000000 0.594057
174780.000000 0.594881
174790.000000 0.595694
174800.000000 0.596497
174810.000000 0.597290
174820.000000 0.598072
174830.000000 0.598845
174840.000000 0.599607
174850.000000 0.600359
174860.000000 0.601101
174870.000000 0.601832
174880.000000 0.602553
174890.000000 0.603264
174900.000000 0.603965
174910.000000 0.604655
174920.000000 0.605335
174930.000000 0.606005
174940.000000 0.606664
174950.000000 0.607313
174960.000000 0.607952
174970.000000 0.608580
174980.000000 0.609197
174990.000000 0.609804
175000.000000 0.610398
175010.000000 0.610982
175020.000000 0.611555
175030.000000 0.612116
175040.000000 0.612668
175050.000000 0.613210
175060.000000 0.613742
175070.000000 0.614264
175080.000000 0.614778
175090.000000 0.615283
175100.000000 0.615779
175110.000000 0.616267
175120.000000 0.616748
175130.000000 0.617220
175140.000000 0.617684
175150.000000 0.618138
175160.000000 0.618581
175170.000000 0.619014
175180.000000 0.619438
175190.000000 0.619853
175200.000000 0.620260
175210.000000 0.620658
175220.000000 0.621050
175230.000000 0.621435
175240.000000 0.621813
175250.000000 0.622185
175260.000000 0.622552
175270.000000 0.622915
175280.000000 0.623273
175290.000000 0.623626
175300.000000 0.623970
175310.000000 0.624306
175320.000000 0.624634
175330.000000 0.624954
175340.000000 0.625268
175350.000000 0.625576
175360.000000 0.625879
175370.000000 0.626178
175380.000000 0.626473
175390.000000 0.626764
175400.000000 0.627054
175410.000000 0.627342
175420.000000 0.627629
175430.000000 0.627915
175440.000000 0.628203
175450.000000 0.628488
175460.000000 0.628771
175470.000000 0.629050
175480.000000 0.629326
175490.000000 0.629600
175500.000000 0.629871
175510.000000 0.630140
175520.000000 0.630407
175530.000000 0.630672
175540.000000 0.630935
175550.000000 0.631197
175560.000000 0.631457
175570.000000 0.631716
175580.000000 0.631974
175590.000000 0.632231
175600.000000 0.632488
175610.000000 0.632743
175620.000000 0.632997
175630.000000 0.633249
175640.000000 0.633500
175650.000000 0.633749
175660.000000 0.633996
175670.000000 0.634243
175680.000000 0.634487
175690.000000 0.634730
175700.000000 0.634972
175710.000000 0.635211
175720.000000 0.635450
175730.000000 0.635686
175740.000000 0.635921
175750.000000 0.636154
175760.000000 0.636387
175770.000000 0.636619
175780.000000 0.636850
175790.000000 0.637080
175800.000000 0.637309
175810.000000 0.637535
175820.000000 0.637760
175830.000000 0.637983
175840.000000 0.638204
175850.000000 0.638422
175860.000000 0.638637
175870.000000 0.638850
175880.000000 0.639059
175890.000000 0.639264
175900.000000 0.639466
175910.000000 0.639664
175920.000000 0.639859
175930.000000 0.640050
175940.000000 0.640238
175950.000000 0.640423
175960.000000 0.640605
175970.000000 0.640784
175980.000000 0.640961
175990.000000 0.641136
176000.000000 0.641309
176010.000000 0.641480
176020.000000 0.641649
176030.000000 0.641817
176040.000000 0.641983
176050.000000 0.642148
176060.000000 0.642312
176070.000000 0.642474
176080.000000 0.642633
176090.000000 0.642790
176100.000000 0.642945
176110.000000 0.643099
176120.000000 0.643250
176130.000000 0.643400
176140.000000 0.643548
176150.000000 0.643695
176160.000000 0.643841
176170.000000 0.643986
176180.000000 0.644130
176190.000000 0.644274
176200.000000 0.644417
176210.000000 0.644559
176220.000000 0.644701
176230.000000 0.644841
176240.000000 0.644979
176250.000000 0.645116
176260.000000 0.645251
176270.000000 0.645385
176280.000000 0.645519
176290.000000 0.645652
176300.000000 0.645784
176310.000000 0.645916
176320.000000 0.646049
176330.000000 0.646181
176340.000000 0.646315
176350.000000 0.646449
176360.000000 0.646584
176370.000000 0.646720
176380.000000 0.646857
176390.000000 0.646995
176400.000000 0.647134
176410.000000 0.647273
176420.000000 0.647412
176430.000000 0.647552
176440.000000 0.647691
176450.000000 0.647831
176460.000000 0.647970
176470.000000 0.648109
176480.000000 0.648246
176490.000000 0.648383
176500.000000 0.648519
176510.000000 0.648654
176520.000000 0.648787
176530.000000 0.648919
176540.000000 0.649052
176550.000000 0.649184
176560.000000 0.649316
176570.000000 0.649447
176580.000000 0.649578
176590.000000 0.649708
176600.000000 0.649837
176610.000000 0.649965
176620.000000 0.650091
176630.000000 0.650216
176640.000000 0.650339
176650.000000 0.650460
176660.000000 0.650579
176670.000000 0.650696
176680.000000 0.650810
176690.000000 0.650923
176700.000000 0.651035
176710.000000 0.651145
176720.000000 0.651255
176730.000000 0.651363
176740.000000 0.651469
176750.000000 0.651574
176760.000000 0.651676
176770.000000 0.651776
176780.000000 0.651874
176790.000000 0.651969
176800.000000 0.652061
176810.000000 0.652150
176820.000000 0.652236
176830.000000 0.652318
176840.000000 0.652397
176850.000000 0.652472
176860.000000 0.652545
176870.000000 0.652614
176880.000000 0.652681
176890.000000 0.652744
176900.000000 0.652806
176910.000000 0.652864
176920.000000 0.652920
176930.000000 0.652974
176940.000000 0.653026
176950.000000 0.653075
176960.000000 0.653122
176970.000000 0.653168
176980.000000 0.653211
176990.000000 0.653253
177000.000000 0.653293
177010.000000 0.653330
177020.000000 0.653365
177030.000000 0.653397
177040.000000 0.653427
177050.000000 0.653455
177060.000000 0.653480
177070.000000 0.653504
177080.000000 0.653526
177090.000000 0.653547
177100.000000 0.653565
177110.000000 0.653583
177120.000000 0.653599
177130.000000 0.653614
177140.000000 0.653628
177150.000000 0.653641
177160.000000 0.653653
177170.000000 0.653663
177180.000000 0.653671
177190.000000 0.653677
177200.000000 0.653682
177210.000000 0.653685
177220.000000 0.653687
177230.000000 0.653688
177240.000000 0.653688
177250.000000 0.653687
177260.000000 0.653685
177270.000000 0.653682
177280.000000 0.653679
177290.000000 0.653675
177300.000000 0.653670
177310.000000 0.653666
177320.000000 0.653661
177330.000000 0.653656
177340.000000 0.653650
177350.000000 0.653643
177360.000000 0.653636
177370.000000 0.653628
177380.000000 0.653619
177390.000000 0.653609
177400.000000 0.653598
177410.000000 0.653586
177420.000000 0.653572
177430.000000 0.653557
177440.000000 0.653540
177450.000000 0.653522
177460.000000 0.653503
177470.000000 0.653482
177480.000000 0.653460
177490.000000 0.653438
177500.000000 0.653414
177510.000000 0.653390
177520.000000 0.653364
177530.000000 0.653337
177540.000000 0.653308
177550.000000 0.653278
177560.000000 0.653246
177570.000000 0.653212
177580.000000 0.653176
177590.000000 0.653138
177600.000000 0.653097
177610.000000 0.653054
177620.000000 0.653008
177630.000000 0.652960
177640.000000 0.652910
177650.000000 0.652859
177660.000000 0.652806
177670.000000 0.652750
177680.000000 0.652693
177690.000000 0.652634
177700.000000 0.652572
177710.000000 0.652508
177720.000000 0.652442
177730.000000 0.652373
177740.000000 0.652301
177750.000000 0.652227
177760.000000 0.652150
177770.000000 0.652070
177780.000000 0.651987
177790.000000 0.651901
177800.000000 0.651812
177810.000000 0.651720
177820.000000 0.651626
177830.000000 0.651529
177840.000000 0.651430
177850.000000 0.651328
177860.000000 0.651223
177870.000000 0.651116
177880.000000 0.651007
177890.000000 0.650896
177900.000000 0.650782
177910.000000 0.650666
177920.000000 0.650548
177930.000000 0.650428
177940.000000 0.650305
177950.000000 0.650180
177960.000000 0.650052
177970.000000 0.649922
177980.000000 0.649788
177990.000000 0.649653
178000.000000 0.649515
178010.000000 0.649375
178020.000000 0.649233
178030.000000 0.649089
178040.000000 0.648944
178050.000000 0.648797
178060.000000 0.648649
178070.000000 0.648499
178080.000000 0.648349
178090.000000 0.648197
178100.000000 0.648045
178110.000000 0.647891
178120.000000 0.647735
178130.000000 0.647577
178140.000000 0.647418
178150.000000 0.647258
178160.000000 0.647095
178170.000000 0.646932
178180.000000 0.646767
178190.000000 0.646601
178200.000000 0.646433
178210.000000 0.646265
178220.000000 0.646095
178230.000000 0.645924
178240.000000 0.645753
178250.000000 0.645580
178260.000000 0.645406
178270.000000 0.645232
178280.000000 0.645057
178290.000000 0.644881
178300.000000 0.644705
178310.000000 0.644527
178320.000000 0.644347
178330.000000 0.644167
178340.000000 0.643985
178350.000000 0.643801
178360.000000 0.643616
178370.000000 0.643429
178380.000000 0.643241
178390.000000 0.643050
178400.000000 0.642858
178410.000000 0.642663
178420.000000 0.642467
178430.000000 0.642270
178440.000000 0.642073
178450.000000 0.641874
178460.000000 0.641675
178470.000000 0.641474
178480.000000 0.641271
178490.000000 0.641066
178500.000000 0.640859
178510.000000 0.640648
178520.000000 0.640435
178530.000000 0.640218
178540.000000 0.639997
178550.000000 0.639772
178560.000000 0.639543
178570.000000 0.639309
178580.000000 0.639071
178590.000000 0.638831
178600.000000 0.638589
178610.000000 0.638344
178620.000000 0.638096
178630.000000 0.637844
178640.000000 0.637589
178650.000000 0.637331
178660.000000 0.637068
178670.000000 0.636801
178680.000000 0.636529
178690.000000 0.636252
178700.000000 0.635970
178710.000000 0.635682
178720.000000 0.635389
178730.000000 0.635090
178740.000000 0.634785
178750.000000 0.634477
178760.000000 0.634164
178770.000000 0.633847
178780.000000 0.633526
178790.000000 0.633199
178800.000000 0.632868
178810.000000 0.632532
178820.000000 0.632190
178830.000000 0.631842
178840.000000 0.631489
178850.000000 0.631130
178860.000000 0.630765
178870.000000 0.630393
178880.000000 0.630015
178890.000000 0.629630
178900.000000 0.629238
178910.000000 0.628840
178920.000000 0.628436
178930.000000 0.628027
178940.000000 0.627611
178950.000000 0.627190
178960.000000 0.626762
178970.000000 0.626329
178980.000000 0.625890
178990.000000 0.625445
179000.000000 0.624994
179010.000000 0.624538
179020.000000 0.624076
179030.000000 0.623608
179040.000000 0.623135
179050.000000 0.622656
179060.000000 0.622171
179070.000000 0.621681
179080.000000 0.621185
179090.000000 0.620684
179100.000000 0.620176
179110.000000 0.619663
179120.000000 0.619144
179130.000000 0.618620
179140.000000 0.618090
179150.000000 0.617554
179160.000000 0.617013
179170.000000 0.616466
179180.000000 0.615913
179190.000000 0.615354
179200.000000 0.614790
179210.000000 0.614220
179220.000000 0.613645
179230.000000 0.613063
179240.000000 0.612475
179250.000000 0.611881
179260.000000 0.611282
179270.000000 0.610676
179280.000000 0.610065
179290.000000 0.609449
179300.000000 0.608827
179310.000000 0.608200
179320.000000 0.607568
179330.000000 0.606931
179340.000000 0.606289
179350.000000 0.605642
179360.000000 0.604990
179370.000000 0.604335
179380.000000 0.603674
179390.000000 0.603009
179400.000000 0.602339
179410.000000 0.601664
179420.000000 0.600984
179430.000000 0.600298
179440.000000 0.599608
179450.000000 0.598913
179460.000000 0.598213
179470.000000 0.597508
179480.000000 0.596798
179490.000000 0.596083
179500.000000 0.595362
179510.000000 0.594636
179520.000000 0.593905
179530.000000 0.593169
179540.000000 0.592428
179550.000000 0.591682
179560.000000 0.590931
179570.000000 0.590175
179580.000000 0.589414
179590.000000 0.588647
179600.000000 0.587876
179610.000000 0.587100
179620.000000 0.586318
179630.000000 0.585531
179640.000000 0.584739
179650.000000 0.583942
179660.000000 0.583139
179670.000000 0.582330
179680.000000 0.581517
179690.000000 0.580698
179700.000000 0.579873
179710.000000 0.579044
179720.000000 0.578211
179730.000000 0.577374
179740.000000 0.576531
179750.000000 0.575684
179760.000000 0.574831
179770.000000 0.573973
179780.000000 0.573109
179790.000000 0.572238
179800.000000 0.571361
179810.000000 0.570478
179820.000000 0.569588
179830.000000 0.568690
179840.000000 0.567785
179850.000000 0.566873
179860.000000 0.565952
179870.000000 0.565025
179880.000000 0.564092
179890.000000 0.563152
179900.000000 0.562206
179910.000000 0.561253
179920.000000 0.560294
179930.000000 0.559327
179940.000000 0.558354
179950.000000 0.557374
179960.000000 0.556387
179970.000000 0.555393
179980.000000 0.554392
179990.000000 0.553383
180000.000000 0.552368
180010.000000 0.551344
180020.000000 0.550314
180030.000000 0.549276
180040.000000 0.548230
180050.000000 0.547178
180060.000000 0.546118
180070.000000 0.545052
180080.000000 0.543978
180090.000000 0.542897
180100.000000 0.541809
180110.000000 0.540714
180120.000000 0.539612
180130.000000 0.538503
180140.000000 0.537388
180150.000000 0.536265
180160.000000 0.535135
180170.000000 0.533999
180180.000000 0.532856
180190.000000 0.531706
180200.000000 0.530547
180210.000000 0.529381
180220.000000 0.528207
180230.000000 0.527026
180240.000000 0.525838
180250.000000 0.524643
180260.000000 0.523442
180270.000000 0.522234
180280.000000 0.521020
180290.000000 0.519801
180300.000000 0.518577
180310.000000 0.517347
180320.000000 0.516113
180330.000000 0.514874
180340.000000 0.513631
180350.000000 0.512383
180360.000000 0.511129
180370.000000 0.509869
180380.000000 0.508603
180390.000000 0.507332
180400.000000 0.506055
180410.000000 0.504773
180420.000000 0.503485
180430.000000 0.502193
180440.000000 0.500895
180450.000000 0.499593
180460.000000 0.498287
180470.000000 0.496976
180480.000000 0.495661
180490.000000 0.494342
180500.000000 0.493019
180510.000000 0.491692
180520.000000 0.490361
180530.000000 0.489024
180540.000000 0.487683
180550.000000 0.486337
180560.000000 0.484986
180570.000000 0.483631
180580.000000 0.482271
180590.000000 0.480907
180600.000000 0.479540
180610.000000 0.478168
180620.000000 0.476792
180630.000000 0.475413
180640.000000 0.474030
180650.000000 0.472643
180660.000000 0.471253
180670.000000 0.469860
180680.000000 0.468464
180690.000000 0.467063
180700.000000 0.465659
180710.000000 0.464250
180720.000000 0.462838
180730.000000 0.461422
180740.000000 0.460003
180750.000000 0.458579
180760.000000 0.457152
180770.000000 0.455722
180780.000000 0.454287
180790.000000 0.452849
180800.000000 0.451407
180810.000000 0.449962
180820.000000 0.448513
180830.000000 0.447060
180840.000000 0.445604
180850.000000 0.444144
180860.000000 0.442679
180870.000000 0.441211
180880.000000 0.439739
180890.000000 0.438263
180900.000000 0.436783
180910.000000 0.435300
180920.000000 0.433814
180930.000000 0.432324
180940.000000 0.430831
180950.000000 0.429335
180960.000000 0.427836
180970.000000 0.426334
180980.000000 0.424830
180990.000000 0.423322
181000.000000 0.421812
181010.000000 0.420299
181020.000000 0.418782
181030.000000 0.417262
181040.000000 0.415738
181050.000000 0.414212
181060.000000 0.412682
181070.000000 0.411150
181080.000000 0.409614
181090.000000 0.408076
181100.000000 0.406535
181110.000000 0.404991
181120.000000 0.403444
181130.000000 0.401895
181140.000000 0.400343
181150.000000 0.398789
181160.000000 0.397233
181170.000000 0.395674
181180.000000 0.394112
181190.000000 0.392547
181200.000000 0.390979
181210.000000 0.389408
181220.000000 0.387835
181230.000000 0.386259
181240.000000 0.384681
181250.000000 0.383100
181260.000000 0.381517
181270.000000 0.379931
181280.000000 0.378343
181290.000000 0.376753
181300.000000 0.375160
181310.000000 0.373566
181320.000000 0.371969
181330.000000 0.370370
181340.000000 0.368768
181350.000000 0.367163
181360.000000 0.365556
181370.000000 0.363946
181380.000000 0.362333
181390.000000 0.360718
181400.000000 0.359101
181410.000000 0.357482
181420.000000 0.355861
181430.000000 0.354239
181440.000000 0.352615
181450.000000 0.350990
181460.000000 0.349364
181470.000000 0.347737
181480.000000 0.346109
181490.000000 0.344481
181500.000000 0.342849
181510.000000 0.341215
181520.000000 0.339577
181530.000000 0.337937
181540.000000 0.336295
181550.000000 0.334651
181560.000000 0.333006
181570.000000 0.331361
181580.000000 0.329716
181590.000000 0.328071
181600.000000 0.326427
181610.000000 0.324785
181620.000000 0.323144
181630.000000 0.321506
181640.000000 0.319871
181650.000000 0.318239
181660.000000 0.316610
181670.000000 0.314979
181680.000000 0.313347
181690.000000 0.311715
181700.000000 0.310083
181710.000000 0.308452
181720.000000 0.306823
181730.000000 0.305195
181740.000000 0.303571
181750.000000 0.301949
181760.000000 0.300331
181770.000000 0.298718
181780.000000 0.297110
181790.000000 0.295508
181800.000000 0.293913
181810.000000 0.292324
181820.000000 0.290743
181830.000000 0.289166
181840.000000 0.287593
181850.000000 0.286023
181860.000000 0.284458
181870.000000 0.282897
181880.000000 0.281340
181890.000000 0.279788
181900.000000 0.278242
181910.000000 0.276701
181920.000000 0.275166
181930.000000 0.273637
181940.000000 0.272114
181950.000000 0.270599
181960.000000 0.269090
181970.000000 0.267588
181980.000000 0.266094
181990.000000 0.264608
182000.000000 0.263129
182010.000000 0.261657
182020.000000 0.260192
182030.000000 0.258732
182040.000000 0.257280
182050.000000 0.255834
182060.000000 0.254394
182070.000000 0.252960
182080.000000 0.251532
182090.000000 0.250110
182100.000000 0.248694
182110.000000 0.247283
182120.000000 0.245878
182130.000000 0.244478
182140.000000 0.243083
182150.000000 0.241694
182160.000000 0.240310
182170.000000 0.238932
182180.000000 0.237562
182190.000000 0.236197
182200.000000 0.234838
182210.000000 0.233485
182220.000000 0.232137
182230.000000 0.230795
182240.000000 0.229457
182250.000000 0.228125
182260.000000 0.226798
182270.000000 0.225475
182280.000000 0.224156
182290.000000 0.222842
182300.000000 0.221531
182310.000000 0.220225
182320.000000 0.218922
182330.000000 0.217623
182340.000000 0.216329
182350.000000 0.215039
182360.000000 0.213754
182370.000000 0.212474
182380.000000 0.211198
182390.000000 0.209926
182400.000000 0.208659
182410.000000 0.207397
182420.000000 0.206139
182430.000000 0.204886
182440.000000 0.203637
182450.000000 0.202393
182460.000000 0.201154
182470.000000 0.199919
182480.000000 0.198689
182490.000000 0.197463
182500.000000 0.196242
182510.000000 0.195024
182520.000000 0.193810
182530.000000 0.192601
182540.000000 0.191396
182550.000000 0.190195
182560.000000 0.189000
182570.000000 0.187809
182580.000000 0.186624
182590.000000 0.185444
182600.000000 0.184269
182610.000000 0.183100
182620.000000 0.181936
182630.000000 0.180779
182640.000000 0.179627
182650.000000 0.178482
182660.000000 0.177343
182670.000000 0.176208
182680.000000 0.175079
182690.000000 0.173955
182700.000000 0.172837
182710.000000 0.171724
182720.000000 0.170616
182730.000000 0.169515
182740.000000 0.168418
182750.000000 0.167328
182760.000000 0.166243
182770.000000 0.165164
182780.000000 0.164091
182790.000000 0.163024
182800.000000 0.161963
182810.000000 0.160908
182820.000000 0.159859
182830.000000 0.158816
182840.000000 0.157779
182850.000000 0.156748
182860.000000 0.155723
182870.000000 0.154704
182880.000000 0.153690
182890.000000 0.152682
182900.000000 0.151680
182910.000000 0.150684
182920.000000 0.149694
182930.000000 0.148709
182940.000000 0.147730
182950.000000 0.146757
182960.000000 0.145789
182970.000000 0.144827
182980.000000 0.143870
182990.000000 0.142919
183000.000000 0.141975
183010.000000 0.141036
183020.000000 0.140103
183030.000000 0.139176
183040.000000 0.138255
183050.000000 0.137339
183060.000000 0.136429
183070.000000 0.135525
183080.000000 0.134626
183090.000000 0.133732
183100.000000 0.132843
183110.000000 0.131959
183120.000000 0.131080
183130.000000 0.130207
183140.000000 0.129337
183150.000000 0.128473
183160.000000 0.127613
183170.000000 0.126759
183180.000000 0.125910
183190.000000 0.125066
183200.000000 0.124227
183210.000000 0.123393
183220.000000 0.122564
183230.000000 0.121740
183240.000000 0.120922
183250.000000 0.120108
183260.000000 0.119300
183270.000000 0.118496
183280.000000 0.117697
183290.000000 0.116903
183300.000000 0.116115
183310.000000 0.115331
183320.000000 0.114552
183330.000000 0.113778
183340.000000 0.113009
183350.000000 0.112246
183360.000000 0.111488
183370.000000 0.110734
183380.000000 0.109986
183390.000000 0.109243
183400.000000 0.108504
183410.000000 0.107770
183420.000000 0.107041
183430.000000 0.106317
183440.000000 0.105597
183450.000000 0.104882
183460.000000 0.104172
183470.000000 0.103465
183480.000000 0.102763
183490.000000 0.102066
183500.000000 0.101373
183510.000000 0.100684
183520.000000 0.100001
183530.000000 0.099321
183540.000000 0.098647
183550.000000 0.097977
183560.000000 0.097312
183570.000000 0.096651
183580.000000 0.095995
183590.000000 0.095343
183600.000000 0.094696
183610.000000 0.094053
183620.000000 0.093414
183630.000000 0.092781
183640.000000 0.092151
183650.000000 0.091525
183660.000000 0.090905
183670.000000 0.090289
183680.000000 0.089677
183690.000000 0.089071
183700.000000 0.088469
183710.000000 0.087872
183720.000000 0.087279
183730.000000 0.086691
183740.000000 0.086106
183750.000000 0.085526
183760.000000 0.084950
183770.000000 0.084378
183780.000000 0.083810
183790.000000 0.083245
183800.000000 0.082684
183810.000000 0.082127
183820.000000 0.081573
183830.000000 0.081023
183840.000000 0.080476
183850.000000 0.079933
183860.000000 0.079394
183870.000000 0.078859
183880.000000 0.078328
183890.000000 0.077800
183900.000000 0.077276
183910.000000 0.076757
183920.000000 0.076241
183930.000000 0.075729
183940.000000 0.075221
183950.000000 0.074717
183960.000000 0.074217
183970.000000 0.073721
183980.000000 0.073230
183990.000000 0.072742
184000.000000 0.072259
184010.000000 0.071780
184020.000000 0.071305
184030.000000 0.070835
184040.000000 0.070369
184050.000000 0.069907
184060.000000 0.069449
184070.000000 0.068995
184080.000000 0.068544
184090.000000 0.068098
184100.000000 0.067655
184110.000000 0.067215
184120.000000 0.066779
184130.000000 0.066346
184140.000000 0.065916
184150.000000 0.065489
184160.000000 0.065065
184170.000000 0.064645
184180.000000 0.064228
184190.000000 0.063815
184200.000000 0.063406
184210.000000 0.063000
184220.000000 0.062598
184230.000000 0.062199
184240.000000 0.061803
184250.000000 0.061410
184260.000000 0.061021
184270.000000 0.060635
184280.000000 0.060252
184290.000000 0.059871
184300.000000 0.059493
184310.000000 0.059118
184320.000000 0.058746
184330.000000 0.058376
184340.000000 0.058009
184350.000000 0.057646
184360.000000 0.057287
184370.000000 0.056931
184380.000000 0.056579
184390.000000 0.056229
184400.000000 0.055883
184410.000000 0.055539
184420.000000 0.055197
184430.000000 0.054858
184440.000000 0.054521
184450.000000 0.054185
184460.000000 0.053852
184470.000000 0.053519
184480.000000 0.053187
184490.000000 0.052857
184500.000000 0.052527
184510.000000 0.052198
184520.000000 0.051871
184530.000000 0.051546
184540.000000 0.051222
184550.000000 0.050900
184560.000000 0.050580
184570.000000 0.050261
184580.000000 0.049944
184590.000000 0.049629
184600.000000 0.049315
184610.000000 0.049003
184620.000000 0.048692
184630.000000 0.048383
184640.000000 0.048075
184650.000000 0.047769
184660.000000 0.047465
184670.000000 0.047162
184680.000000 0.046860
184690.000000 0.046560
184700.000000 0.046261
184710.000000 0.045964
184720.000000 0.045669
184730.000000 0.045375
184740.000000 0.045083
184750.000000 0.044793
184760.000000 0.044503
184770.000000 0.044216
184780.000000 0.043930
184790.000000 0.043645
184800.000000 0.043361
184810.000000 0.043079
184820.000000 0.042799
184830.000000 0.042520
184840.000000 0.042242
184850.000000 0.041966
184860.000000 0.041690
184870.000000 0.041416
184880.000000 0.041142
184890.000000 0.040871
184900.000000 0.040600
184910.000000 0.040331
184920.000000 0.040063
184930.000000 0.039797
184940.000000 0.039533
184950.000000 0.039271
184960.000000 0.039010
184970.000000 0.038751
184980.000000 0.038494
184990.000000 0.038239
185000.000000 0.037987
185010.000000 0.037736
185020.000000 0.037488
185030.000000 0.037242
185040.000000 0.036998
185050.000000 0.036756
185060.000000 0.036516
185070.000000 0.036278
185080.000000 0.036041
185090.000000 0.035807
185100.000000 0.035574
185110.000000 0.035343
185120.000000 0.035114
185130.000000 0.034887
185140.000000 0.034661
185150.000000 0.034437
185160.000000 0.034214
185170.000000 0.033993
185180.000000 0.033773
185190.000000 0.033555
185200.000000 0.033338
185210.000000 0.033123
185220.000000 0.032909
185230.000000 0.032697
185240.000000 0.032487
185250.000000 0.032279
185260.000000 0.032072
185270.000000 0.031867
185280.000000 0.031663
185290.000000 0.031461
185300.000000 0.031261
185310.000000 0.031062
185320.000000 0.030865
185330.000000 0.030670
185340.000000 0.030476
185350.000000 0.030284
185360.000000 0.030093
185370.000000 0.029905
185380.000000 0.029718
185390.000000 0.029534
185400.000000 0.029351
185410.000000 0.029170
185420.000000 0.028990
185430.000000 0.028812
185440.000000 0.028636
185450.000000 0.028461
185460.000000 0.028287
185470.000000 0.028115
185480.000000 0.027944
185490.000000 0.027774
185500.000000 0.027606
185510.000000 0.027438
185520.000000 0.027271
185530.000000 0.027105
185540.000000 0.026941
185550.000000 0.026777
185560.000000 0.026615
185570.000000 0.026454
185580.000000 0.026295
185590.000000 0.026137
185600.000000 0.025980
185610.000000 0.025824
185620.000000 0.025670
185630.000000 0.025516
185640.000000 0.025364
185650.000000 0.025212
185660.000000 0.025062
185670.000000 0.024912
185680.000000 0.024764
185690.000000 0.024616
185700.000000 0.024470
185710.000000 0.024324
185720.000000 0.024180
185730.000000 0.024038
185740.000000 0.023896
185750.000000 0.023756
185760.000000 0.023617
185770.000000 0.023479
185780.000000 0.023342
185790.000000 0.023206
185800.000000 0.023070
185810.000000 0.022935
185820.000000 0.022801
185830.000000 0.022667
185840.000000 0.022534
185850.000000 0.022401
185860.000000 0.022268
185870.000000 0.022136
185880.000000 0.022003
185890.000000 0.021871
185900.000000 0.021740
185910.000000 0.021610
185920.000000 0.021480
185930.000000 0.021350
185940.000000 0.021221
185950.000000 0.021093
185960.000000 0.020965
185970.000000 0.020838
185980.000000 0.020711
185990.000000 0.020584
186000.000000 0.020458
186010.000000 0.020331
186020.000000 0.020206
186030.000000 0.020080
186040.000000 0.019955
186050.000000 0.019830
186060.000000 0.019705
186070.000000 0.019580
186080.000000 0.019456
186090.000000 0.019332
186100.000000 0.019208
186110.000000 0.019084
186120.000000 0.018961
186130.000000 0.018839
186140.000000 0.018716
186150.000000 0.018594
186160.000000 0.018473
186170.000000 0.018352
186180.000000 0.018231
186190.000000 0.018111
186200.000000 0.017991
186210.000000 0.017872
186220.000000 0.017754
186230.000000 0.017636
186240.000000 0.017517
186250.000000 0.017399
186260.000000 0.017281
186270.000000 0.017163
186280.000000 0.017046
186290.000000 0.016929
186300.000000 0.016812
186310.000000 0.016696
186320.000000 0.016582
186330.000000 0.016468
186340.000000 0.016355
186350.000000 0.016243
186360.000000 0.016132
186370.000000 0.016023
186380.000000 0.015915
186390.000000 0.015808
186400.000000 0.015703
186410.000000 0.015599
186420.000000 0.015496
186430.000000 0.015393
186440.000000 0.015292
186450.000000 0.015191
186460.000000 0.015092
186470.000000 0.014993
186480.000000 0.014896
186490.000000 0.014800
186500.000000 0.014706
186510.000000 0.014612
186520.000000 0.014520
186530.000000 0.014430
186540.000000 0.014341
186550.000000 0.014254
186560.000000 0.014168
186570.000000 0.014084
186580.000000 0.014002
186590.000000 0.013922
186600.000000 0.013843
186610.000000 0.013765
186620.000000 0.013689
186630.000000 0.013615
186640.000000 0.013541
186650.000000 0.013470
186660.000000 0.013399
186670.000000 0.013330
186680.000000 0.013262
186690.000000 0.013195
186700.000000 0.013129
186710.000000 0.013064
186720.000000 0.013001
186730.000000 0.012938
186740.000000 0.012876
186750.000000 0.012816
186760.000000 0.012757
186770.000000 0.012700
186780.000000 0.012645
186790.000000 0.012591
186800.000000 0.012538
186810.000000 0.012487
186820.000000 0.012436
186830.000000 0.012387
186840.000000 0.012338
186850.000000 0.012289
186860.000000 0.012241
186870.000000 0.012193
186880.000000 0.012145
186890.000000 0.012097
186900.000000 0.012048
186910.000000 0.011999
186920.000000 0.011950
186930.000000 0.011902
186940.000000 0.011854
186950.000000 0.011807
186960.000000 0.011761
186970.000000 0.011714
186980.000000 0.011669
186990.000000 0.011623
187000.000000 0.011578
187010.000000 0.011532
187020.000000 0.011486
187030.000000 0.011439
187040.000000 0.011392
187050.000000 0.011344
187060.000000 0.011295
187070.000000 0.011246
187080.000000 0.011195
187090.000000 0.011142
187100.000000 0.011089
187110.000000 0.011035
187120.000000 0.010981
187130.000000 0.010926
187140.000000 0.010870
187150.000000 0.010814
187160.000000 0.010757
187170.000000 0.010700
187180.000000 0.010642
187190.000000 0.010583
187200.000000 0.010524
187210.000000 0.010463
187220.000000 0.010402
187230.000000 0.010340
187240.000000 0.010277
187250.000000 0.010214
187260.000000 0.010149
187270.000000 0.010084
187280.000000 0.010017
187290.000000 0.009948
187300.000000 0.009879
187310.000000 0.009809
187320.000000 0.009737
187330.000000 0.009665
187340.000000 0.009592
187350.000000 0.009519
187360.000000 0.009444
187370.000000 0.009370
187380.000000 0.009295
187390.000000 0.009220
187400.000000 0.009146
187410.000000 0.009071
187420.000000 0.008996
187430.000000 0.008922
187440.000000 0.008848
187450.000000 0.008774
187460.000000 0.008699
187470.000000 0.008623
187480.000000 0.008547
187490.000000 0.008470
187500.000000 0.008393
187510.000000 0.008315
187520.000000 0.008238
187530.000000 0.008161
187540.000000 0.008085
187550.000000 0.008009
187560.000000 0.007933
187570.000000 0.007859
187580.000000 0.007785
187590.000000 0.007713
187600.000000 0.007643
187610.000000 0.007573
187620.000000 0.007506
187630.000000 0.007439
187640.000000 0.007373
187650.000000 0.007307
187660.000000 0.007242
187670.000000 0.007178
187680.000000 0.007115
187690.000000 0.007052
187700.000000 0.006991
187710.000000 0.006930
187720.000000 0.006871
187730.000000 0.006813
187740.000000 0.006756
187750.000000 0.006700
187760.000000 0.006647
187770.000000 0.006594
187780.000000 0.006544
187790.000000 0.006495
187800.000000 0.006448
187810.000000 0.006402
187820.000000 0.006358
187830.000000 0.006316
187840.000000 0.006275
187850.000000 0.006236
187860.000000 0.006198
187870.000000 0.006161
187880.000000 0.006126
187890.000000 0.006091
187900.000000 0.006058
187910.000000 0.006026
187920.000000 0.005995
187930.000000 0.005966
187940.000000 0.005936
187950.000000 0.005908
187960.000000 0.005881
187970.000000 0.005855
187980.000000 0.005830
187990.000000 0.005806
188000.000000 0.005784
188010.000000 0.005764
188020.000000 0.005745
188030.000000 0.005727
188040.000000 0.005710
188050.000000 0.005694
188060.000000 0.005679
188070.000000 0.005664
188080.000000 0.005650
188090.000000 0.005636
188100.000000 0.005623
188110.000000 0.005609
188120.000000 0.005596
188130.000000 0.005583
188140.000000 0.005569
188150.000000 0.005555
188160.000000 0.005541
188170.000000 0.005528
188180.000000 0.005516
188190.000000 0.005504
188200.000000 0.005493
188210.000000 0.005482
188220.000000 0.005471
188230.000000 0.005460
188240.000000 0.005450
188250.000000 0.005439
188260.000000 0.005429
188270.000000 0.005418
188280.000000 0.005407
188290.000000 0.005396
188300.000000 0.005384
188310.000000 0.005372
188320.000000 0.005360
188330.000000 0.005347
188340.000000 0.005333
188350.000000 0.005320
188360.000000 0.005306
188370.000000 0.005293
188380.000000 0.005279
188390.000000 0.005265
188400.000000 0.005250
188410.000000 0.005236
188420.000000 0.005222
188430.000000 0.005207
188440.000000 0.005192
188450.000000 0.005177
188460.000000 0.005162
188470.000000 0.005147
188480.000000 0.005132
188490.000000 0.005116
188500.000000 0.005101
188510.000000 0.005085
188520.000000 0.005069
188530.000000 0.005053
188540.000000 0.005037
188550.000000 0.005020
188560.000000 0.005003
188570.000000 0.004986
188580.000000 0.004969
188590.000000 0.004952
188600.000000 0.004934
188610.000000 0.004917
188620.000000 0.004901
188630.000000 0.004884
188640.000000 0.004867
188650.000000 0.004851
188660.000000 0.004835
188670.000000 0.004819
188680.000000 0.004803
188690.000000 0.004788
188700.000000 0.004773
188710.000000 0.004758
188720.000000 0.004744
188730.000000 0.004729
188740.000000 0.004715
188750.000000 0.004701
188760.000000 0.004687
188770.000000 0.004673
188780.000000 0.004659
188790.000000 0.004645
188800.000000 0.004632
188810.000000 0.004619
188820.000000 0.004606
188830.000000 0.004593
188840.000000 0.004580
188850.000000 0.004567
188860.000000 0.004555
188870.000000 0.004542
188880.000000 0.004531
188890.000000 0.004519
188900.000000 0.004508
188910.000000 0.004497
188920.000000 0.004486
188930.000000 0.004476
188940.000000 0.004465
188950.000000 0.004454
188960.000000 0.004444
188970.000000 0.004433
188980.000000 0.004423
188990.000000 0.004412
189000.000000 0.004402
189010.000000 0.004391
189020.000000 0.004380
189030.000000 0.004369
189040.000000 0.004357
189050.000000 0.004346
189060.000000 0.004334
189070.000000 0.004323
189080.000000 0.004312
189090.000000 0.004301
189100.000000 0.004290
189110.000000 0.004278
189120.000000 0.004267
189130.000000 0.004255
189140.000000 0.004243
189150.000000 0.004232
189160.000000 0.004219
189170.000000 0.004207
189180.000000 0.004194
189190.000000 0.004181
189200.000000 0.004167
189210.000000 0.004153
189220.000000 0.004138
189230.000000 0.004123
189240.000000 0.004108
189250.000000 0.004092
189260.000000 0.004075
189270.000000 0.004059
189280.000000 0.004042
189290.000000 0.004025
189300.000000 0.004007
