81770.000000 0.004034
81800.000000 0.004310
81830.000000 0.004599
81850.000000 0.004799
81860.000000 0.004901
81890.000000 0.005216
81920.000000 0.005544
81930.000000 0.005657
81950.000000 0.005887
81980.000000 0.006244
82010.000000 0.006617
82020.000000 0.006746
82040.000000 0.007010
82060.000000 0.007283
82070.000000 0.007424
82100.000000 0.007863
82110.000000 0.008016
82130.000000 0.008331
82150.000000 0.008660
82160.000000 0.008830
82190.000000 0.009362
82200.000000 0.009548
82220.000000 0.009932
82240.000000 0.010330
82250.000000 0.010540
82280.000000 0.011190
82310.000000 0.011890
82330.000000 0.012390
82340.000000 0.012640
82370.000000 0.013440
82400.000000 0.014300
82410.000000 0.014600
82430.000000 0.015210
82460.000000 0.016190
82490.000000 0.017230
82500.000000 0.017590
82520.000000 0.018340
82540.000000 0.019110
82550.000000 0.019520
82580.000000 0.020780
82590.000000 0.021230
82610.000000 0.022170
82630.000000 0.023170
82640.000000 0.023690
82670.000000 0.025390
82680.000000 0.026010
82700.000000 0.027300
82720.000000 0.028700
82730.000000 0.029440
82760.000000 0.031850
82790.000000 0.034550
82810.000000 0.036540
82820.000000 0.037590
82850.000000 0.040990
82880.000000 0.044790
82890.000000 0.046150
82910.000000 0.049030
82940.000000 0.053730
82970.000000 0.058960
82980.000000 0.060820
83000.000000 0.064730
83020.000000 0.068910
83030.000000 0.071100
83060.000000 0.078060
83070.000000 0.080510
83090.000000 0.085600
83110.000000 0.090930
83120.000000 0.093680
83150.000000 0.102300
83160.000000 0.105200
83180.000000 0.111400
83200.000000 0.117700
83210.000000 0.121000
83240.000000 0.131000
83270.000000 0.141500
83290.000000 0.148700
83300.000000 0.152300
83330.000000 0.163600
83360.000000 0.175100
83370.000000 0.179100
83390.000000 0.187000
83420.000000 0.199100
83450.000000 0.211500
83460.000000 0.215700
83480.000000 0.224100
83500.000000 0.232600
83510.000000 0.236900
83540.000000 0.249900
83550.000000 0.254300
83570.000000 0.263100
83590.000000 0.271900
83600.000000 0.276400
83630.000000 0.289800
83660.000000 0.303300
83680.000000 0.312400
83690.000000 0.316900
83720.000000 0.330500
83750.000000 0.344200
83770.000000 0.353300
83780.000000 0.357800
83810.000000 0.371400
83840.000000 0.385000
83850.000000 0.389500
83870.000000 0.398500
83900.000000 0.411900
83930.000000 0.425100
83940.000000 0.429500
83960.000000 0.438200
83980.000000 0.446800
83990.000000 0.451100
84020.000000 0.463800
84030.000000 0.468000
84050.000000 0.476400
84070.000000 0.484600
84080.000000 0.488600
84110.000000 0.500600
84140.000000 0.512400
84160.000000 0.520200
84170.000000 0.524000
84200.000000 0.535400
84230.000000 0.546600
84250.000000 0.553900
84260.000000 0.557600
84290.000000 0.568500
84320.000000 0.579200
84330.000000 0.582800
84350.000000 0.589800
84380.000000 0.600400
84410.000000 0.610800
84420.000000 0.614200
84440.000000 0.621100
84460.000000 0.628000
84470.000000 0.631400
84500.000000 0.641600
84510.000000 0.645000
84530.000000 0.651800
84550.000000 0.658600
84560.000000 0.661900
84590.000000 0.672100
84620.000000 0.682200
84640.000000 0.689000
84650.000000 0.692300
84680.000000 0.702400
84710.000000 0.712300
84730.000000 0.718800
84740.000000 0.722100
84770.000000 0.731700
84800.000000 0.741100
84810.000000 0.744100
84830.000000 0.750200
84860.000000 0.759100
84890.000000 0.767600
84900.000000 0.770400
84920.000000 0.775800
84940.000000 0.781100
84950.000000 0.783700
84980.000000 0.791100
84990.000000 0.793500
85020.000000 0.800400
85030.000000 0.802500
85050.000000 0.806800
85070.000000 0.810700
85080.000000 0.812700
85110.000000 0.818000
85120.000000 0.819700
85140.000000 0.822900
85160.000000 0.825800
85170.000000 0.827200
85200.000000 0.830800
85210.000000 0.831900
85230.000000 0.833800
85250.000000 0.835500
85260.000000 0.836200
85290.000000 0.837800
85320.000000 0.838800
85340.000000 0.839000
85350.000000 0.839000
85380.000000 0.838500
85410.000000 0.837500
85420.000000 0.837000
85440.000000 0.835900
85470.000000 0.834000
85500.000000 0.831600
85510.000000 0.830700
85530.000000 0.828900
85550.000000 0.827000
85560.000000 0.826000
85590.000000 0.822900
85600.000000 0.821800
85620.000000 0.819700
85640.000000 0.817500
85650.000000 0.816300
85680.000000 0.813000
85710.000000 0.809600
85730.000000 0.807300
85740.000000 0.806100
85770.000000 0.802600
85800.000000 0.799100
85820.000000 0.796800
85830.000000 0.795600
85860.000000 0.792100
85890.000000 0.788700
85900.000000 0.787500
85920.000000 0.785200
85950.000000 0.781800
85980.000000 0.778400
85990.000000 0.777300
86010.000000 0.775100
86030.000000 0.772900
86040.000000 0.771800
86070.000000 0.768600
86080.000000 0.767600
86100.000000 0.765500
86120.000000 0.763500
86130.000000 0.762500
86160.000000 0.759500
86190.000000 0.756700
86210.000000 0.754900
86220.000000 0.754000
86250.000000 0.751500
86280.000000 0.749000
86300.000000 0.747500
86310.000000 0.746700
86340.000000 0.744500
86370.000000 0.742500
86380.000000 0.741800
86400.000000 0.740500
86430.000000 0.738700
86460.000000 0.737000
86470.000000 0.736400
86490.000000 0.735400
86510.000000 0.734300
86520.000000 0.733800
86550.000000 0.732400
86560.000000 0.732000
86580.000000 0.731100
86600.000000 0.730300
86610.000000 0.729900
86640.000000 0.728700
86670.000000 0.727700
86690.000000 0.727000
86700.000000 0.726700
86730.000000 0.725800
86760.000000 0.725000
86780.000000 0.724500
86790.000000 0.724200
86820.000000 0.723500
86850.000000 0.722900
86860.000000 0.722700
86880.000000 0.722400
86910.000000 0.721800
86940.000000 0.721400
86950.000000 0.721200
86970.000000 0.721000
86990.000000 0.720700
87000.000000 0.720600
87030.000000 0.720300
87040.000000 0.720200
87060.000000 0.720000
87080.000000 0.719800
87090.000000 0.719700
87120.000000 0.719500
87150.000000 0.719300
87170.000000 0.719200
87180.000000 0.719100
87210.000000 0.719000
87240.000000 0.718900
87250.000000 0.718900
87270.000000 0.718900
87300.000000 0.718900
87330.000000 0.719000
87340.000000 0.719000
87360.000000 0.719100
87390.000000 0.719300
87420.000000 0.719500
87430.000000 0.719600
87450.000000 0.719800
87470.000000 0.720000
87480.000000 0.720100
87510.000000 0.720600
87520.000000 0.720700
87540.000000 0.721100
87560.000000 0.721400
87570.000000 0.721600
87600.000000 0.722300
87630.000000 0.723000
87650.000000 0.723500
87660.000000 0.723800
87690.000000 0.724700
87720.000000 0.725700
87730.000000 0.726100
87750.000000 0.726800
87780.000000 0.728000
87810.000000 0.729200
87820.000000 0.729700
87840.000000 0.730600
87870.000000 0.732100
87900.000000 0.733700
87910.000000 0.734200
87930.000000 0.735300
87950.000000 0.736500
87960.000000 0.737100
87990.000000 0.738900
88000.000000 0.739500
88020.000000 0.740800
88040.000000 0.742100
88050.000000 0.742800
88080.000000 0.744800
88110.000000 0.746900
88130.000000 0.748300
88140.000000 0.749000
88170.000000 0.751200
88200.000000 0.753400
88210.000000 0.754100
88230.000000 0.755600
88260.000000 0.757900
88290.000000 0.760200
88300.000000 0.761000
88320.000000 0.762500
88350.000000 0.764800
88380.000000 0.767100
88390.000000 0.767900
88410.000000 0.769400
88430.000000 0.770900
88440.000000 0.771700
88470.000000 0.773900
88480.000000 0.774700
88500.000000 0.776200
88520.000000 0.777600
88530.000000 0.778400
88560.000000 0.780500
88590.000000 0.782700
88610.000000 0.784100
88620.000000 0.784700
88650.000000 0.786800
88680.000000 0.788700
88690.000000 0.789400
88710.000000 0.790600
88740.000000 0.792400
88770.000000 0.794200
88780.000000 0.794700
88800.000000 0.795800
88820.000000 0.796900
88830.000000 0.797400
88860.000000 0.798900
88870.000000 0.799300
88890.000000 0.800200
88910.000000 0.801100
88920.000000 0.801500
88950.000000 0.802600
88960.000000 0.803000
88980.000000 0.803700
89000.000000 0.804300
89010.000000 0.804600
89040.000000 0.805300
89070.000000 0.806000
89090.000000 0.806300
89100.000000 0.806500
89130.000000 0.806800
89160.000000 0.807000
89170.000000 0.807100
89190.000000 0.807100
89220.000000 0.807000
89250.000000 0.806700
89260.000000 0.806600
89280.000000 0.806300
89300.000000 0.805900
89310.000000 0.805800
89340.000000 0.805100
89350.000000 0.804800
89370.000000 0.804300
89390.000000 0.803700
89400.000000 0.803400
89430.000000 0.802400
89440.000000 0.802100
89460.000000 0.801300
89480.000000 0.800500
89490.000000 0.800100
89520.000000 0.798800
89550.000000 0.797500
89570.000000 0.796500
89580.000000 0.796000
89610.000000 0.794600
89640.000000 0.793000
89650.000000 0.792500
89670.000000 0.791400
89700.000000 0.789700
89730.000000 0.788000
89740.000000 0.787500
89760.000000 0.786300
89780.000000 0.785100
89790.000000 0.784600
89820.000000 0.782800
89830.000000 0.782200
89850.000000 0.781000
89870.000000 0.779800
89880.000000 0.779200
89910.000000 0.777400
89920.000000 0.776800
89940.000000 0.775600
89960.000000 0.774400
89970.000000 0.773800
90000.000000 0.772000
90020.000000 0.770900
90030.000000 0.770300
90040.000000 0.769700
90050.000000 0.769200
90060.000000 0.768600
90080.000000 0.767500
90090.000000 0.766900
90100.000000 0.766400
90120.000000 0.765300
90130.000000 0.764700
90140.000000 0.764200
90150.000000 0.763700
90160.000000 0.763200
90180.000000 0.762200
90200.000000 0.761200
90210.000000 0.760700
90220.000000 0.760200
90230.000000 0.759800
90240.000000 0.759300
90250.000000 0.758900
90260.000000 0.758400
90270.000000 0.758000
90280.000000 0.757600
90300.000000 0.756700
90310.000000 0.756300
90320.000000 0.756000
90330.000000 0.755600
90340.000000 0.755200
90350.000000 0.754900
90360.000000 0.754500
90380.000000 0.753900
90390.000000 0.753600
90400.000000 0.753300
90420.000000 0.752700
90430.000000 0.752400
90440.000000 0.752200
90450.000000 0.751900
90460.000000 0.751600
90480.000000 0.751200
90500.000000 0.750700
90510.000000 0.750500
90520.000000 0.750300
90530.000000 0.750100
90540.000000 0.749900
90550.000000 0.749700
90560.000000 0.749500
90570.000000 0.749300
90580.000000 0.749100
90600.000000 0.748700
90610.000000 0.748600
90620.000000 0.748400
90630.000000 0.748200
90640.000000 0.748100
90650.000000 0.747900
90660.000000 0.747700
90680.000000 0.747400
90690.000000 0.747200
90700.000000 0.747000
90720.000000 0.746700
90730.000000 0.746500
90740.000000 0.746400
90750.000000 0.746200
90760.000000 0.746000
90780.000000 0.745600
90790.000000 0.745500
90800.000000 0.745300
90810.000000 0.745100
90820.000000 0.744900
90830.000000 0.744700
90840.000000 0.744500
90850.000000 0.744200
90860.000000 0.744000
90870.000000 0.743800
90880.000000 0.743600
90900.000000 0.743100
90920.000000 0.742500
90930.000000 0.742300
90940.000000 0.742000
90950.000000 0.741700
90960.000000 0.741400
90980.000000 0.740800
90990.000000 0.740500
91000.000000 0.740100
91010.000000 0.739800
91020.000000 0.739400
91030.000000 0.739000
91040.000000 0.738700
91050.000000 0.738300
91060.000000 0.737900
91080.000000 0.737000
91090.000000 0.736600
91100.000000 0.736100
91110.000000 0.735600
91120.000000 0.735100
91130.000000 0.734600
91140.000000 0.734100
91150.000000 0.733600
91160.000000 0.733000
91170.000000 0.732500
91180.000000 0.731900
91200.000000 0.730700
91210.000000 0.730100
91220.000000 0.729500
91230.000000 0.728800
91240.000000 0.728200
91250.000000 0.727500
91260.000000 0.726800
91270.000000 0.726100
91280.000000 0.725400
91290.000000 0.724600
91300.000000 0.723900
91310.000000 0.723100
91320.000000 0.722300
91330.000000 0.721500
91340.000000 0.720700
91350.000000 0.719800
91360.000000 0.719000
91380.000000 0.717200
91400.000000 0.715400
91410.000000 0.714500
91420.000000 0.713500
91430.000000 0.712600
91440.000000 0.711600
91450.000000 0.710600
91460.000000 0.709500
91470.000000 0.708500
91480.000000 0.707500
91490.000000 0.706400
91500.000000 0.705300
91520.000000 0.703100
91530.000000 0.701900
91540.000000 0.700800
91550.000000 0.699600
91560.000000 0.698400
91570.000000 0.697200
91580.000000 0.696000
91590.000000 0.694700
91600.000000 0.693500
91620.000000 0.690900
91630.000000 0.689600
91640.000000 0.688200
91650.000000 0.686900
91660.000000 0.685500
91680.000000 0.682700
91700.000000 0.679800
91710.000000 0.678300
91720.000000 0.676800
91730.000000 0.675300
91740.000000 0.673800
91750.000000 0.672200
91760.000000 0.670600
91770.000000 0.669000
91780.000000 0.667400
91790.000000 0.665800
91800.000000 0.664100
91820.000000 0.660700
91830.000000 0.659000
91840.000000 0.657300
91850.000000 0.655500
91860.000000 0.653700
91880.000000 0.650100
91890.000000 0.648200
91900.000000 0.646300
91920.000000 0.642500
91930.000000 0.640500
91940.000000 0.638600
91950.000000 0.636600
91960.000000 0.634500
91980.000000 0.630400
92000.000000 0.626200
92010.000000 0.624100
92020.000000 0.621900
92030.000000 0.619700
92040.000000 0.617500
92050.000000 0.615200
92060.000000 0.613000
92070.000000 0.610700
92080.000000 0.608300
92100.000000 0.603600
92120.000000 0.598800
92130.000000 0.596300
92140.000000 0.593900
92150.000000 0.591400
92160.000000 0.588800
92180.000000 0.583700
92190.000000 0.581100
92200.000000 0.578500
92220.000000 0.573100
92230.000000 0.570400
92240.000000 0.567600
92250.000000 0.564900
92260.000000 0.562100
92270.000000 0.559200
92280.000000 0.556400
92300.000000 0.550600
92310.000000 0.547600
92320.000000 0.544700
92330.000000 0.541700
92340.000000 0.538700
92350.000000 0.535600
92360.000000 0.532500
92370.000000 0.529400
92380.000000 0.526300
92400.000000 0.519900
92420.000000 0.513400
92430.000000 0.510100
92440.000000 0.506800
92450.000000 0.503500
92460.000000 0.500100
92480.000000 0.493300
92490.000000 0.489800
92500.000000 0.486300
92520.000000 0.479200
92530.000000 0.475700
92540.000000 0.472000
92550.000000 0.468400
92560.000000 0.464700
92580.000000 0.457400
92600.000000 0.449900
92610.000000 0.446100
92620.000000 0.442300
92630.000000 0.438500
92640.000000 0.434700
92650.000000 0.430800
92660.000000 0.426900
92670.000000 0.423100
92680.000000 0.419200
92700.000000 0.411300
92710.000000 0.407400
92720.000000 0.403400
92730.000000 0.399500
92740.000000 0.395500
92750.000000 0.391500
92760.000000 0.387600
92770.000000 0.383600
92780.000000 0.379600
92790.000000 0.375600
92800.000000 0.371600
92820.000000 0.363500
92830.000000 0.359500
92840.000000 0.355500
92850.000000 0.351500
92860.000000 0.347500
92880.000000 0.339500
92890.000000 0.335400
92900.000000 0.331400
92910.000000 0.327400
92920.000000 0.323500
92930.000000 0.319500
92940.000000 0.315500
92950.000000 0.311500
92960.000000 0.307600
92970.000000 0.303600
92980.000000 0.299700
93000.000000 0.291800
93010.000000 0.287900
93020.000000 0.284000
93030.000000 0.280200
93040.000000 0.276300
93050.000000 0.272500
93060.000000 0.268700
93080.000000 0.261100
93090.000000 0.257300
93100.000000 0.253600
93120.000000 0.246200
93130.000000 0.242500
93140.000000 0.238900
93150.000000 0.235200
93160.000000 0.231600
93180.000000 0.224600
93190.000000 0.221000
93200.000000 0.217600
93210.000000 0.214100
93220.000000 0.210700
93230.000000 0.207400
93240.000000 0.204000
93250.000000 0.200700
93260.000000 0.197500
93270.000000 0.194200
93280.000000 0.191100
93300.000000 0.184800
93320.000000 0.178700
93330.000000 0.175700
93340.000000 0.172800
93350.000000 0.169900
93360.000000 0.167000
93370.000000 0.164200
93380.000000 0.161400
93390.000000 0.158600
93400.000000 0.155900
93420.000000 0.150600
93430.000000 0.148000
93440.000000 0.145400
93450.000000 0.142900
93460.000000 0.140400
93480.000000 0.135500
93490.000000 0.133100
93500.000000 0.130800
93510.000000 0.128500
93520.000000 0.126200
93530.000000 0.123900
93540.000000 0.121700
93550.000000 0.119600
93560.000000 0.117400
93570.000000 0.115300
93580.000000 0.113200
93600.000000 0.109200
93610.000000 0.107200
93620.000000 0.105300
93630.000000 0.103400
93640.000000 0.101500
93650.000000 0.099690
93660.000000 0.097870
93670.000000 0.096090
93680.000000 0.094330
93690.000000 0.092610
93700.000000 0.090910
93710.000000 0.089250
93720.000000 0.087610
93730.000000 0.086010
93740.000000 0.084430
93750.000000 0.082880
93760.000000 0.081360
93780.000000 0.078390
93800.000000 0.075540
93810.000000 0.074150
93820.000000 0.072790
93830.000000 0.071450
93840.000000 0.070140
93850.000000 0.068850
93860.000000 0.067590
93870.000000 0.066350
93880.000000 0.065140
93900.000000 0.062780
93920.000000 0.060510
93930.000000 0.059400
93940.000000 0.058320
93950.000000 0.057260
93960.000000 0.056220
93970.000000 0.055200
93980.000000 0.054200
93990.000000 0.053220
94000.000000 0.052260
94010.000000 0.051320
94020.000000 0.050400
94030.000000 0.049490
94040.000000 0.048610
94050.000000 0.047740
94060.000000 0.046890
94080.000000 0.045240
94090.000000 0.044440
94100.000000 0.043660
94110.000000 0.042900
94120.000000 0.042160
94130.000000 0.041430
94140.000000 0.040720
94150.000000 0.040020
94160.000000 0.039340
94170.000000 0.038680
94180.000000 0.038030
94190.000000 0.037400
94200.000000 0.036780
94210.000000 0.036180
94220.000000 0.035590
94230.000000 0.035020
94240.000000 0.034460
94250.000000 0.033910
94260.000000 0.033380
94280.000000 0.032360
94290.000000 0.031870
94300.000000 0.031390
94320.000000 0.030470
94330.000000 0.030030
94340.000000 0.029600
94350.000000 0.029170
94360.000000 0.028760
94380.000000 0.027970
94400.000000 0.027220
94410.000000 0.026860
94420.000000 0.026500
94430.000000 0.026160
94440.000000 0.025820
94450.000000 0.025490
94460.000000 0.025160
94470.000000 0.024850
94480.000000 0.024540
94490.000000 0.024230
94500.000000 0.023940
94520.000000 0.023360
94530.000000 0.023080
94540.000000 0.022800
94550.000000 0.022530
94560.000000 0.022260
94570.000000 0.021990
94580.000000 0.021730
94590.000000 0.021470
94600.000000 0.021220
94620.000000 0.020710
94630.000000 0.020460
94640.000000 0.020210
94650.000000 0.019960
94660.000000 0.019710
94670.000000 0.019470
94680.000000 0.019220
94690.000000 0.018980
94700.000000 0.018740
94710.000000 0.018500
94720.000000 0.018270
94730.000000 0.018030
94740.000000 0.017800
94750.000000 0.017570
94760.000000 0.017340
94770.000000 0.017110
94780.000000 0.016890
94800.000000 0.016450
94810.000000 0.016230
94820.000000 0.016020
94830.000000 0.015810
94840.000000 0.015600
94850.000000 0.015400
94860.000000 0.015200
94880.000000 0.014810
94890.000000 0.014620
94900.000000 0.014430
94920.000000 0.014070
94930.000000 0.013890
94940.000000 0.013720
94950.000000 0.013550
94960.000000 0.013380
94970.000000 0.013220
94980.000000 0.013070
95010.000000 0.012610
95020.000000 0.012470
95030.000000 0.012330
95050.000000 0.012050
95060.000000 0.011920
95070.000000 0.011790
95080.000000 0.011660
95090.000000 0.011540
95100.000000 0.011420
95110.000000 0.011300
95130.000000 0.011070
95140.000000 0.010960
95150.000000 0.010850
95160.000000 0.010740
95170.000000 0.010640
95180.000000 0.010540
95190.000000 0.010440
95200.000000 0.010340
95210.000000 0.010240
95230.000000 0.010050
95240.000000 0.009964
95250.000000 0.009874
95260.000000 0.009786
95270.000000 0.009700
95280.000000 0.009614
95290.000000 0.009531
95310.000000 0.009367
95320.000000 0.009287
95330.000000 0.009207
95350.000000 0.009052
95360.000000 0.008975
95370.000000 0.008900
95380.000000 0.008825
95390.000000 0.008750
95410.000000 0.008603
95430.000000 0.008458
95440.000000 0.008386
95450.000000 0.008314
95460.000000 0.008243
95470.000000 0.008172
95480.000000 0.008101
95490.000000 0.008031
95500.000000 0.007961
95510.000000 0.007892
95530.000000 0.007755
95540.000000 0.007687
95550.000000 0.007619
95560.000000 0.007552
95570.000000 0.007486
95580.000000 0.007419
95590.000000 0.007354
95610.000000 0.007223
95620.000000 0.007159
95630.000000 0.007095
95650.000000 0.006968
95660.000000 0.006905
95670.000000 0.006843
95680.000000 0.006781
95690.000000 0.006719
95710.000000 0.006598
95720.000000 0.006538
95730.000000 0.006478
95740.000000 0.006419
95750.000000 0.006361
95760.000000 0.006302
95770.000000 0.006245
95780.000000 0.006187
95790.000000 0.006131
95800.000000 0.006074
95810.000000 0.006018
95830.000000 0.005908
95850.000000 0.005800
95860.000000 0.005746
95870.000000 0.005693
95880.000000 0.005641
95890.000000 0.005589
95910.000000 0.005486
95920.000000 0.005436
95930.000000 0.005386
95950.000000 0.005287
95960.000000 0.005239
95970.000000 0.005191
95980.000000 0.005143
95990.000000 0.005096
96010.000000 0.005004
96020.000000 0.004958
96030.000000 0.004913
96040.000000 0.004869
96050.000000 0.004825
96060.000000 0.004782
96070.000000 0.004739
96080.000000 0.004696
96090.000000 0.004654
96100.000000 0.004613
96110.000000 0.004572
96130.000000 0.004492
96150.000000 0.004415
96160.000000 0.004377
96170.000000 0.004339
96180.000000 0.004302
96190.000000 0.004265
96200.000000 0.004230
96210.000000 0.004194
96220.000000 0.004159
96230.000000 0.004125
96240.000000 0.004091
96250.000000 0.004058
96260.000000 0.004026
