177090.000000 0.004026
177100.000000 0.004057
177110.000000 0.004088
177120.000000 0.004119
177130.000000 0.004150
177140.000000 0.004181
177150.000000 0.004211
177160.000000 0.004242
177170.000000 0.004274
177180.000000 0.004307
177190.000000 0.004341
177200.000000 0.004376
177210.000000 0.004411
177220.000000 0.004445
177230.000000 0.004480
177240.000000 0.004515
177250.000000 0.004549
177260.000000 0.004583
177270.000000 0.004616
177280.000000 0.004648
177290.000000 0.004679
177300.000000 0.004708
177310.000000 0.004736
177320.000000 0.004764
177330.000000 0.004791
177340.000000 0.004818
177350.000000 0.004844
177360.000000 0.004869
177370.000000 0.004894
177380.000000 0.004918
177390.000000 0.004941
177400.000000 0.004964
177410.000000 0.004986
177420.000000 0.005007
177430.000000 0.005027
177440.000000 0.005047
177450.000000 0.005065
177460.000000 0.005083
177470.000000 0.005100
177480.000000 0.005115
177490.000000 0.005129
177500.000000 0.005142
177510.000000 0.005154
177520.000000 0.005165
177530.000000 0.005175
177540.000000 0.005185
177550.000000 0.005194
177560.000000 0.005203
177570.000000 0.005212
177580.000000 0.005221
177590.000000 0.005230
177600.000000 0.005240
177610.000000 0.005250
177620.000000 0.005261
177630.000000 0.005272
177640.000000 0.005281
177650.000000 0.005291
177660.000000 0.005299
177670.000000 0.005307
177680.000000 0.005316
177690.000000 0.005324
177700.000000 0.005333
177710.000000 0.005343
177720.000000 0.005353
177730.000000 0.005364
177740.000000 0.005377
177750.000000 0.005391
177760.000000 0.005407
177770.000000 0.005425
177780.000000 0.005445
177790.000000 0.005465
177800.000000 0.005487
177810.000000 0.005509
177820.000000 0.005533
177830.000000 0.005557
177840.000000 0.005582
177850.000000 0.005609
177860.000000 0.005637
177870.000000 0.005666
177880.000000 0.005698
177890.000000 0.005731
177900.000000 0.005766
177910.000000 0.005803
177920.000000 0.005843
177930.000000 0.005885
177940.000000 0.005929
177950.000000 0.005975
177960.000000 0.006024
177970.000000 0.006075
177980.000000 0.006127
177990.000000 0.006182
178000.000000 0.006238
178010.000000 0.006297
178020.000000 0.006357
178030.000000 0.006418
178040.000000 0.006482
178050.000000 0.006547
178060.000000 0.006613
178070.000000 0.006681
178080.000000 0.006750
178090.000000 0.006821
178100.000000 0.006893
178110.000000 0.006968
178120.000000 0.007045
178130.000000 0.007124
178140.000000 0.007205
178150.000000 0.007288
178160.000000 0.007373
178170.000000 0.007458
178180.000000 0.007545
178190.000000 0.007633
178200.000000 0.007721
178210.000000 0.007810
178220.000000 0.007900
178230.000000 0.007989
178240.000000 0.008079
178250.000000 0.008168
178260.000000 0.008257
178270.000000 0.008348
178280.000000 0.008440
178290.000000 0.008533
178300.000000 0.008627
178310.000000 0.008721
178320.000000 0.008816
178330.000000 0.008911
178340.000000 0.009007
178350.000000 0.009102
178360.000000 0.009196
178370.000000 0.009291
178380.000000 0.009384
178390.000000 0.009477
178400.000000 0.009569
178410.000000 0.009659
178420.000000 0.009748
178430.000000 0.009836
178440.000000 0.009924
178450.000000 0.010012
178460.000000 0.010099
178470.000000 0.010186
178480.000000 0.010272
178490.000000 0.010358
178500.000000 0.010443
178510.000000 0.010528
178520.000000 0.010611
178530.000000 0.010695
178540.000000 0.010777
178550.000000 0.010859
178560.000000 0.010940
178570.000000 0.011020
178580.000000 0.011099
178590.000000 0.011177
178600.000000 0.011254
178610.000000 0.011330
178620.000000 0.011406
178630.000000 0.011480
178640.000000 0.011554
178650.000000 0.011628
178660.000000 0.011701
178670.000000 0.011773
178680.000000 0.011846
178690.000000 0.011919
178700.000000 0.011991
178710.000000 0.012064
178720.000000 0.012137
178730.000000 0.012211
178740.000000 0.012285
178750.000000 0.012357
178760.000000 0.012429
178770.000000 0.012501
178780.000000 0.012573
178790.000000 0.012644
178800.000000 0.012715
178810.000000 0.012787
178820.000000 0.012859
178830.000000 0.012931
178840.000000 0.013004
178850.000000 0.013078
178860.000000 0.013153
178870.000000 0.013229
178880.000000 0.013306
178890.000000 0.013385
178900.000000 0.013465
178910.000000 0.013545
178920.000000 0.013626
178930.000000 0.013708
178940.000000 0.013790
178950.000000 0.013874
178960.000000 0.013958
178970.000000 0.014043
178980.000000 0.014128
178990.000000 0.014215
179000.000000 0.014303
179010.000000 0.014391
179020.000000 0.014481
179030.000000 0.014572
179040.000000 0.014664
179050.000000 0.014757
179060.000000 0.014851
179070.000000 0.014946
179080.000000 0.015042
179090.000000 0.015139
179100.000000 0.015237
179110.000000 0.015336
179120.000000 0.015436
179130.000000 0.015537
179140.000000 0.015639
179150.000000 0.015742
179160.000000 0.015846
179170.000000 0.015951
179180.000000 0.016058
179190.000000 0.016165
179200.000000 0.016274
179210.000000 0.016383
179220.000000 0.016494
179230.000000 0.016606
179240.000000 0.016720
179250.000000 0.016834
179260.000000 0.016950
179270.000000 0.017066
179280.000000 0.017184
179290.000000 0.017303
179300.000000 0.017423
179310.000000 0.017543
179320.000000 0.017665
179330.000000 0.017788
179340.000000 0.017911
179350.000000 0.018036
179360.000000 0.018161
179370.000000 0.018287
179380.000000 0.018413
179390.000000 0.018541
179400.000000 0.018669
179410.000000 0.018797
179420.000000 0.018926
179430.000000 0.019057
179440.000000 0.019188
179450.000000 0.019320
179460.000000 0.019453
179470.000000 0.019588
179480.000000 0.019723
179490.000000 0.019861
179500.000000 0.019999
179510.000000 0.020139
179520.000000 0.020281
179530.000000 0.020425
179540.000000 0.020570
179550.000000 0.020717
179560.000000 0.020865
179570.000000 0.021014
179580.000000 0.021164
179590.000000 0.021316
179600.000000 0.021470
179610.000000 0.021625
179620.000000 0.021781
179630.000000 0.021938
179640.000000 0.022097
179650.000000 0.022258
179660.000000 0.022419
179670.000000 0.022583
179680.000000 0.022748
179690.000000 0.022914
179700.000000 0.023082
179710.000000 0.023251
179720.000000 0.023422
179730.000000 0.023593
179740.000000 0.023766
179750.000000 0.023941
179760.000000 0.024117
179770.000000 0.024295
179780.000000 0.024474
179790.000000 0.024654
179800.000000 0.024836
179810.000000 0.025020
179820.000000 0.025205
179830.000000 0.025393
179840.000000 0.025581
179850.000000 0.025772
179860.000000 0.025964
179870.000000 0.026159
179880.000000 0.026355
179890.000000 0.026554
179900.000000 0.026754
179910.000000 0.026956
179920.000000 0.027160
179930.000000 0.027365
179940.000000 0.027571
179950.000000 0.027779
179960.000000 0.027988
179970.000000 0.028198
179980.000000 0.028409
179990.000000 0.028620
180000.000000 0.028832
180010.000000 0.029045
180020.000000 0.029257
180030.000000 0.029471
180040.000000 0.029685
180050.000000 0.029900
180060.000000 0.030116
180070.000000 0.030333
180080.000000 0.030550
180090.000000 0.030769
180100.000000 0.030989
180110.000000 0.031209
180120.000000 0.031431
180130.000000 0.031654
180140.000000 0.031878
180150.000000 0.032103
180160.000000 0.032330
180170.000000 0.032557
180180.000000 0.032786
180190.000000 0.033016
180200.000000 0.033247
180210.000000 0.033479
180220.000000 0.033711
180230.000000 0.033945
180240.000000 0.034180
180250.000000 0.034416
180260.000000 0.034653
180270.000000 0.034891
180280.000000 0.035131
180290.000000 0.035373
180300.000000 0.035616
180310.000000 0.035860
180320.000000 0.036107
180330.000000 0.036355
180340.000000 0.036605
180350.000000 0.036857
180360.000000 0.037109
180370.000000 0.037361
180380.000000 0.037614
180390.000000 0.037868
180400.000000 0.038123
180410.000000 0.038380
180420.000000 0.038639
180430.000000 0.038900
180440.000000 0.039164
180450.000000 0.039431
180460.000000 0.039701
180470.000000 0.039975
180480.000000 0.040252
180490.000000 0.040534
180500.000000 0.040820
180510.000000 0.041110
180520.000000 0.041404
180530.000000 0.041700
180540.000000 0.041999
180550.000000 0.042301
180560.000000 0.042607
180570.000000 0.042915
180580.000000 0.043227
180590.000000 0.043543
180600.000000 0.043862
180610.000000 0.044185
180620.000000 0.044511
180630.000000 0.044842
180640.000000 0.045177
180650.000000 0.045516
180660.000000 0.045859
180670.000000 0.046207
180680.000000 0.046559
180690.000000 0.046914
180700.000000 0.047274
180710.000000 0.047637
180720.000000 0.048005
180730.000000 0.048376
180740.000000 0.048751
180750.000000 0.049130
180760.000000 0.049513
180770.000000 0.049900
180780.000000 0.050291
180790.000000 0.050685
180800.000000 0.051084
180810.000000 0.051487
180820.000000 0.051894
180830.000000 0.052305
180840.000000 0.052721
180850.000000 0.053142
180860.000000 0.053568
180870.000000 0.053998
180880.000000 0.054433
180890.000000 0.054872
180900.000000 0.055315
180910.000000 0.055761
180920.000000 0.056211
180930.000000 0.056664
180940.000000 0.057120
180950.000000 0.057579
180960.000000 0.058040
180970.000000 0.058503
180980.000000 0.058967
180990.000000 0.059434
181000.000000 0.059902
181010.000000 0.060372
181020.000000 0.060845
181030.000000 0.061321
181040.000000 0.061799
181050.000000 0.062280
181060.000000 0.062763
181070.000000 0.063249
181080.000000 0.063738
181090.000000 0.064229
181100.000000 0.064722
181110.000000 0.065218
181120.000000 0.065716
181130.000000 0.066217
181140.000000 0.066720
181150.000000 0.067225
181160.000000 0.067733
181170.000000 0.068242
181180.000000 0.068753
181190.000000 0.069265
181200.000000 0.069779
181210.000000 0.070294
181220.000000 0.070813
181230.000000 0.071333
181240.000000 0.071857
181250.000000 0.072383
181260.000000 0.072913
181270.000000 0.073447
181280.000000 0.073984
181290.000000 0.074526
181300.000000 0.075073
181310.000000 0.075623
181320.000000 0.076179
181330.000000 0.076740
181340.000000 0.077301
181350.000000 0.077865
181360.000000 0.078431
181370.000000 0.078999
181380.000000 0.079571
181390.000000 0.080147
181400.000000 0.080727
181410.000000 0.081313
181420.000000 0.081904
181430.000000 0.082502
181440.000000 0.083106
181450.000000 0.083717
181460.000000 0.084337
181470.000000 0.084964
181480.000000 0.085601
181490.000000 0.086248
181500.000000 0.086901
181510.000000 0.087560
181520.000000 0.088225
181530.000000 0.088897
181540.000000 0.089575
181550.000000 0.090259
181560.000000 0.090951
181570.000000 0.091651
181580.000000 0.092358
181590.000000 0.093073
181600.000000 0.093796
181610.000000 0.094528
181620.000000 0.095269
181630.000000 0.096019
181640.000000 0.096778
181650.000000 0.097547
181660.000000 0.098326
181670.000000 0.099114
181680.000000 0.099911
181690.000000 0.100716
181700.000000 0.101530
181710.000000 0.102353
181720.000000 0.103184
181730.000000 0.104024
181740.000000 0.104872
181750.000000 0.105728
181760.000000 0.106592
181770.000000 0.107464
181780.000000 0.108345
181790.000000 0.109233
181800.000000 0.110130
181810.000000 0.111034
181820.000000 0.111946
181830.000000 0.112867
181840.000000 0.113797
181850.000000 0.114737
181860.000000 0.115685
181870.000000 0.116642
181880.000000 0.117606
181890.000000 0.118579
181900.000000 0.119559
181910.000000 0.120547
181920.000000 0.121541
181930.000000 0.122543
181940.000000 0.123550
181950.000000 0.124564
181960.000000 0.125584
181970.000000 0.126609
181980.000000 0.127639
181990.000000 0.128675
182000.000000 0.129718
182010.000000 0.130768
182020.000000 0.131824
182030.000000 0.132888
182040.000000 0.133958
182050.000000 0.135035
182060.000000 0.136117
182070.000000 0.137206
182080.000000 0.138301
182090.000000 0.139401
182100.000000 0.140508
182110.000000 0.141619
182120.000000 0.142736
182130.000000 0.143858
182140.000000 0.144985
182150.000000 0.146117
182160.000000 0.147253
182170.000000 0.148396
182180.000000 0.149544
182190.000000 0.150698
182200.000000 0.151857
182210.000000 0.153021
182220.000000 0.154192
182230.000000 0.155367
182240.000000 0.156548
182250.000000 0.157735
182260.000000 0.158927
182270.000000 0.160125
182280.000000 0.161327
182290.000000 0.162536
182300.000000 0.163749
182310.000000 0.164968
182320.000000 0.166193
182330.000000 0.167422
182340.000000 0.168657
182350.000000 0.169897
182360.000000 0.171142
182370.000000 0.172392
182380.000000 0.173648
182390.000000 0.174909
182400.000000 0.176176
182410.000000 0.177449
182420.000000 0.178727
182430.000000 0.180011
182440.000000 0.181300
182450.000000 0.182596
182460.000000 0.183898
182470.000000 0.185205
182480.000000 0.186519
182490.000000 0.187839
182500.000000 0.189164
182510.000000 0.190495
182520.000000 0.191831
182530.000000 0.193173
182540.000000 0.194521
182550.000000 0.195874
182560.000000 0.197234
182570.000000 0.198599
182580.000000 0.199970
182590.000000 0.201348
182600.000000 0.202731
182610.000000 0.204121
182620.000000 0.205517
182630.000000 0.206919
182640.000000 0.208328
182650.000000 0.209743
182660.000000 0.211164
182670.000000 0.212592
182680.000000 0.214025
182690.000000 0.215464
182700.000000 0.216909
182710.000000 0.218361
182720.000000 0.219818
182730.000000 0.221282
182740.000000 0.222752
182750.000000 0.224228
182760.000000 0.225711
182770.000000 0.227200
182780.000000 0.228695
182790.000000 0.230198
182800.000000 0.231706
182810.000000 0.233222
182820.000000 0.234743
182830.000000 0.236272
182840.000000 0.237808
182850.000000 0.239350
182860.000000 0.240899
182870.000000 0.242454
182880.000000 0.244015
182890.000000 0.245583
182900.000000 0.247158
182910.000000 0.248738
182920.000000 0.250324
182930.000000 0.251917
182940.000000 0.253515
182950.000000 0.255119
182960.000000 0.256729
182970.000000 0.258344
182980.000000 0.259966
182990.000000 0.261593
183000.000000 0.263228
183010.000000 0.264870
183020.000000 0.266520
183030.000000 0.268176
183040.000000 0.269838
183050.000000 0.271506
183060.000000 0.273180
183070.000000 0.274858
183080.000000 0.276542
183090.000000 0.278230
183100.000000 0.279921
183110.000000 0.281617
183120.000000 0.283315
183130.000000 0.285017
183140.000000 0.286720
183150.000000 0.288426
183160.000000 0.290137
183170.000000 0.291854
183180.000000 0.293578
183190.000000 0.295308
183200.000000 0.297042
183210.000000 0.298781
183220.000000 0.300523
183230.000000 0.302268
183240.000000 0.304015
183250.000000 0.305763
183260.000000 0.307513
183270.000000 0.309262
183280.000000 0.311010
183290.000000 0.312757
183300.000000 0.314501
183310.000000 0.316243
183320.000000 0.317982
183330.000000 0.319721
183340.000000 0.321463
183350.000000 0.323208
183360.000000 0.324954
183370.000000 0.326701
183380.000000 0.328448
183390.000000 0.330194
183400.000000 0.331939
183410.000000 0.333682
183420.000000 0.335422
183430.000000 0.337159
183440.000000 0.338892
183450.000000 0.340620
183460.000000 0.342342
183470.000000 0.344059
183480.000000 0.345769
183490.000000 0.347471
183500.000000 0.349170
183510.000000 0.350867
183520.000000 0.352561
183530.000000 0.354252
183540.000000 0.355939
183550.000000 0.357623
183560.000000 0.359301
183570.000000 0.360976
183580.000000 0.362645
183590.000000 0.364308
183600.000000 0.365966
183610.000000 0.367617
183620.000000 0.369262
183630.000000 0.370899
183640.000000 0.372529
183650.000000 0.374152
183660.000000 0.375766
183670.000000 0.377374
183680.000000 0.378976
183690.000000 0.380573
183700.000000 0.382163
183710.000000 0.383747
183720.000000 0.385325
183730.000000 0.386896
183740.000000 0.388461
183750.000000 0.390020
183760.000000 0.391572
183770.000000 0.393118
183780.000000 0.394657
183790.000000 0.396190
183800.000000 0.397715
183810.000000 0.399234
183820.000000 0.400747
183830.000000 0.402252
183840.000000 0.403751
183850.000000 0.405244
183860.000000 0.406730
183870.000000 0.408210
183880.000000 0.409684
183890.000000 0.411151
183900.000000 0.412612
183910.000000 0.414065
183920.000000 0.415512
183930.000000 0.416952
183940.000000 0.418386
183950.000000 0.419812
183960.000000 0.421231
183970.000000 0.422643
183980.000000 0.424048
183990.000000 0.425446
184000.000000 0.426837
184010.000000 0.428221
184020.000000 0.429599
184030.000000 0.430970
184040.000000 0.432334
184050.000000 0.433691
184060.000000 0.435042
184070.000000 0.436385
184080.000000 0.437722
184090.000000 0.439051
184100.000000 0.440373
184110.000000 0.441688
184120.000000 0.442995
184130.000000 0.444295
184140.000000 0.445587
184150.000000 0.446872
184160.000000 0.448149
184170.000000 0.449418
184180.000000 0.450681
184190.000000 0.451937
184200.000000 0.453185
184210.000000 0.454426
184220.000000 0.455660
184230.000000 0.456887
184240.000000 0.458106
184250.000000 0.459318
184260.000000 0.460522
184270.000000 0.461718
184280.000000 0.462907
184290.000000 0.464088
184300.000000 0.465261
184310.000000 0.466426
184320.000000 0.467583
184330.000000 0.468732
184340.000000 0.469873
184350.000000 0.471005
184360.000000 0.472130
184370.000000 0.473246
184380.000000 0.474355
184390.000000 0.475456
184400.000000 0.476549
184410.000000 0.477634
184420.000000 0.478712
184430.000000 0.479783
184440.000000 0.480845
184450.000000 0.481901
184460.000000 0.482949
184470.000000 0.483990
184480.000000 0.485024
184490.000000 0.486051
184500.000000 0.487070
184510.000000 0.488083
184520.000000 0.489088
184530.000000 0.490086
184540.000000 0.491077
184550.000000 0.492060
184560.000000 0.493036
184570.000000 0.494005
184580.000000 0.494967
184590.000000 0.495921
184600.000000 0.496868
184610.000000 0.497807
184620.000000 0.498739
184630.000000 0.499664
184640.000000 0.500582
184650.000000 0.501492
184660.000000 0.502395
184670.000000 0.503290
184680.000000 0.504179
184690.000000 0.505059
184700.000000 0.505932
184710.000000 0.506798
184720.000000 0.507656
184730.000000 0.508508
184740.000000 0.509351
184750.000000 0.510188
184760.000000 0.511017
184770.000000 0.511839
184780.000000 0.512654
184790.000000 0.513462
184800.000000 0.514263
184810.000000 0.515057
184820.000000 0.515844
184830.000000 0.516624
184840.000000 0.517397
184850.000000 0.518164
184860.000000 0.518924
184870.000000 0.519677
184880.000000 0.520423
184890.000000 0.521162
184900.000000 0.521894
184910.000000 0.522620
184920.000000 0.523338
184930.000000 0.524049
184940.000000 0.524753
184950.000000 0.525449
184960.000000 0.526139
184970.000000 0.526821
184980.000000 0.527495
184990.000000 0.528163
185000.000000 0.528822
185010.000000 0.529475
185020.000000 0.530119
185030.000000 0.530756
185040.000000 0.531385
185050.000000 0.532007
185060.000000 0.532622
185070.000000 0.533229
185080.000000 0.533828
185090.000000 0.534421
185100.000000 0.535006
185110.000000 0.535585
185120.000000 0.536156
185130.000000 0.536720
185140.000000 0.537278
185150.000000 0.537828
185160.000000 0.538372
185170.000000 0.538910
185180.000000 0.539440
185190.000000 0.539965
185200.000000 0.540482
185210.000000 0.540992
185220.000000 0.541496
185230.000000 0.541993
185240.000000 0.542482
185250.000000 0.542965
185260.000000 0.543442
185270.000000 0.543911
185280.000000 0.544373
185290.000000 0.544829
185300.000000 0.545278
185310.000000 0.545720
185320.000000 0.546156
185330.000000 0.546585
185340.000000 0.547007
185350.000000 0.547422
185360.000000 0.547831
185370.000000 0.548233
185380.000000 0.548627
185390.000000 0.549014
185400.000000 0.549393
185410.000000 0.549766
185420.000000 0.550133
185430.000000 0.550492
185440.000000 0.550845
185450.000000 0.551192
185460.000000 0.551532
185470.000000 0.551867
185480.000000 0.552196
185490.000000 0.552519
185500.000000 0.552836
185510.000000 0.553148
185520.000000 0.553455
185530.000000 0.553757
185540.000000 0.554053
185550.000000 0.554342
185560.000000 0.554626
185570.000000 0.554903
185580.000000 0.555174
185590.000000 0.555439
185600.000000 0.555699
185610.000000 0.555953
185620.000000 0.556201
185630.000000 0.556444
185640.000000 0.556682
185650.000000 0.556915
185660.000000 0.557142
185670.000000 0.557365
185680.000000 0.557583
185690.000000 0.557797
185700.000000 0.558006
185710.000000 0.558209
185720.000000 0.558406
185730.000000 0.558597
185740.000000 0.558782
185750.000000 0.558962
185760.000000 0.559136
185770.000000 0.559305
185780.000000 0.559469
185790.000000 0.559629
185800.000000 0.559785
185810.000000 0.559937
185820.000000 0.560085
185830.000000 0.560230
185840.000000 0.560372
185850.000000 0.560511
185860.000000 0.560648
185870.000000 0.560782
185880.000000 0.560914
185890.000000 0.561042
185900.000000 0.561165
185910.000000 0.561283
185920.000000 0.561398
185930.000000 0.561509
185940.000000 0.561617
185950.000000 0.561721
185960.000000 0.561823
185970.000000 0.561922
185980.000000 0.562018
185990.000000 0.562112
186000.000000 0.562204
186010.000000 0.562295
186020.000000 0.562384
186030.000000 0.562472
186040.000000 0.562558
186050.000000 0.562644
186060.000000 0.562728
186070.000000 0.562808
186080.000000 0.562886
186090.000000 0.562961
186100.000000 0.563033
186110.000000 0.563104
186120.000000 0.563173
186130.000000 0.563240
186140.000000 0.563306
186150.000000 0.563371
186160.000000 0.563434
186170.000000 0.563498
186180.000000 0.563561
186190.000000 0.563623
186200.000000 0.563686
186210.000000 0.563749
186220.000000 0.563812
186230.000000 0.563876
186240.000000 0.563939
186250.000000 0.564001
186260.000000 0.564063
186270.000000 0.564124
186280.000000 0.564185
186290.000000 0.564245
186300.000000 0.564305
186310.000000 0.564363
186320.000000 0.564422
186330.000000 0.564479
186340.000000 0.564536
186350.000000 0.564592
186360.000000 0.564648
186370.000000 0.564703
186380.000000 0.564757
186390.000000 0.564811
186400.000000 0.564864
186410.000000 0.564917
186420.000000 0.564970
186430.000000 0.565023
186440.000000 0.565076
186450.000000 0.565128
186460.000000 0.565179
186470.000000 0.565230
186480.000000 0.565280
186490.000000 0.565329
186500.000000 0.565376
186510.000000 0.565422
186520.000000 0.565467
186530.000000 0.565510
186540.000000 0.565551
186550.000000 0.565590
186560.000000 0.565627
186570.000000 0.565662
186580.000000 0.565696
186590.000000 0.565730
186600.000000 0.565762
186610.000000 0.565794
186620.000000 0.565824
186630.000000 0.565853
186640.000000 0.565880
186650.000000 0.565906
186660.000000 0.565929
186670.000000 0.565951
186680.000000 0.565970
186690.000000 0.565987
186700.000000 0.566001
186710.000000 0.566011
186720.000000 0.566019
186730.000000 0.566024
186740.000000 0.566025
186750.000000 0.566023
186760.000000 0.566018
186770.000000 0.566011
186780.000000 0.566002
186790.000000 0.565990
186800.000000 0.565975
186810.000000 0.565958
186820.000000 0.565938
186830.000000 0.565915
186840.000000 0.565890
186850.000000 0.565862
186860.000000 0.565832
186870.000000 0.565798
186880.000000 0.565762
186890.000000 0.565724
186900.000000 0.565682
186910.000000 0.565638
186920.000000 0.565590
186930.000000 0.565540
186940.000000 0.565486
186950.000000 0.565428
186960.000000 0.565368
186970.000000 0.565305
186980.000000 0.565239
186990.000000 0.565170
187000.000000 0.565099
187010.000000 0.565025
187020.000000 0.564950
187030.000000 0.564872
187040.000000 0.564793
187050.000000 0.564711
187060.000000 0.564628
187070.000000 0.564544
187080.000000 0.564458
187090.000000 0.564371
187100.000000 0.564282
187110.000000 0.564191
187120.000000 0.564097
187130.000000 0.564000
187140.000000 0.563901
187150.000000 0.563800
187160.000000 0.563697
187170.000000 0.563593
187180.000000 0.563487
187190.000000 0.563380
187200.000000 0.563272
187210.000000 0.563163
187220.000000 0.563053
187230.000000 0.562943
187240.000000 0.562833
187250.000000 0.562722
187260.000000 0.562612
187270.000000 0.562502
187280.000000 0.562391
187290.000000 0.562278
187300.000000 0.562164
187310.000000 0.562050
187320.000000 0.561934
187330.000000 0.561818
187340.000000 0.561701
187350.000000 0.561583
187360.000000 0.561465
187370.000000 0.561347
187380.000000 0.561229
187390.000000 0.561111
187400.000000 0.560993
187410.000000 0.560875
187420.000000 0.560758
187430.000000 0.560641
187440.000000 0.560525
187450.000000 0.560409
187460.000000 0.560293
187470.000000 0.560178
187480.000000 0.560062
187490.000000 0.559947
187500.000000 0.559831
187510.000000 0.559716
187520.000000 0.559600
187530.000000 0.559485
187540.000000 0.559370
187550.000000 0.559255
187560.000000 0.559140
187570.000000 0.559025
187580.000000 0.558910
187590.000000 0.558795
187600.000000 0.558680
187610.000000 0.558565
187620.000000 0.558451
187630.000000 0.558336
187640.000000 0.558222
187650.000000 0.558108
187660.000000 0.557994
187670.000000 0.557881
187680.000000 0.557767
187690.000000 0.557653
187700.000000 0.557540
187710.000000 0.557426
187720.000000 0.557312
187730.000000 0.557199
187740.000000 0.557085
187750.000000 0.556972
187760.000000 0.556858
187770.000000 0.556744
187780.000000 0.556631
187790.000000 0.556517
187800.000000 0.556403
187810.000000 0.556289
187820.000000 0.556175
187830.000000 0.556061
187840.000000 0.555948
187850.000000 0.555834
187860.000000 0.555721
187870.000000 0.555607
187880.000000 0.555493
187890.000000 0.555379
187900.000000 0.555265
187910.000000 0.555151
187920.000000 0.555036
187930.000000 0.554921
187940.000000 0.554806
187950.000000 0.554691
187960.000000 0.554575
187970.000000 0.554458
187980.000000 0.554342
187990.000000 0.554224
188000.000000 0.554106
188010.000000 0.553988
188020.000000 0.553869
188030.000000 0.553751
188040.000000 0.553631
188050.000000 0.553512
188060.000000 0.553392
188070.000000 0.553273
188080.000000 0.553153
188090.000000 0.553033
188100.000000 0.552914
188110.000000 0.552794
188120.000000 0.552675
188130.000000 0.552555
188140.000000 0.552436
188150.000000 0.552318
188160.000000 0.552199
188170.000000 0.552080
188180.000000 0.551962
188190.000000 0.551844
188200.000000 0.551725
188210.000000 0.551607
188220.000000 0.551488
188230.000000 0.551370
188240.000000 0.551252
188250.000000 0.551133
188260.000000 0.551015
188270.000000 0.550897
188280.000000 0.550778
188290.000000 0.550660
188300.000000 0.550541
188310.000000 0.550422
188320.000000 0.550304
188330.000000 0.550185
188340.000000 0.550066
188350.000000 0.549946
188360.000000 0.549826
188370.000000 0.549707
188380.000000 0.549587
188390.000000 0.549467
188400.000000 0.549347
188410.000000 0.549227
188420.000000 0.549107
188430.000000 0.548987
188440.000000 0.548868
188450.000000 0.548749
188460.000000 0.548630
188470.000000 0.548511
188480.000000 0.548393
188490.000000 0.548276
188500.000000 0.548159
188510.000000 0.548043
188520.000000 0.547927
188530.000000 0.547812
188540.000000 0.547698
188550.000000 0.547584
188560.000000 0.547470
188570.000000 0.547356
188580.000000 0.547243
188590.000000 0.547130
188600.000000 0.547017
188610.000000 0.546904
188620.000000 0.546791
188630.000000 0.546678
188640.000000 0.546565
188650.000000 0.546451
188660.000000 0.546338
188670.000000 0.546224
188680.000000 0.546109
188690.000000 0.545995
188700.000000 0.545880
188710.000000 0.545766
188720.000000 0.545652
188730.000000 0.545537
188740.000000 0.545423
188750.000000 0.545309
188760.000000 0.545194
188770.000000 0.545079
188780.000000 0.544964
188790.000000 0.544849
188800.000000 0.544733
188810.000000 0.544617
188820.000000 0.544501
188830.000000 0.544384
188840.000000 0.544267
188850.000000 0.544149
188860.000000 0.544031
188870.000000 0.543913
188880.000000 0.543796
188890.000000 0.543679
188900.000000 0.543563
188910.000000 0.543447
188920.000000 0.543330
188930.000000 0.543213
188940.000000 0.543096
188950.000000 0.542977
188960.000000 0.542858
188970.000000 0.542737
188980.000000 0.542614
188990.000000 0.542490
189000.000000 0.542364
189010.000000 0.542236
189020.000000 0.542106
189030.000000 0.541972
189040.000000 0.541836
189050.000000 0.541699
189060.000000 0.541560
189070.000000 0.541420
189080.000000 0.541279
189090.000000 0.541136
189100.000000 0.540992
189110.000000 0.540846
189120.000000 0.540698
189130.000000 0.540548
189140.000000 0.540396
189150.000000 0.540243
189160.000000 0.540087
189170.000000 0.539928
189180.000000 0.539767
189190.000000 0.539604
189200.000000 0.539438
189210.000000 0.539270
189220.000000 0.539098
189230.000000 0.538926
189240.000000 0.538752
189250.000000 0.538577
189260.000000 0.538400
189270.000000 0.538220
189280.000000 0.538039
189290.000000 0.537856
189300.000000 0.537670
189310.000000 0.537481
189320.000000 0.537289
189330.000000 0.537094
189340.000000 0.536895
189350.000000 0.536693
189360.000000 0.536488
189370.000000 0.536278
189380.000000 0.536064
189390.000000 0.535845
189400.000000 0.535623
189410.000000 0.535398
189420.000000 0.535170
189430.000000 0.534940
189440.000000 0.534706
189450.000000 0.534470
189460.000000 0.534229
189470.000000 0.533986
189480.000000 0.533738
189490.000000 0.533487
189500.000000 0.533231
189510.000000 0.532972
189520.000000 0.532708
189530.000000 0.532439
189540.000000 0.532165
189550.000000 0.531886
189560.000000 0.531601
189570.000000 0.531312
189580.000000 0.531017
189590.000000 0.530720
189600.000000 0.530419
189610.000000 0.530115
189620.000000 0.529806
189630.000000 0.529494
189640.000000 0.529177
189650.000000 0.528856
189660.000000 0.528529
189670.000000 0.528197
189680.000000 0.527860
189690.000000 0.527516
189700.000000 0.527166
189710.000000 0.526809
189720.000000 0.526446
189730.000000 0.526075
189740.000000 0.525696
189750.000000 0.525309
189760.000000 0.524915
189770.000000 0.524514
189780.000000 0.524106
189790.000000 0.523691
189800.000000 0.523270
189810.000000 0.522842
189820.000000 0.522407
189830.000000 0.521967
189840.000000 0.521520
189850.000000 0.521066
189860.000000 0.520607
189870.000000 0.520142
189880.000000 0.519670
189890.000000 0.519193
189900.000000 0.518710
189910.000000 0.518221
189920.000000 0.517727
189930.000000 0.517227
189940.000000 0.516721
189950.000000 0.516208
189960.000000 0.515687
189970.000000 0.515160
189980.000000 0.514626
189990.000000 0.514085
190000.000000 0.513539
190010.000000 0.512987
190020.000000 0.512429
190030.000000 0.511866
190040.000000 0.511299
190050.000000 0.510727
190060.000000 0.510151
190070.000000 0.509571
190080.000000 0.508987
190090.000000 0.508400
190100.000000 0.507811
190110.000000 0.507218
190120.000000 0.506623
190130.000000 0.506023
190140.000000 0.505417
190150.000000 0.504808
190160.000000 0.504193
190170.000000 0.503575
190180.000000 0.502952
190190.000000 0.502325
190200.000000 0.501695
190210.000000 0.501061
190220.000000 0.500423
190230.000000 0.499783
190240.000000 0.499140
190250.000000 0.498493
190260.000000 0.497845
190270.000000 0.497194
190280.000000 0.496541
190290.000000 0.495886
190300.000000 0.495229
190310.000000 0.494571
190320.000000 0.493913
190330.000000 0.493252
190340.000000 0.492590
190350.000000 0.491926
190360.000000 0.491259
190370.000000 0.490589
190380.000000 0.489916
190390.000000 0.489239
190400.000000 0.488558
190410.000000 0.487872
190420.000000 0.487181
190430.000000 0.486486
190440.000000 0.485784
190450.000000 0.485076
190460.000000 0.484362
190470.000000 0.483642
190480.000000 0.482914
190490.000000 0.482184
190500.000000 0.481451
190510.000000 0.480715
190520.000000 0.479976
190530.000000 0.479233
190540.000000 0.478486
190550.000000 0.477733
190560.000000 0.476973
190570.000000 0.476208
190580.000000 0.475435
190590.000000 0.474655
190600.000000 0.473866
190610.000000 0.473069
190620.000000 0.472262
190630.000000 0.471445
190640.000000 0.470617
190650.000000 0.469777
190660.000000 0.468926
190670.000000 0.468067
190680.000000 0.467202
190690.000000 0.466330
190700.000000 0.465450
190710.000000 0.464562
190720.000000 0.463666
190730.000000 0.462761
190740.000000 0.461847
190750.000000 0.460923
190760.000000 0.459989
190770.000000 0.459045
190780.000000 0.458089
190790.000000 0.457122
190800.000000 0.456142
190810.000000 0.455151
190820.000000 0.454146
190830.000000 0.453128
190840.000000 0.452096
190850.000000 0.451052
190860.000000 0.449996
190870.000000 0.448929
190880.000000 0.447850
190890.000000 0.446761
190900.000000 0.445659
190910.000000 0.444547
190920.000000 0.443422
190930.000000 0.442287
190940.000000 0.441139
190950.000000 0.439980
190960.000000 0.438810
190970.000000 0.437628
190980.000000 0.436434
190990.000000 0.435228
191000.000000 0.434011
191010.000000 0.432782
191020.000000 0.431541
191030.000000 0.430288
191040.000000 0.429021
191050.000000 0.427741
191060.000000 0.426448
191070.000000 0.425143
191080.000000 0.423825
191090.000000 0.422496
191100.000000 0.421156
191110.000000 0.419804
191120.000000 0.418442
191130.000000 0.417070
191140.000000 0.415688
191150.000000 0.414297
191160.000000 0.412896
191170.000000 0.411487
191180.000000 0.410070
191190.000000 0.408645
191200.000000 0.407212
191210.000000 0.405771
191220.000000 0.404318
191230.000000 0.402853
191240.000000 0.401376
191250.000000 0.399888
191260.000000 0.398389
191270.000000 0.396881
191280.000000 0.395365
191290.000000 0.393839
191300.000000 0.392307
191310.000000 0.390767
191320.000000 0.389221
191330.000000 0.387670
191340.000000 0.386114
191350.000000 0.384554
191360.000000 0.382991
191370.000000 0.381424
191380.000000 0.379856
191390.000000 0.378286
191400.000000 0.376710
191410.000000 0.375126
191420.000000 0.373534
191430.000000 0.371935
191440.000000 0.370331
191450.000000 0.368720
191460.000000 0.367105
191470.000000 0.365486
191480.000000 0.363862
191490.000000 0.362236
191500.000000 0.360607
191510.000000 0.358977
191520.000000 0.357345
191530.000000 0.355713
191540.000000 0.354080
191550.000000 0.352449
191560.000000 0.350818
191570.000000 0.349190
191580.000000 0.347561
191590.000000 0.345931
191600.000000 0.344298
191610.000000 0.342663
191620.000000 0.341027
191630.000000 0.339389
191640.000000 0.337750
191650.000000 0.336109
191660.000000 0.334468
191670.000000 0.332827
191680.000000 0.331184
191690.000000 0.329542
191700.000000 0.327900
191710.000000 0.326258
191720.000000 0.324616
191730.000000 0.322975
191740.000000 0.321335
191750.000000 0.319697
191760.000000 0.318059
191770.000000 0.316422
191780.000000 0.314786
191790.000000 0.313151
191800.000000 0.311516
191810.000000 0.309882
191820.000000 0.308247
191830.000000 0.306613
191840.000000 0.304978
191850.000000 0.303344
191860.000000 0.301709
191870.000000 0.300073
191880.000000 0.298437
191890.000000 0.296800
191900.000000 0.295162
191910.000000 0.293523
191920.000000 0.291883
191930.000000 0.290241
191940.000000 0.288598
191950.000000 0.286955
191960.000000 0.285310
191970.000000 0.283665
191980.000000 0.282019
191990.000000 0.280373
192000.000000 0.278726
192010.000000 0.277078
192020.000000 0.275429
192030.000000 0.273779
192040.000000 0.272129
192050.000000 0.270478
192060.000000 0.268826
192070.000000 0.267173
192080.000000 0.265519
192090.000000 0.263864
192100.000000 0.262208
192110.000000 0.260551
192120.000000 0.258893
192130.000000 0.257233
192140.000000 0.255569
192150.000000 0.253903
192160.000000 0.252233
192170.000000 0.250562
192180.000000 0.248888
192190.000000 0.247214
192200.000000 0.245539
192210.000000 0.243864
192220.000000 0.242189
192230.000000 0.240515
192240.000000 0.238843
192250.000000 0.237172
192260.000000 0.235504
192270.000000 0.233839
192280.000000 0.232177
192290.000000 0.230519
192300.000000 0.228865
192310.000000 0.227217
192320.000000 0.225567
192330.000000 0.223916
192340.000000 0.222263
192350.000000 0.220610
192360.000000 0.218957
192370.000000 0.217306
192380.000000 0.215657
192390.000000 0.214011
192400.000000 0.212369
192410.000000 0.210732
192420.000000 0.209101
192430.000000 0.207477
192440.000000 0.205860
192450.000000 0.204252
192460.000000 0.202653
192470.000000 0.201064
192480.000000 0.199486
192490.000000 0.197921
192500.000000 0.196366
192510.000000 0.194816
192520.000000 0.193272
192530.000000 0.191734
192540.000000 0.190202
192550.000000 0.188678
192560.000000 0.187161
192570.000000 0.185652
192580.000000 0.184151
192590.000000 0.182659
192600.000000 0.181176
192610.000000 0.179703
192620.000000 0.178240
192630.000000 0.176788
192640.000000 0.175347
192650.000000 0.173918
192660.000000 0.172501
192670.000000 0.171096
192680.000000 0.169705
192690.000000 0.168325
192700.000000 0.166959
192710.000000 0.165604
192720.000000 0.164260
192730.000000 0.162928
192740.000000 0.161606
192750.000000 0.160295
192760.000000 0.158995
192770.000000 0.157703
192780.000000 0.156422
192790.000000 0.155149
192800.000000 0.153886
192810.000000 0.152630
192820.000000 0.151383
192830.000000 0.150144
192840.000000 0.148911
192850.000000 0.147686
192860.000000 0.146468
192870.000000 0.145257
192880.000000 0.144057
192890.000000 0.142868
192900.000000 0.141689
192910.000000 0.140519
192920.000000 0.139359
192930.000000 0.138207
192940.000000 0.137064
192950.000000 0.135928
192960.000000 0.134799
192970.000000 0.133676
192980.000000 0.132560
192990.000000 0.131449
193000.000000 0.130344
193010.000000 0.129242
193020.000000 0.128145
193030.000000 0.127051
193040.000000 0.125960
193050.000000 0.124871
193060.000000 0.123786
193070.000000 0.122704
193080.000000 0.121627
193090.000000 0.120555
193100.000000 0.119487
193110.000000 0.118424
193120.000000 0.117366
193130.000000 0.116313
193140.000000 0.115266
193150.000000 0.114224
193160.000000 0.113188
193170.000000 0.112158
193180.000000 0.111133
193190.000000 0.110116
193200.000000 0.109104
193210.000000 0.108099
193220.000000 0.107100
193230.000000 0.106108
193240.000000 0.105123
193250.000000 0.104142
193260.000000 0.103165
193270.000000 0.102191
193280.000000 0.101222
193290.000000 0.100257
193300.000000 0.099299
193310.000000 0.098346
193320.000000 0.097401
193330.000000 0.096462
193340.000000 0.095531
193350.000000 0.094608
193360.000000 0.093695
193370.000000 0.092791
193380.000000 0.091896
193390.000000 0.091012
193400.000000 0.090140
193410.000000 0.089278
193420.000000 0.088429
193430.000000 0.087592
193440.000000 0.086764
193450.000000 0.085944
193460.000000 0.085134
193470.000000 0.084332
193480.000000 0.083540
193490.000000 0.082757
193500.000000 0.081984
193510.000000 0.081220
193520.000000 0.080466
193530.000000 0.079722
193540.000000 0.078988
193550.000000 0.078264
193560.000000 0.077550
193570.000000 0.076847
193580.000000 0.076154
193590.000000 0.075472
193600.000000 0.074800
193610.000000 0.074140
193620.000000 0.073492
193630.000000 0.072857
193640.000000 0.072234
193650.000000 0.071624
193660.000000 0.071025
193670.000000 0.070438
193680.000000 0.069860
193690.000000 0.069293
193700.000000 0.068735
193710.000000 0.068185
193720.000000 0.067644
193730.000000 0.067110
193740.000000 0.066583
193750.000000 0.066062
193760.000000 0.065547
193770.000000 0.065037
193780.000000 0.064533
193790.000000 0.064032
193800.000000 0.063534
193810.000000 0.063044
193820.000000 0.062564
193830.000000 0.062093
193840.000000 0.061630
193850.000000 0.061175
193860.000000 0.060727
193870.000000 0.060286
193880.000000 0.059851
193890.000000 0.059421
193900.000000 0.058996
193910.000000 0.058576
193920.000000 0.058159
193930.000000 0.057745
193940.000000 0.057334
193950.000000 0.056925
193960.000000 0.056518
193970.000000 0.056111
193980.000000 0.055704
193990.000000 0.055298
194000.000000 0.054895
194010.000000 0.054497
194020.000000 0.054102
194030.000000 0.053712
194040.000000 0.053325
194050.000000 0.052941
194060.000000 0.052560
194070.000000 0.052182
194080.000000 0.051806
194090.000000 0.051432
194100.000000 0.051060
194110.000000 0.050689
194120.000000 0.050319
194130.000000 0.049950
194140.000000 0.049582
194150.000000 0.049213
194160.000000 0.048845
194170.000000 0.048476
194180.000000 0.048107
194190.000000 0.047738
194200.000000 0.047370
194210.000000 0.047002
194220.000000 0.046636
194230.000000 0.046270
194240.000000 0.045905
194250.000000 0.045541
194260.000000 0.045178
194270.000000 0.044817
194280.000000 0.044457
194290.000000 0.044098
194300.000000 0.043741
194310.000000 0.043386
194320.000000 0.043032
194330.000000 0.042679
194340.000000 0.042329
194350.000000 0.041981
194360.000000 0.041634
194370.000000 0.041290
194380.000000 0.040947
194390.000000 0.040605
194400.000000 0.040264
194410.000000 0.039925
194420.000000 0.039587
194430.000000 0.039251
194440.000000 0.038916
194450.000000 0.038583
194460.000000 0.038252
194470.000000 0.037923
194480.000000 0.037595
194490.000000 0.037270
194500.000000 0.036946
194510.000000 0.036625
194520.000000 0.036306
194530.000000 0.035989
194540.000000 0.035674
194550.000000 0.035362
194560.000000 0.035052
194570.000000 0.034744
194580.000000 0.034437
194590.000000 0.034131
194600.000000 0.033827
194610.000000 0.033525
194620.000000 0.033225
194630.000000 0.032927
194640.000000 0.032632
194650.000000 0.032338
194660.000000 0.032047
194670.000000 0.031759
194680.000000 0.031473
194690.000000 0.031191
194700.000000 0.030911
194710.000000 0.030634
194720.000000 0.030360
194730.000000 0.030090
194740.000000 0.029823
194750.000000 0.029559
194760.000000 0.029299
194770.000000 0.029042
194780.000000 0.028787
194790.000000 0.028536
194800.000000 0.028287
194810.000000 0.028041
194820.000000 0.027798
194830.000000 0.027558
194840.000000 0.027321
194850.000000 0.027085
194860.000000 0.026853
194870.000000 0.026623
194880.000000 0.026395
194890.000000 0.026170
194900.000000 0.025947
194910.000000 0.025726
194920.000000 0.025508
194930.000000 0.025292
194940.000000 0.025078
194950.000000 0.024866
194960.000000 0.024657
194970.000000 0.024451
194980.000000 0.024247
194990.000000 0.024046
195000.000000 0.023847
195010.000000 0.023650
195020.000000 0.023456
195030.000000 0.023264
195040.000000 0.023075
195050.000000 0.022887
195060.000000 0.022702
195070.000000 0.022520
195080.000000 0.022339
195090.000000 0.022161
195100.000000 0.021984
195110.000000 0.021810
195120.000000 0.021638
195130.000000 0.021468
195140.000000 0.021301
195150.000000 0.021137
195160.000000 0.020976
195170.000000 0.020817
195180.000000 0.020661
195190.000000 0.020507
195200.000000 0.020355
195210.000000 0.020205
195220.000000 0.020057
195230.000000 0.019911
195240.000000 0.019766
195250.000000 0.019623
195260.000000 0.019481
195270.000000 0.019340
195280.000000 0.019200
195290.000000 0.019062
195300.000000 0.018924
195310.000000 0.018786
195320.000000 0.018650
195330.000000 0.018515
195340.000000 0.018381
195350.000000 0.018250
195360.000000 0.018120
195370.000000 0.017991
195380.000000 0.017864
195390.000000 0.017738
195400.000000 0.017613
195410.000000 0.017490
195420.000000 0.017367
195430.000000 0.017245
195440.000000 0.017125
195450.000000 0.017005
195460.000000 0.016886
195470.000000 0.016767
195480.000000 0.016649
195490.000000 0.016532
195500.000000 0.016415
195510.000000 0.016299
195520.000000 0.016184
195530.000000 0.016070
195540.000000 0.015958
195550.000000 0.015846
195560.000000 0.015736
195570.000000 0.015627
195580.000000 0.015518
195590.000000 0.015410
195600.000000 0.015303
195610.000000 0.015196
195620.000000 0.015089
195630.000000 0.014983
195640.000000 0.014877
195650.000000 0.014771
195660.000000 0.014665
195670.000000 0.014559
195680.000000 0.014453
195690.000000 0.014346
195700.000000 0.014240
195710.000000 0.014132
195720.000000 0.014025
195730.000000 0.013919
195740.000000 0.013812
195750.000000 0.013705
195760.000000 0.013598
195770.000000 0.013492
195780.000000 0.013385
195790.000000 0.013279
195800.000000 0.013173
195810.000000 0.013068
195820.000000 0.012963
195830.000000 0.012859
195840.000000 0.012755
195850.000000 0.012651
195860.000000 0.012548
195870.000000 0.012445
195880.000000 0.012343
195890.000000 0.012242
195900.000000 0.012141
195910.000000 0.012040
195920.000000 0.011939
195930.000000 0.011838
195940.000000 0.011738
195950.000000 0.011638
195960.000000 0.011538
195970.000000 0.011439
195980.000000 0.011340
195990.000000 0.011242
196000.000000 0.011145
196010.000000 0.011049
196020.000000 0.010953
196030.000000 0.010858
196040.000000 0.010764
196050.000000 0.010671
196060.000000 0.010580
196070.000000 0.010489
196080.000000 0.010400
196090.000000 0.010311
196100.000000 0.010223
196110.000000 0.010136
196120.000000 0.010049
196130.000000 0.009963
196140.000000 0.009878
196150.000000 0.009794
196160.000000 0.009711
196170.000000 0.009628
196180.000000 0.009547
196190.000000 0.009466
196200.000000 0.009387
196210.000000 0.009309
196220.000000 0.009232
196230.000000 0.009156
196240.000000 0.009081
196250.000000 0.009007
196260.000000 0.008936
196270.000000 0.008865
196280.000000 0.008796
196290.000000 0.008728
196300.000000 0.008662
196310.000000 0.008598
196320.000000 0.008535
196330.000000 0.008473
196340.000000 0.008412
196350.000000 0.008352
196360.000000 0.008294
196370.000000 0.008236
196380.000000 0.008179
196390.000000 0.008123
196400.000000 0.008068
196410.000000 0.008013
196420.000000 0.007958
196430.000000 0.007904
196440.000000 0.007851
196450.000000 0.007797
196460.000000 0.007744
196470.000000 0.007691
196480.000000 0.007640
196490.000000 0.007589
196500.000000 0.007540
196510.000000 0.007491
196520.000000 0.007443
196530.000000 0.007396
196540.000000 0.007350
196550.000000 0.007303
196560.000000 0.007258
196570.000000 0.007212
196580.000000 0.007167
196590.000000 0.007121
196600.000000 0.007075
196610.000000 0.007029
196620.000000 0.006983
196630.000000 0.006936
196640.000000 0.006889
196650.000000 0.006841
196660.000000 0.006792
196670.000000 0.006743
196680.000000 0.006693
196690.000000 0.006644
196700.000000 0.006594
196710.000000 0.006544
196720.000000 0.006494
196730.000000 0.006444
196740.000000 0.006394
196750.000000 0.006343
196760.000000 0.006293
196770.000000 0.006242
196780.000000 0.006191
196790.000000 0.006139
196800.000000 0.006088
196810.000000 0.006036
196820.000000 0.005984
196830.000000 0.005931
196840.000000 0.005878
196850.000000 0.005825
196860.000000 0.005772
196870.000000 0.005717
196880.000000 0.005662
196890.000000 0.005606
196900.000000 0.005550
196910.000000 0.005493
196920.000000 0.005436
196930.000000 0.005379
196940.000000 0.005322
196950.000000 0.005264
196960.000000 0.005207
196970.000000 0.005150
196980.000000 0.005094
196990.000000 0.005038
197000.000000 0.004982
197010.000000 0.004927
197020.000000 0.004873
197030.000000 0.004820
197040.000000 0.004767
197050.000000 0.004716
197060.000000 0.004665
197070.000000 0.004614
197080.000000 0.004563
197090.000000 0.004513
197100.000000 0.004463
197110.000000 0.004414
197120.000000 0.004365
197130.000000 0.004316
197140.000000 0.004268
197150.000000 0.004221
197160.000000 0.004174
197170.000000 0.004128
197180.000000 0.004082
197190.000000 0.004038
