74500.000000 0.004002
74520.000000 0.004095
74530.000000 0.004142
74560.000000 0.004279
74590.000000 0.004412
74610.000000 0.004500
74620.000000 0.004543
74650.000000 0.004669
74680.000000 0.004791
74690.000000 0.004831
74710.000000 0.004908
74740.000000 0.005020
74770.000000 0.005127
74780.000000 0.005161
74800.000000 0.005227
74830.000000 0.005321
74860.000000 0.005408
74870.000000 0.005435
74890.000000 0.005488
74910.000000 0.005537
74920.000000 0.005560
74950.000000 0.005624
74960.000000 0.005644
74980.000000 0.005680
75000.000000 0.005713
75020.000000 0.005744
75040.000000 0.005773
75050.000000 0.005787
75080.000000 0.005830
75090.000000 0.005844
75110.000000 0.005873
75130.000000 0.005904
75140.000000 0.005920
75170.000000 0.005973
75200.000000 0.006034
75220.000000 0.006081
75230.000000 0.006106
75260.000000 0.006192
75290.000000 0.006294
75310.000000 0.006371
75320.000000 0.006414
75350.000000 0.006554
75380.000000 0.006718
75390.000000 0.006778
75410.000000 0.006907
75440.000000 0.007125
75470.000000 0.007373
75480.000000 0.007463
75500.000000 0.007654
75520.000000 0.007861
75530.000000 0.007971
75560.000000 0.008326
75570.000000 0.008453
75590.000000 0.008721
75610.000000 0.009008
75620.000000 0.009159
75650.000000 0.009642
75680.000000 0.010170
75700.000000 0.010560
75710.000000 0.010760
75740.000000 0.011390
75770.000000 0.012080
75780.000000 0.012320
75800.000000 0.012830
75830.000000 0.013630
75860.000000 0.014510
75870.000000 0.014810
75890.000000 0.015440
75920.000000 0.016450
75950.000000 0.017520
75960.000000 0.017890
75980.000000 0.018660
76000.000000 0.019460
76010.000000 0.019880
76040.000000 0.021170
76050.000000 0.021610
76070.000000 0.022530
76090.000000 0.023470
76100.000000 0.023960
76130.000000 0.025470
76160.000000 0.027060
76180.000000 0.028160
76190.000000 0.028720
76220.000000 0.030470
76250.000000 0.032290
76260.000000 0.032920
76280.000000 0.034190
76310.000000 0.036180
76340.000000 0.038250
76350.000000 0.038960
76370.000000 0.040400
76400.000000 0.042640
76430.000000 0.044960
76440.000000 0.045750
76460.000000 0.047370
76480.000000 0.049020
76490.000000 0.049860
76520.000000 0.052450
76530.000000 0.053330
76550.000000 0.055130
76570.000000 0.056960
76580.000000 0.057890
76610.000000 0.060750
76640.000000 0.063710
76660.000000 0.065730
76670.000000 0.066750
76700.000000 0.069900
76730.000000 0.073140
76740.000000 0.074240
76760.000000 0.076490
76790.000000 0.079990
76820.000000 0.083640
76830.000000 0.084890
76850.000000 0.087460
76880.000000 0.091490
76910.000000 0.095730
76920.000000 0.097200
76940.000000 0.100200
76960.000000 0.103300
76970.000000 0.104900
77000.000000 0.110000
77010.000000 0.111700
77030.000000 0.115300
77050.000000 0.119000
77060.000000 0.121000
77090.000000 0.127000
77120.000000 0.133400
77140.000000 0.137900
77150.000000 0.140200
77180.000000 0.147400
77210.000000 0.155000
77220.000000 0.157600
77240.000000 0.162900
77270.000000 0.171200
77300.000000 0.179900
77310.000000 0.182800
77330.000000 0.188800
77350.000000 0.194900
77360.000000 0.198000
77390.000000 0.207500
77400.000000 0.210700
77420.000000 0.217200
77440.000000 0.223800
77450.000000 0.227200
77480.000000 0.237300
77490.000000 0.240800
77510.000000 0.247700
77530.000000 0.254700
77540.000000 0.258200
77570.000000 0.268800
77600.000000 0.279600
77620.000000 0.286800
77630.000000 0.290400
77660.000000 0.301300
77690.000000 0.312300
77700.000000 0.316000
77720.000000 0.323300
77750.000000 0.334400
77780.000000 0.345400
77790.000000 0.349000
77810.000000 0.356300
77830.000000 0.363700
77840.000000 0.367300
77870.000000 0.378200
77880.000000 0.381900
77900.000000 0.389100
77920.000000 0.396400
77930.000000 0.400000
77960.000000 0.410800
77970.000000 0.414400
77990.000000 0.421600
78010.000000 0.428700
78020.000000 0.432300
78050.000000 0.442900
78080.000000 0.453500
78100.000000 0.460500
78110.000000 0.464000
78140.000000 0.474400
78170.000000 0.484700
78180.000000 0.488100
78200.000000 0.494900
78230.000000 0.505000
78260.000000 0.515000
78270.000000 0.518300
78290.000000 0.524900
78310.000000 0.531500
78320.000000 0.534700
78350.000000 0.544400
78360.000000 0.547600
78380.000000 0.553900
78400.000000 0.560200
78410.000000 0.563300
78440.000000 0.572600
78450.000000 0.575600
78470.000000 0.581700
78490.000000 0.587700
78500.000000 0.590700
78530.000000 0.599500
78560.000000 0.608100
78580.000000 0.613800
78590.000000 0.616600
78620.000000 0.624900
78650.000000 0.633100
78660.000000 0.635700
78680.000000 0.641000
78710.000000 0.648800
78740.000000 0.656300
78750.000000 0.658800
78770.000000 0.663700
78790.000000 0.668500
78800.000000 0.670900
78830.000000 0.677800
78840.000000 0.680100
78860.000000 0.684600
78880.000000 0.689100
78890.000000 0.691200
78920.000000 0.697600
78950.000000 0.703900
78970.000000 0.707900
78980.000000 0.709900
79010.000000 0.715800
79040.000000 0.721400
79060.000000 0.725100
79070.000000 0.726900
79100.000000 0.732200
79130.000000 0.737400
79140.000000 0.739100
79160.000000 0.742300
79190.000000 0.747100
79220.000000 0.751800
79230.000000 0.753300
79250.000000 0.756200
79270.000000 0.759100
79280.000000 0.760500
79310.000000 0.764700
79320.000000 0.766000
79340.000000 0.768600
79360.000000 0.771200
79370.000000 0.772400
79400.000000 0.776100
79430.000000 0.779600
79450.000000 0.781800
79460.000000 0.782900
79490.000000 0.786100
79520.000000 0.789100
79540.000000 0.791000
79550.000000 0.792000
79580.000000 0.794700
79610.000000 0.797300
79620.000000 0.798100
79640.000000 0.799700
79670.000000 0.802000
79700.000000 0.804100
79710.000000 0.804800
79730.000000 0.806200
79750.000000 0.807400
79760.000000 0.808000
79790.000000 0.809800
79800.000000 0.810300
79820.000000 0.811400
79840.000000 0.812400
79850.000000 0.812800
79880.000000 0.814200
79910.000000 0.815400
79930.000000 0.816200
79940.000000 0.816600
79970.000000 0.817600
80000.000000 0.818600
80020.000000 0.819200
80030.000000 0.819500
80060.000000 0.820300
80090.000000 0.821000
80100.000000 0.821200
80120.000000 0.821700
80150.000000 0.822300
80180.000000 0.822800
80190.000000 0.823000
80210.000000 0.823400
80230.000000 0.823700
80240.000000 0.823800
80270.000000 0.824300
80280.000000 0.824400
80300.000000 0.824700
80320.000000 0.825000
80330.000000 0.825100
80360.000000 0.825500
80390.000000 0.825900
80410.000000 0.826200
80420.000000 0.826300
80450.000000 0.826800
80480.000000 0.827200
80490.000000 0.827300
80510.000000 0.827600
80540.000000 0.828100
80570.000000 0.828600
80580.000000 0.828800
80600.000000 0.829200
80630.000000 0.829800
80660.000000 0.830500
80670.000000 0.830700
80690.000000 0.831200
80710.000000 0.831700
80720.000000 0.832000
80750.000000 0.832800
80760.000000 0.833100
80780.000000 0.833700
80800.000000 0.834300
80810.000000 0.834600
80840.000000 0.835600
80870.000000 0.836600
80890.000000 0.837300
80900.000000 0.837600
80930.000000 0.838700
80960.000000 0.839800
80970.000000 0.840200
80990.000000 0.840900
81020.000000 0.842000
81050.000000 0.843200
81060.000000 0.843600
81080.000000 0.844300
81110.000000 0.845500
81140.000000 0.846700
81150.000000 0.847100
81170.000000 0.847900
81190.000000 0.848600
81200.000000 0.849000
81230.000000 0.850200
81240.000000 0.850600
81260.000000 0.851400
81280.000000 0.852100
81290.000000 0.852500
81320.000000 0.853600
81350.000000 0.854700
81370.000000 0.855400
81380.000000 0.855800
81410.000000 0.856800
81440.000000 0.857900
81450.000000 0.858200
81470.000000 0.858800
81500.000000 0.859800
81530.000000 0.860700
81540.000000 0.861000
81560.000000 0.861500
81590.000000 0.862300
81620.000000 0.863100
81630.000000 0.863300
81650.000000 0.863800
81670.000000 0.864200
81680.000000 0.864400
81710.000000 0.864900
81720.000000 0.865100
81740.000000 0.865400
81760.000000 0.865700
81770.000000 0.865800
81800.000000 0.866200
81830.000000 0.866500
81850.000000 0.866600
81860.000000 0.866600
81890.000000 0.866700
81920.000000 0.866700
81930.000000 0.866700
81950.000000 0.866600
81980.000000 0.866400
82010.000000 0.866200
82020.000000 0.866000
82040.000000 0.865800
82060.000000 0.865400
82070.000000 0.865300
82100.000000 0.864700
82110.000000 0.864400
82130.000000 0.863900
82150.000000 0.863400
82160.000000 0.863100
82190.000000 0.862200
82200.000000 0.861800
82220.000000 0.861200
82240.000000 0.860400
82250.000000 0.860100
82280.000000 0.858900
82310.000000 0.857600
82330.000000 0.856700
82340.000000 0.856200
82370.000000 0.854800
82400.000000 0.853400
82410.000000 0.852800
82430.000000 0.851800
82460.000000 0.850200
82490.000000 0.848600
82500.000000 0.848000
82520.000000 0.846900
82540.000000 0.845800
82550.000000 0.845200
82580.000000 0.843400
82590.000000 0.842800
82610.000000 0.841600
82630.000000 0.840400
82640.000000 0.839800
82670.000000 0.838000
82680.000000 0.837400
82700.000000 0.836200
82720.000000 0.834900
82730.000000 0.834300
82760.000000 0.832400
82790.000000 0.830600
82810.000000 0.829400
82820.000000 0.828700
82850.000000 0.826900
82880.000000 0.825100
82890.000000 0.824500
82910.000000 0.823300
82940.000000 0.821500
82970.000000 0.819700
82980.000000 0.819200
83000.000000 0.818000
83020.000000 0.816900
83030.000000 0.816300
83060.000000 0.814700
83070.000000 0.814200
83090.000000 0.813100
83110.000000 0.812100
83120.000000 0.811600
83150.000000 0.810100
83160.000000 0.809700
83180.000000 0.808700
83200.000000 0.807800
83210.000000 0.807400
83240.000000 0.806200
83270.000000 0.805000
83290.000000 0.804200
83300.000000 0.803900
83330.000000 0.802900
83360.000000 0.802000
83370.000000 0.801700
83390.000000 0.801200
83420.000000 0.800500
83450.000000 0.799900
83460.000000 0.799700
83480.000000 0.799400
83500.000000 0.799100
83510.000000 0.799000
83540.000000 0.798800
83550.000000 0.798800
83570.000000 0.798700
83590.000000 0.798700
83600.000000 0.798700
83630.000000 0.798800
83660.000000 0.799000
83680.000000 0.799200
83690.000000 0.799300
83720.000000 0.799800
83750.000000 0.800300
83770.000000 0.800700
83780.000000 0.800900
83810.000000 0.801600
83840.000000 0.802300
83850.000000 0.802600
83870.000000 0.803200
83900.000000 0.804100
83930.000000 0.805100
83940.000000 0.805500
83960.000000 0.806200
83980.000000 0.806900
83990.000000 0.807300
84020.000000 0.808500
84030.000000 0.808900
84050.000000 0.809700
84070.000000 0.810600
84080.000000 0.811000
84110.000000 0.812400
84140.000000 0.813800
84160.000000 0.814700
84170.000000 0.815200
84200.000000 0.816600
84230.000000 0.818100
84250.000000 0.819100
84260.000000 0.819600
84290.000000 0.821200
84320.000000 0.822700
84330.000000 0.823200
84350.000000 0.824300
84380.000000 0.825900
84410.000000 0.827500
84420.000000 0.828000
84440.000000 0.829000
84460.000000 0.830100
84470.000000 0.830600
84500.000000 0.832200
84510.000000 0.832700
84530.000000 0.833800
84550.000000 0.834800
84560.000000 0.835300
84590.000000 0.836900
84620.000000 0.838400
84640.000000 0.839400
84650.000000 0.839900
84680.000000 0.841300
84710.000000 0.842800
84730.000000 0.843700
84740.000000 0.844100
84770.000000 0.845500
84800.000000 0.846800
84810.000000 0.847200
84830.000000 0.848000
84860.000000 0.849200
84890.000000 0.850300
84900.000000 0.850700
84920.000000 0.851400
84940.000000 0.852100
84950.000000 0.852400
84980.000000 0.853300
84990.000000 0.853600
85020.000000 0.854500
85030.000000 0.854700
85050.000000 0.855200
85070.000000 0.855700
85080.000000 0.855900
85110.000000 0.856400
85120.000000 0.856600
85140.000000 0.856900
85160.000000 0.857200
85170.000000 0.857300
85200.000000 0.857600
85210.000000 0.857700
85230.000000 0.857800
85250.000000 0.857800
85260.000000 0.857900
85290.000000 0.857800
85320.000000 0.857700
85340.000000 0.857500
85350.000000 0.857500
85380.000000 0.857100
85410.000000 0.856700
85420.000000 0.856500
85440.000000 0.856200
85470.000000 0.855600
85500.000000 0.855000
85510.000000 0.854700
85530.000000 0.854200
85550.000000 0.853700
85560.000000 0.853400
85590.000000 0.852500
85600.000000 0.852200
85620.000000 0.851600
85640.000000 0.851000
85650.000000 0.850600
85680.000000 0.849600
85710.000000 0.848500
85730.000000 0.847700
85740.000000 0.847300
85770.000000 0.846200
85800.000000 0.844900
85820.000000 0.844100
85830.000000 0.843700
85860.000000 0.842400
85890.000000 0.841100
85900.000000 0.840700
85920.000000 0.839800
85950.000000 0.838400
85980.000000 0.837100
85990.000000 0.836600
86010.000000 0.835700
86030.000000 0.834800
86040.000000 0.834300
86070.000000 0.832900
86080.000000 0.832500
86100.000000 0.831600
86120.000000 0.830700
86130.000000 0.830200
86160.000000 0.828800
86190.000000 0.827500
86210.000000 0.826600
86220.000000 0.826200
86250.000000 0.824900
86280.000000 0.823600
86300.000000 0.822800
86310.000000 0.822400
86340.000000 0.821200
86370.000000 0.820000
86380.000000 0.819600
86400.000000 0.818900
86430.000000 0.817800
86460.000000 0.816700
86470.000000 0.816400
86490.000000 0.815800
86510.000000 0.815100
86520.000000 0.814800
86550.000000 0.814000
86560.000000 0.813700
86580.000000 0.813200
86600.000000 0.812700
86610.000000 0.812500
86640.000000 0.811800
86670.000000 0.811300
86690.000000 0.810900
86700.000000 0.810800
86730.000000 0.810400
86760.000000 0.810100
86780.000000 0.810000
86790.000000 0.809900
86820.000000 0.809800
86850.000000 0.809800
86860.000000 0.809800
86880.000000 0.809900
86910.000000 0.810000
86940.000000 0.810300
86950.000000 0.810400
86970.000000 0.810600
86990.000000 0.810900
87000.000000 0.811000
87030.000000 0.811500
87040.000000 0.811700
87060.000000 0.812000
87080.000000 0.812400
87090.000000 0.812600
87120.000000 0.813200
87150.000000 0.813800
87170.000000 0.814300
87180.000000 0.814500
87210.000000 0.815200
87240.000000 0.815900
87250.000000 0.816100
87270.000000 0.816600
87300.000000 0.817300
87330.000000 0.818000
87340.000000 0.818300
87360.000000 0.818700
87390.000000 0.819400
87420.000000 0.820100
87430.000000 0.820300
87450.000000 0.820700
87470.000000 0.821100
87480.000000 0.821300
87510.000000 0.821800
87520.000000 0.821900
87540.000000 0.822200
87560.000000 0.822400
87570.000000 0.822500
87600.000000 0.822700
87630.000000 0.822800
87650.000000 0.822800
87660.000000 0.822700
87690.000000 0.822500
87720.000000 0.822100
87730.000000 0.821900
87750.000000 0.821500
87780.000000 0.820700
87810.000000 0.819700
87820.000000 0.819300
87840.000000 0.818400
87870.000000 0.817000
87900.000000 0.815500
87910.000000 0.814900
87930.000000 0.813900
87950.000000 0.812800
87960.000000 0.812200
87990.000000 0.810600
88000.000000 0.810100
88020.000000 0.809100
88040.000000 0.808000
88050.000000 0.807500
88080.000000 0.805800
88110.000000 0.803800
88130.000000 0.802300
88140.000000 0.801500
88170.000000 0.798800
88200.000000 0.795500
88210.000000 0.794300
88230.000000 0.791700
88260.000000 0.787100
88290.000000 0.781900
88300.000000 0.780000
88320.000000 0.776100
88350.000000 0.769900
88380.000000 0.763200
88390.000000 0.760900
88410.000000 0.756100
88430.000000 0.751300
88440.000000 0.748800
88470.000000 0.741200
88480.000000 0.738600
88500.000000 0.733300
88520.000000 0.728000
88530.000000 0.725300
88560.000000 0.716900
88590.000000 0.708400
88610.000000 0.702600
88620.000000 0.699700
88650.000000 0.690700
88680.000000 0.681500
88690.000000 0.678400
88710.000000 0.672200
88740.000000 0.662600
88770.000000 0.652900
88780.000000 0.649600
88800.000000 0.643000
88820.000000 0.636300
88830.000000 0.632900
88860.000000 0.622600
88870.000000 0.619200
88890.000000 0.612200
88910.000000 0.605200
88920.000000 0.601600
88950.000000 0.590900
88960.000000 0.587300
88980.000000 0.580000
89000.000000 0.572700
89010.000000 0.569000
89040.000000 0.557900
89070.000000 0.546600
89090.000000 0.539000
89100.000000 0.535200
89130.000000 0.523700
89160.000000 0.512100
89170.000000 0.508200
89190.000000 0.500400
89220.000000 0.488500
89250.000000 0.476600
89260.000000 0.472600
89280.000000 0.464600
89300.000000 0.456500
89310.000000 0.452500
89340.000000 0.440300
89350.000000 0.436300
89370.000000 0.428100
89390.000000 0.419900
89400.000000 0.415800
89430.000000 0.403600
89440.000000 0.399500
89460.000000 0.391400
89480.000000 0.383400
89490.000000 0.379400
89520.000000 0.367700
89550.000000 0.356200
89570.000000 0.348800
89580.000000 0.345200
89610.000000 0.334600
89640.000000 0.324500
89650.000000 0.321300
89670.000000 0.315000
89700.000000 0.306200
89730.000000 0.298000
89740.000000 0.295400
89760.000000 0.290400
89780.000000 0.285700
89790.000000 0.283400
89820.000000 0.276800
89830.000000 0.274700
89850.000000 0.270600
89870.000000 0.266700
89880.000000 0.264800
89910.000000 0.259100
89920.000000 0.257300
89940.000000 0.253700
89960.000000 0.250100
89970.000000 0.248300
90000.000000 0.243000
90020.000000 0.239400
90030.000000 0.237600
90040.000000 0.235900
90050.000000 0.234100
90060.000000 0.232300
90080.000000 0.228800
90090.000000 0.227100
90100.000000 0.225300
90120.000000 0.221800
90130.000000 0.220100
90140.000000 0.218400
90150.000000 0.216600
90160.000000 0.214900
90180.000000 0.211500
90200.000000 0.208100
90210.000000 0.206400
90220.000000 0.204700
90230.000000 0.203000
90240.000000 0.201300
90250.000000 0.199700
90260.000000 0.198000
90270.000000 0.196400
90280.000000 0.194700
90300.000000 0.191500
90310.000000 0.189900
90320.000000 0.188300
90330.000000 0.186700
90340.000000 0.185100
90350.000000 0.183500
90360.000000 0.181900
90380.000000 0.178800
90390.000000 0.177300
90400.000000 0.175800
90420.000000 0.172800
90430.000000 0.171300
90440.000000 0.169800
90450.000000 0.168300
90460.000000 0.166900
90480.000000 0.164000
90500.000000 0.161200
90510.000000 0.159800
90520.000000 0.158400
90530.000000 0.157000
90540.000000 0.155700
90550.000000 0.154400
90560.000000 0.153100
90570.000000 0.151800
90580.000000 0.150500
90600.000000 0.148000
90610.000000 0.146700
90620.000000 0.145500
90630.000000 0.144300
90640.000000 0.143100
90650.000000 0.141900
90660.000000 0.140700
90680.000000 0.138400
90690.000000 0.137200
90700.000000 0.136100
90720.000000 0.133900
90730.000000 0.132800
90740.000000 0.131700
90750.000000 0.130700
90760.000000 0.129600
90780.000000 0.127500
90790.000000 0.126500
90800.000000 0.125500
90810.000000 0.124500
90820.000000 0.123500
90830.000000 0.122500
90840.000000 0.121600
90850.000000 0.120600
90860.000000 0.119700
90870.000000 0.118700
90880.000000 0.117800
90900.000000 0.115900
90920.000000 0.114100
90930.000000 0.113300
90940.000000 0.112400
90950.000000 0.111500
90960.000000 0.110700
90980.000000 0.109000
90990.000000 0.108100
91000.000000 0.107300
91010.000000 0.106500
91020.000000 0.105600
91030.000000 0.104800
91040.000000 0.104000
91050.000000 0.103200
91060.000000 0.102500
91080.000000 0.100900
91090.000000 0.100100
91100.000000 0.099410
91110.000000 0.098650
91120.000000 0.097900
91130.000000 0.097160
91140.000000 0.096420
91150.000000 0.095680
91160.000000 0.094950
91170.000000 0.094220
91180.000000 0.093500
91200.000000 0.092070
91210.000000 0.091370
91220.000000 0.090660
91230.000000 0.089960
91240.000000 0.089270
91250.000000 0.088580
91260.000000 0.087890
91270.000000 0.087210
91280.000000 0.086530
91290.000000 0.085850
91300.000000 0.085180
91310.000000 0.084520
91320.000000 0.083860
91330.000000 0.083200
91340.000000 0.082550
91350.000000 0.081900
91360.000000 0.081250
91380.000000 0.079970
91400.000000 0.078710
91410.000000 0.078090
91420.000000 0.077470
91430.000000 0.076850
91440.000000 0.076240
91450.000000 0.075630
91460.000000 0.075020
91470.000000 0.074420
91480.000000 0.073820
91490.000000 0.073230
91500.000000 0.072640
91520.000000 0.071470
91530.000000 0.070900
91540.000000 0.070320
91550.000000 0.069750
91560.000000 0.069190
91570.000000 0.068620
91580.000000 0.068070
91590.000000 0.067510
91600.000000 0.066960
91620.000000 0.065870
91630.000000 0.065330
91640.000000 0.064790
91650.000000 0.064260
91660.000000 0.063730
91680.000000 0.062680
91700.000000 0.061650
91710.000000 0.061140
91720.000000 0.060630
91730.000000 0.060130
91740.000000 0.059630
91750.000000 0.059130
91760.000000 0.058640
91770.000000 0.058150
91780.000000 0.057660
91790.000000 0.057180
91800.000000 0.056700
91820.000000 0.055750
91830.000000 0.055290
91840.000000 0.054820
91850.000000 0.054360
91860.000000 0.053900
91880.000000 0.052990
91890.000000 0.052540
91900.000000 0.052100
91920.000000 0.051220
91930.000000 0.050780
91940.000000 0.050350
91950.000000 0.049920
91960.000000 0.049500
91980.000000 0.048650
92000.000000 0.047830
92010.000000 0.047420
92020.000000 0.047010
92030.000000 0.046610
92040.000000 0.046210
92050.000000 0.045810
92060.000000 0.045410
92070.000000 0.045020
92080.000000 0.044640
92100.000000 0.043870
92120.000000 0.043110
92130.000000 0.042740
92140.000000 0.042370
92150.000000 0.042000
92160.000000 0.041640
92180.000000 0.040920
92190.000000 0.040570
92200.000000 0.040210
92220.000000 0.039520
92230.000000 0.039170
92240.000000 0.038830
92250.000000 0.038490
92260.000000 0.038160
92270.000000 0.037830
92280.000000 0.037500
92300.000000 0.036850
92310.000000 0.036520
92320.000000 0.036210
92330.000000 0.035890
92340.000000 0.035580
92350.000000 0.035270
92360.000000 0.034960
92370.000000 0.034650
92380.000000 0.034350
92400.000000 0.033750
92420.000000 0.033160
92430.000000 0.032870
92440.000000 0.032590
92450.000000 0.032300
92460.000000 0.032020
92480.000000 0.031460
92490.000000 0.031190
92500.000000 0.030910
92520.000000 0.030380
92530.000000 0.030110
92540.000000 0.029850
92550.000000 0.029590
92560.000000 0.029330
92580.000000 0.028820
92600.000000 0.028320
92610.000000 0.028070
92620.000000 0.027830
92630.000000 0.027590
92640.000000 0.027350
92650.000000 0.027110
92660.000000 0.026880
92670.000000 0.026640
92680.000000 0.026410
92700.000000 0.025960
92710.000000 0.025730
92720.000000 0.025510
92730.000000 0.025290
92740.000000 0.025070
92750.000000 0.024860
92760.000000 0.024640
92770.000000 0.024430
92780.000000 0.024220
92790.000000 0.024020
92800.000000 0.023810
92820.000000 0.023410
92830.000000 0.023210
92840.000000 0.023010
92850.000000 0.022810
92860.000000 0.022620
92880.000000 0.022240
92890.000000 0.022050
92900.000000 0.021870
92910.000000 0.021680
92920.000000 0.021500
92930.000000 0.021320
92940.000000 0.021140
92950.000000 0.020970
92960.000000 0.020790
92970.000000 0.020620
92980.000000 0.020450
93000.000000 0.020110
93010.000000 0.019950
93020.000000 0.019790
93030.000000 0.019620
93040.000000 0.019460
93050.000000 0.019300
93060.000000 0.019150
93080.000000 0.018840
93090.000000 0.018690
93100.000000 0.018540
93120.000000 0.018240
93130.000000 0.018100
93140.000000 0.017950
93150.000000 0.017810
93160.000000 0.017670
93180.000000 0.017390
93190.000000 0.017260
93200.000000 0.017120
93210.000000 0.016990
93220.000000 0.016860
93230.000000 0.016730
93240.000000 0.016600
93250.000000 0.016470
93260.000000 0.016340
93270.000000 0.016220
93280.000000 0.016100
93300.000000 0.015860
93320.000000 0.015620
93330.000000 0.015500
93340.000000 0.015390
93350.000000 0.015270
93360.000000 0.015160
93370.000000 0.015050
93380.000000 0.014940
93390.000000 0.014830
93400.000000 0.014720
93420.000000 0.014510
93430.000000 0.014410
93440.000000 0.014310
93450.000000 0.014200
93460.000000 0.014100
93480.000000 0.013910
93490.000000 0.013810
93500.000000 0.013710
93510.000000 0.013620
93520.000000 0.013520
93530.000000 0.013430
93540.000000 0.013340
93550.000000 0.013250
93560.000000 0.013160
93570.000000 0.013070
93580.000000 0.012980
93600.000000 0.012810
93610.000000 0.012720
93620.000000 0.012640
93630.000000 0.012560
93640.000000 0.012480
93650.000000 0.012390
93660.000000 0.012310
93670.000000 0.012230
93680.000000 0.012160
93690.000000 0.012080
93700.000000 0.012000
93710.000000 0.011920
93720.000000 0.011850
93730.000000 0.011770
93740.000000 0.011700
93750.000000 0.011630
93760.000000 0.011550
93780.000000 0.011410
93800.000000 0.011270
93810.000000 0.011200
93820.000000 0.011130
93830.000000 0.011070
93840.000000 0.011000
93850.000000 0.010930
93860.000000 0.010870
93870.000000 0.010800
93880.000000 0.010730
93900.000000 0.010610
93920.000000 0.010480
93930.000000 0.010420
93940.000000 0.010360
93950.000000 0.010300
93960.000000 0.010230
93970.000000 0.010170
93980.000000 0.010110
93990.000000 0.010050
94000.000000 0.009996
94010.000000 0.009937
94020.000000 0.009878
94030.000000 0.009820
94040.000000 0.009763
94050.000000 0.009705
94060.000000 0.009648
94080.000000 0.009535
94090.000000 0.009479
94100.000000 0.009423
94110.000000 0.009367
94120.000000 0.009312
94130.000000 0.009257
94140.000000 0.009202
94150.000000 0.009147
94160.000000 0.009093
94170.000000 0.009038
94180.000000 0.008984
94190.000000 0.008931
94200.000000 0.008877
94210.000000 0.008824
94220.000000 0.008771
94230.000000 0.008718
94240.000000 0.008666
94250.000000 0.008614
94260.000000 0.008561
94280.000000 0.008458
94290.000000 0.008407
94300.000000 0.008356
94320.000000 0.008254
94330.000000 0.008204
94340.000000 0.008154
94350.000000 0.008104
94360.000000 0.008054
94380.000000 0.007956
94400.000000 0.007858
94410.000000 0.007810
94420.000000 0.007761
94430.000000 0.007713
94440.000000 0.007666
94450.000000 0.007618
94460.000000 0.007571
94470.000000 0.007523
94480.000000 0.007477
94490.000000 0.007430
94500.000000 0.007383
94520.000000 0.007291
94530.000000 0.007246
94540.000000 0.007200
94550.000000 0.007155
94560.000000 0.007110
94570.000000 0.007065
94580.000000 0.007020
94590.000000 0.006976
94600.000000 0.006931
94620.000000 0.006844
94630.000000 0.006800
94640.000000 0.006757
94650.000000 0.006713
94660.000000 0.006671
94670.000000 0.006628
94680.000000 0.006585
94690.000000 0.006543
94700.000000 0.006501
94710.000000 0.006459
94720.000000 0.006417
94730.000000 0.006376
94740.000000 0.006335
94750.000000 0.006294
94760.000000 0.006253
94770.000000 0.006212
94780.000000 0.006172
94800.000000 0.006092
94810.000000 0.006052
94820.000000 0.006012
94830.000000 0.005973
94840.000000 0.005934
94850.000000 0.005895
94860.000000 0.005856
94880.000000 0.005779
94890.000000 0.005741
94900.000000 0.005703
94920.000000 0.005628
94930.000000 0.005591
94940.000000 0.005553
94950.000000 0.005517
94960.000000 0.005480
94970.000000 0.005443
94980.000000 0.005407
95010.000000 0.005299
95020.000000 0.005263
95030.000000 0.005228
95050.000000 0.005158
95060.000000 0.005123
95070.000000 0.005088
95080.000000 0.005054
95090.000000 0.005019
95100.000000 0.004985
95110.000000 0.004952
95130.000000 0.004884
95140.000000 0.004851
95150.000000 0.004818
95160.000000 0.004785
95170.000000 0.004752
95180.000000 0.004720
95190.000000 0.004687
95200.000000 0.004655
95210.000000 0.004623
95230.000000 0.004559
95240.000000 0.004528
95250.000000 0.004496
95260.000000 0.004465
95270.000000 0.004434
95280.000000 0.004404
95290.000000 0.004373
95310.000000 0.004312
95320.000000 0.004282
95330.000000 0.004252
95350.000000 0.004193
95360.000000 0.004163
95370.000000 0.004134
95380.000000 0.004105
95390.000000 0.004076
95410.000000 0.004019
