94530.000000 0.004058
94540.000000 0.004141
94550.000000 0.004226
94560.000000 0.004312
94570.000000 0.004400
94580.000000 0.004489
94600.000000 0.004671
94620.000000 0.004859
94630.000000 0.004956
94640.000000 0.005054
94650.000000 0.005153
94660.000000 0.005254
94680.000000 0.005461
94690.000000 0.005567
94700.000000 0.005674
94720.000000 0.005893
94730.000000 0.006005
94740.000000 0.006119
94750.000000 0.006234
94760.000000 0.006351
94780.000000 0.006590
94800.000000 0.006836
94810.000000 0.006961
94820.000000 0.007089
94830.000000 0.007218
94840.000000 0.007349
94850.000000 0.007482
94860.000000 0.007617
94880.000000 0.007894
94900.000000 0.008181
94920.000000 0.008477
94930.000000 0.008629
94940.000000 0.008784
94950.000000 0.008942
94960.000000 0.009102
94980.000000 0.009432
95010.000000 0.009950
95030.000000 0.010310
95050.000000 0.010690
95060.000000 0.010880
95070.000000 0.011080
95080.000000 0.011280
95090.000000 0.011480
95110.000000 0.011910
95130.000000 0.012340
95150.000000 0.012800
95160.000000 0.013030
95170.000000 0.013270
95180.000000 0.013510
95190.000000 0.013760
95210.000000 0.014270
95230.000000 0.014800
95250.000000 0.015350
95260.000000 0.015630
95270.000000 0.015910
95280.000000 0.016210
95290.000000 0.016500
95310.000000 0.017120
95330.000000 0.017750
95350.000000 0.018430
95360.000000 0.018780
95370.000000 0.019140
95380.000000 0.019520
95390.000000 0.019910
95410.000000 0.020740
95430.000000 0.021630
95450.000000 0.022600
95460.000000 0.023110
95470.000000 0.023650
95480.000000 0.024210
95490.000000 0.024790
95510.000000 0.026030
95530.000000 0.027370
95550.000000 0.028820
95560.000000 0.029590
95570.000000 0.030390
95580.000000 0.031220
95590.000000 0.032090
95610.000000 0.033910
95630.000000 0.035880
95650.000000 0.037990
95660.000000 0.039100
95670.000000 0.040240
95680.000000 0.041430
95690.000000 0.042660
95710.000000 0.045230
95730.000000 0.047970
95750.000000 0.050880
95760.000000 0.052410
95770.000000 0.053970
95780.000000 0.055590
95790.000000 0.057250
95810.000000 0.060720
95830.000000 0.064380
95850.000000 0.068230
95860.000000 0.070240
95870.000000 0.072300
95880.000000 0.074410
95890.000000 0.076570
95910.000000 0.081050
95930.000000 0.085740
95950.000000 0.090660
95960.000000 0.093200
95970.000000 0.095790
95980.000000 0.098440
95990.000000 0.101100
96010.000000 0.106700
96030.000000 0.112500
96050.000000 0.118500
96060.000000 0.121700
96070.000000 0.124800
96080.000000 0.128100
96090.000000 0.131400
96110.000000 0.138100
96130.000000 0.145200
96150.000000 0.152500
96160.000000 0.156200
96170.000000 0.160100
96180.000000 0.164000
96190.000000 0.167900
96210.000000 0.176000
96230.000000 0.184400
96250.000000 0.193000
96260.000000 0.197500
96270.000000 0.202000
96280.000000 0.206600
96290.000000 0.211200
96310.000000 0.220700
96330.000000 0.230500
96350.000000 0.240600
96360.000000 0.245700
96370.000000 0.250900
96380.000000 0.256200
96390.000000 0.261600
96410.000000 0.272500
96430.000000 0.283700
96450.000000 0.295200
96460.000000 0.301100
96470.000000 0.307000
96480.000000 0.313000
96490.000000 0.319100
96510.000000 0.331400
96530.000000 0.343900
96550.000000 0.356600
96560.000000 0.363000
96570.000000 0.369400
96580.000000 0.375800
96590.000000 0.382300
96610.000000 0.395300
96630.000000 0.408400
96650.000000 0.421600
96660.000000 0.428100
96670.000000 0.434700
96680.000000 0.441300
96690.000000 0.447800
96710.000000 0.460900
96730.000000 0.473900
96750.000000 0.486900
96760.000000 0.493300
96770.000000 0.499700
96780.000000 0.506100
96790.000000 0.512400
96810.000000 0.524900
96830.000000 0.537200
96850.000000 0.549300
96860.000000 0.555200
96870.000000 0.561100
96880.000000 0.566900
96890.000000 0.572600
96910.000000 0.583700
96930.000000 0.594500
96950.000000 0.604800
96960.000000 0.609800
96970.000000 0.614700
96980.000000 0.619500
96990.000000 0.624100
97010.000000 0.633100
97030.000000 0.641600
97050.000000 0.649700
97060.000000 0.653500
97070.000000 0.657300
97080.000000 0.661000
97090.000000 0.664600
97110.000000 0.671500
97130.000000 0.678000
97150.000000 0.684300
97160.000000 0.687300
97170.000000 0.690200
97180.000000 0.693000
97190.000000 0.695800
97210.000000 0.701200
97230.000000 0.706400
97250.000000 0.711500
97260.000000 0.714000
97270.000000 0.716400
97280.000000 0.718800
97290.000000 0.721200
97310.000000 0.726000
97330.000000 0.730800
97350.000000 0.735600
97360.000000 0.737900
97370.000000 0.740300
97380.000000 0.742700
97390.000000 0.745000
97410.000000 0.749700
97430.000000 0.754400
97450.000000 0.759000
97460.000000 0.761200
97470.000000 0.763500
97480.000000 0.765700
97490.000000 0.767900
97510.000000 0.772300
97530.000000 0.776500
97550.000000 0.780700
97560.000000 0.782700
97570.000000 0.784700
97580.000000 0.786600
97590.000000 0.788500
97610.000000 0.792200
97630.000000 0.795800
97650.000000 0.799200
97660.000000 0.800800
97670.000000 0.802300
97680.000000 0.803800
97690.000000 0.805300
97700.000000 0.806700
97710.000000 0.808000
97730.000000 0.810500
97750.000000 0.812800
97760.000000 0.813800
97770.000000 0.814700
97780.000000 0.815600
97790.000000 0.816400
97810.000000 0.817800
97820.000000 0.818400
97830.000000 0.819000
97850.000000 0.819900
97860.000000 0.820200
97870.000000 0.820500
97880.000000 0.820800
97890.000000 0.821000
97910.000000 0.821200
97930.000000 0.821200
97940.000000 0.821200
97950.000000 0.821100
97960.000000 0.821000
97970.000000 0.820800
97980.000000 0.820600
97990.000000 0.820300
98010.000000 0.819700
98030.000000 0.819000
98050.000000 0.818200
98060.000000 0.817800
98070.000000 0.817400
98080.000000 0.816900
98090.000000 0.816400
98110.000000 0.815400
98130.000000 0.814300
98150.000000 0.813100
98160.000000 0.812500
98170.000000 0.811800
98180.000000 0.811200
98190.000000 0.810500
98210.000000 0.809200
98230.000000 0.807700
98250.000000 0.806300
98260.000000 0.805500
98270.000000 0.804700
98280.000000 0.804000
98290.000000 0.803200
98300.000000 0.802400
98310.000000 0.801600
98330.000000 0.799900
98350.000000 0.798300
98360.000000 0.797400
98370.000000 0.796600
98380.000000 0.795700
98390.000000 0.794800
98410.000000 0.793100
98420.000000 0.792200
98430.000000 0.791300
98450.000000 0.789600
98460.000000 0.788700
98470.000000 0.787800
98480.000000 0.786900
98490.000000 0.786000
98510.000000 0.784200
98530.000000 0.782400
98540.000000 0.781500
98550.000000 0.780700
98560.000000 0.779800
98570.000000 0.778900
98580.000000 0.778000
98590.000000 0.777200
98610.000000 0.775400
98630.000000 0.773700
98650.000000 0.772100
98660.000000 0.771200
98670.000000 0.770400
98680.000000 0.769600
98690.000000 0.768800
98710.000000 0.767300
98730.000000 0.765800
98750.000000 0.764300
98760.000000 0.763600
98770.000000 0.762900
98780.000000 0.762200
98790.000000 0.761500
98810.000000 0.760200
98830.000000 0.759000
98850.000000 0.757800
98860.000000 0.757300
98870.000000 0.756700
98880.000000 0.756200
98890.000000 0.755700
98900.000000 0.755200
98910.000000 0.754700
98930.000000 0.753900
98950.000000 0.753100
98960.000000 0.752700
98970.000000 0.752400
98980.000000 0.752100
98990.000000 0.751800
99010.000000 0.751300
99020.000000 0.751000
99030.000000 0.750800
99050.000000 0.750500
99060.000000 0.750400
99070.000000 0.750200
99080.000000 0.750100
99090.000000 0.750100
99110.000000 0.750000
99130.000000 0.749900
99140.000000 0.749900
99150.000000 0.750000
99160.000000 0.750000
99170.000000 0.750100
99180.000000 0.750100
99190.000000 0.750200
99210.000000 0.750500
99230.000000 0.750800
99250.000000 0.751100
99260.000000 0.751300
99270.000000 0.751500
99280.000000 0.751700
99290.000000 0.752000
99310.000000 0.752500
99330.000000 0.753000
99350.000000 0.753600
99360.000000 0.753900
99370.000000 0.754200
99380.000000 0.754500
99390.000000 0.754900
99410.000000 0.755600
99430.000000 0.756300
99450.000000 0.757100
99460.000000 0.757500
99470.000000 0.757800
99480.000000 0.758300
99490.000000 0.758700
99500.000000 0.759100
99510.000000 0.759500
99530.000000 0.760400
99550.000000 0.761200
99560.000000 0.761700
99570.000000 0.762100
99580.000000 0.762600
99590.000000 0.763000
99610.000000 0.763900
99620.000000 0.764400
99630.000000 0.764800
99650.000000 0.765800
99660.000000 0.766200
99670.000000 0.766700
99680.000000 0.767200
99690.000000 0.767600
99700.000000 0.768100
99710.000000 0.768600
99730.000000 0.769500
99740.000000 0.769900
99750.000000 0.770400
99760.000000 0.770900
99770.000000 0.771300
99780.000000 0.771800
99790.000000 0.772200
99810.000000 0.773100
99830.000000 0.774000
99850.000000 0.774900
99860.000000 0.775300
99870.000000 0.775800
99880.000000 0.776200
99890.000000 0.776600
99910.000000 0.777500
99930.000000 0.778400
99950.000000 0.779200
99960.000000 0.779600
99970.000000 0.780100
99980.000000 0.780500
99990.000000 0.780900
100000.000000 0.781300
100100.000000 0.785400
100200.000000 0.789300
100300.000000 0.793100
100400.000000 0.796800
100500.000000 0.800300
100600.000000 0.803600
100700.000000 0.806800
100800.000000 0.809900
100900.000000 0.812700
101000.000000 0.815000
101100.000000 0.816200
101200.000000 0.816100
101300.000000 0.814400
101400.000000 0.811300
101500.000000 0.807000
101600.000000 0.801600
101700.000000 0.795600
101800.000000 0.789100
101900.000000 0.782300
102000.000000 0.775600
102100.000000 0.769300
102200.000000 0.763500
102300.000000 0.758500
102400.000000 0.754500
102500.000000 0.751900
102600.000000 0.750800
102700.000000 0.751400
102800.000000 0.753800
102900.000000 0.757400
103000.000000 0.761100
103100.000000 0.764000
103200.000000 0.765100
103300.000000 0.763200
103400.000000 0.757300
103500.000000 0.746200
103600.000000 0.728700
103700.000000 0.703100
103800.000000 0.667800
103900.000000 0.622400
104000.000000 0.567200
104100.000000 0.502900
104200.000000 0.432900
104300.000000 0.363300
104400.000000 0.300800
104500.000000 0.249100
104600.000000 0.207200
104700.000000 0.173100
104800.000000 0.145300
104900.000000 0.122600
105000.000000 0.104100
105100.000000 0.088840
105200.000000 0.076210
105300.000000 0.065820
105400.000000 0.057250
105500.000000 0.050140
105600.000000 0.044160
105700.000000 0.039120
105800.000000 0.034840
105900.000000 0.031160
106000.000000 0.027920
106100.000000 0.024960
106200.000000 0.022150
106300.000000 0.019450
106400.000000 0.016880
106500.000000 0.014460
106600.000000 0.012200
106700.000000 0.010110
106800.000000 0.008204
106900.000000 0.006501
107000.000000 0.005013
