10400.00 0.000000
10750.00 0.002000
10800.00 0.003500
10850.00 0.005000
10900.00 0.012000
10950.00 0.075000
11000.00 0.280000
11050.00 0.390000
11100.00 0.685000
11150.00 0.775000
11200.00 0.780000
11250.00 0.825000
11300.00 0.840000
11350.00 0.810000
11400.00 0.807500
11450.00 0.840000
11500.00 0.825000
11550.00 0.760000
11600.00 0.740000
11650.00 0.790000
11700.00 0.845000
11750.00 0.843000
11800.00 0.880000
11850.00 0.875000
11900.00 0.825000
11950.00 0.770000
12000.00 0.760000
12050.00 0.780000
12100.00 0.793000
12150.00 0.780000
12200.00 0.770000
12250.00 0.780000
12300.00 0.815000
12350.00 0.830000
12400.00 0.835000
12450.00 0.845000
12500.00 0.865000
12550.00 0.890000
12600.00 0.900000
12650.00 0.895000
12700.00 0.890000
12750.00 0.900000
12800.00 0.915000
12850.00 0.925000
12900.00 0.920000
12950.00 0.905000
13000.00 0.900000
13050.00 0.905000
13100.00 0.920000
13150.00 0.925000
13200.00 0.930000
13250.00 0.935000
13300.00 0.937000
13350.00 0.930000
13400.00 0.920000
13450.00 0.900000
13500.00 0.890000
13550.00 0.890000
13600.00 0.877000
13650.00 0.790000
13700.00 0.600000
13750.00 0.220000
13800.00 0.100000
13850.00 0.040000
13900.00 0.015000
13950.00 0.009000
14000.00 0.005000
14050.00 0.002500
14100.00 0.000000
