34390.00 0.000500
34400.00 0.000700
34410.00 0.001000
34420.00 0.001300
34430.00 0.001500
34440.00 0.001700
34450.00 0.001900
34460.00 0.002200
34470.00 0.002700
34480.00 0.003000
34490.00 0.003000
34500.00 0.002800
34510.00 0.002500
34520.00 0.002300
34530.00 0.002200
34540.00 0.002400
34550.00 0.002800
34560.00 0.003400
34570.00 0.003900
34580.00 0.004000
34590.00 0.003400
34600.00 0.002900
34610.00 0.003200
34620.00 0.004000
34630.00 0.004900
34640.00 0.005600
34650.00 0.005900
34660.00 0.006100
34670.00 0.006000
34680.00 0.005800
34690.00 0.005800
34700.00 0.006200
34710.00 0.007100
34720.00 0.008100
34730.00 0.008800
34740.00 0.009100
34750.00 0.009400
34760.00 0.010000
34770.00 0.010800
34780.00 0.011900
34790.00 0.013500
34800.00 0.015700
34810.00 0.018300
34820.00 0.021100
34830.00 0.023400
34840.00 0.025900
34850.00 0.028700
34860.00 0.032000
34870.00 0.035900
34880.00 0.040500
34890.00 0.045700
34900.00 0.051400
34910.00 0.057800
34920.00 0.065400
34930.00 0.074400
34940.00 0.084800
34950.00 0.096200
34960.00 0.109200
34970.00 0.124200
34980.00 0.141100
34990.00 0.159400
35000.00 0.178700
35010.00 0.199700
35020.00 0.222800
35030.00 0.247900
35040.00 0.274600
35050.00 0.302700
35060.00 0.332100
35070.00 0.362700
35080.00 0.394300
35090.00 0.426900
35100.00 0.460200
35110.00 0.493400
35120.00 0.526200
35130.00 0.558400
35140.00 0.589800
35150.00 0.620300
35160.00 0.650100
35170.00 0.678800
35180.00 0.705800
35190.00 0.730900
35200.00 0.753700
35210.00 0.774300
35220.00 0.793400
35230.00 0.811000
35240.00 0.826700
35250.00 0.840500
35260.00 0.852100
35270.00 0.861700
35280.00 0.870000
35290.00 0.877000
35300.00 0.882700
35310.00 0.887000
35320.00 0.890100
35330.00 0.892400
35340.00 0.894300
35350.00 0.895800
35360.00 0.896900
35370.00 0.897200
35380.00 0.897300
35390.00 0.897400
35400.00 0.897800
35410.00 0.898300
35420.00 0.898600
35430.00 0.899000
35440.00 0.899700
35450.00 0.900600
35460.00 0.901500
35470.00 0.902400
35480.00 0.903100
35490.00 0.903600
35500.00 0.904000
35510.00 0.904400
35520.00 0.904600
35530.00 0.904900
35540.00 0.905100
35550.00 0.905000
35560.00 0.904400
35570.00 0.903100
35580.00 0.901500
35590.00 0.899800
35600.00 0.898300
35610.00 0.896600
35620.00 0.894500
35630.00 0.892000
35640.00 0.889200
35650.00 0.886200
35660.00 0.882700
35670.00 0.878800
35680.00 0.874800
35690.00 0.870800
35700.00 0.867400
35710.00 0.864200
35720.00 0.860800
35730.00 0.857400
35740.00 0.854200
35750.00 0.851800
35760.00 0.849800
35770.00 0.847700
35780.00 0.845600
35790.00 0.843800
35800.00 0.842800
35810.00 0.842300
35820.00 0.842100
35830.00 0.842300
35840.00 0.842900
35850.00 0.844000
35860.00 0.845400
35870.00 0.847100
35880.00 0.849200
35890.00 0.851800
35900.00 0.855000
35910.00 0.858400
35920.00 0.861900
35930.00 0.865100
35940.00 0.868300
35950.00 0.871600
35960.00 0.875200
35970.00 0.878700
35980.00 0.881900
35990.00 0.884900
36000.00 0.887700
36010.00 0.890600
36020.00 0.893200
36030.00 0.895500
36040.00 0.897500
36050.00 0.899400
36060.00 0.900900
36070.00 0.902000
36080.00 0.902800
36090.00 0.903200
36100.00 0.903300
36110.00 0.903400
36120.00 0.903300
36130.00 0.903000
36140.00 0.902400
36150.00 0.901800
36160.00 0.901400
36170.00 0.901200
36180.00 0.901000
36190.00 0.900600
36200.00 0.900100
36210.00 0.899700
36220.00 0.899500
36230.00 0.899300
36240.00 0.899300
36250.00 0.899400
36260.00 0.899600
36270.00 0.900000
36280.00 0.900300
36290.00 0.900500
36300.00 0.900600
36310.00 0.900700
36320.00 0.900700
36330.00 0.900400
36340.00 0.900000
36350.00 0.899300
36360.00 0.898100
36370.00 0.896600
36380.00 0.894600
36390.00 0.892200
36400.00 0.889200
36410.00 0.885800
36420.00 0.882100
36430.00 0.878000
36440.00 0.873700
36450.00 0.869400
36460.00 0.864800
36470.00 0.860000
36480.00 0.854200
36490.00 0.848200
36500.00 0.842400
36510.00 0.837100
36520.00 0.832200
36530.00 0.827500
36540.00 0.823000
36550.00 0.818800
36560.00 0.815400
36570.00 0.812500
36580.00 0.810300
36590.00 0.808700
36600.00 0.808200
36610.00 0.808500
36620.00 0.809700
36630.00 0.811700
36640.00 0.815300
36650.00 0.819600
36660.00 0.824500
36670.00 0.829800
36680.00 0.836000
36690.00 0.842500
36700.00 0.849100
36710.00 0.855700
36720.00 0.861300
36730.00 0.866100
36740.00 0.870100
36750.00 0.872800
36760.00 0.873500
36770.00 0.872200
36780.00 0.868600
36790.00 0.861800
36800.00 0.851300
36810.00 0.837900
36820.00 0.821600
36830.00 0.801500
36840.00 0.778600
36850.00 0.753600
36860.00 0.726600
36870.00 0.697300
36880.00 0.666800
36890.00 0.635300
36900.00 0.602900
36910.00 0.570000
36920.00 0.537300
36930.00 0.505200
36940.00 0.474200
36950.00 0.444900
36960.00 0.416700
36970.00 0.389500
36980.00 0.363700
36990.00 0.339100
37000.00 0.315700
37010.00 0.293400
37020.00 0.273100
37030.00 0.254100
37040.00 0.236400
37050.00 0.219800
37060.00 0.204500
37070.00 0.189900
37080.00 0.175900
37090.00 0.162700
37100.00 0.150400
37110.00 0.138700
37120.00 0.127500
37130.00 0.117100
37140.00 0.107300
37150.00 0.097800
37160.00 0.088700
37170.00 0.080200
37180.00 0.072300
37190.00 0.065000
37200.00 0.058300
37210.00 0.052000
37220.00 0.046100
37230.00 0.040700
37240.00 0.036200
37250.00 0.032300
37260.00 0.028800
37270.00 0.026000
37280.00 0.023500
37290.00 0.021200
37300.00 0.019000
37310.00 0.016700
37320.00 0.014500
37330.00 0.012400
37340.00 0.010500
37350.00 0.009000
37360.00 0.008000
37370.00 0.007300
37380.00 0.007000
37390.00 0.006800
37400.00 0.006500
37410.00 0.006000
37420.00 0.005400
37430.00 0.004900
37440.00 0.004500
37450.00 0.004200
37460.00 0.004000
37470.00 0.003700
37480.00 0.003500
37490.00 0.003100
37500.00 0.002700
37510.00 0.002300
37520.00 0.002000
37530.00 0.001700
37540.00 0.001300
37550.00 0.000700
37560.00 0.000500
37570.00 0.000400
37580.00 0.000600
37590.00 0.000900
37600.00 0.001100
37610.00 0.001100
37620.00 0.001100
37630.00 0.001300
37640.00 0.001500
37650.00 0.001600
37660.00 0.001200
37670.00 0.000700
37680.00 0.000200
37690.00 0.000200
37700.00 0.000500
37710.00 0.000800
37720.00 0.001100
37730.00 0.001300
37740.00 0.001300
37750.00 0.001200
37760.00 0.000900
37770.00 0.000700
37780.00 0.000300
37790.00 0.000000
