46619.00 0.000900
46621.00 0.001000
46623.00 0.001100
46625.00 0.001100
46627.00 0.001100
46629.00 0.001100
46631.00 0.001100
46633.00 0.001100
46635.00 0.001100
46637.00 0.001100
46639.00 0.001100
46641.00 0.001200
46643.00 0.001200
46645.00 0.001200
46647.00 0.001200
46649.00 0.001200
46651.00 0.001100
46653.00 0.001100
46655.00 0.001100
46657.00 0.001100
46659.00 0.001100
46661.00 0.001100
46663.00 0.001100
46665.00 0.001100
46667.00 0.001100
46669.00 0.001100
46671.00 0.001100
46673.00 0.001100
46675.00 0.001200
46677.00 0.001200
46679.00 0.001200
46681.00 0.001300
46683.00 0.001300
46685.00 0.001300
46687.00 0.001300
46689.00 0.001400
46691.00 0.001400
46693.00 0.001400
46695.00 0.001500
46697.00 0.001500
46699.00 0.001500
46701.00 0.001600
46703.00 0.001600
46705.00 0.001600
46707.00 0.001600
46709.00 0.001700
46711.00 0.001700
46713.00 0.001700
46715.00 0.001700
46717.00 0.001700
46719.00 0.001700
46721.00 0.001700
46723.00 0.001600
46725.00 0.001600
46727.00 0.001600
46729.00 0.001600
46731.00 0.001600
46733.00 0.001600
46735.00 0.001500
46737.00 0.001500
46739.00 0.001500
46741.00 0.001400
46743.00 0.001400
46745.00 0.001400
46747.00 0.001400
46749.00 0.001300
46751.00 0.001300
46753.00 0.001300
46755.00 0.001200
46757.00 0.001200
46759.00 0.001200
46761.00 0.001200
46763.00 0.001200
46765.00 0.001200
46767.00 0.001200
46769.00 0.001200
46771.00 0.001200
46773.00 0.001200
46775.00 0.001200
46777.00 0.001200
46779.00 0.001200
46781.00 0.001200
46783.00 0.001200
46785.00 0.001200
46787.00 0.001200
46789.00 0.001200
46791.00 0.001200
46793.00 0.001200
46795.00 0.001200
46797.00 0.001200
46799.00 0.001200
46801.00 0.001200
46803.00 0.001200
46805.00 0.001200
46807.00 0.001200
46809.00 0.001200
46811.00 0.001200
46813.00 0.001200
46815.00 0.001200
46817.00 0.001200
46819.00 0.001200
46821.00 0.001200
46823.00 0.001300
46825.00 0.001300
46827.00 0.001300
46829.00 0.001300
46831.00 0.001400
46833.00 0.001400
46835.00 0.001400
46837.00 0.001500
46839.00 0.001500
46841.00 0.001500
46843.00 0.001600
46845.00 0.001700
46847.00 0.001800
46849.00 0.001900
46851.00 0.002000
46853.00 0.002100
46855.00 0.002200
46857.00 0.002300
46859.00 0.002400
46861.00 0.002500
46863.00 0.002600
46865.00 0.002700
46867.00 0.002800
46869.00 0.002900
46871.00 0.003000
46873.00 0.003200
46875.00 0.003300
46877.00 0.003400
46879.00 0.003500
46881.00 0.003600
46883.00 0.003700
46885.00 0.003800
46887.00 0.003900
46889.00 0.004000
46891.00 0.004100
46893.00 0.004100
46895.00 0.004200
46897.00 0.004200
46899.00 0.004300
46901.00 0.004300
46903.00 0.004400
46905.00 0.004400
46907.00 0.004500
46909.00 0.004600
46911.00 0.004600
46913.00 0.004600
46915.00 0.004700
46917.00 0.004700
46919.00 0.004700
46921.00 0.004800
46923.00 0.004800
46925.00 0.004800
46927.00 0.004900
46929.00 0.004900
46931.00 0.005000
46933.00 0.005100
46935.00 0.005200
46937.00 0.005300
46939.00 0.005400
46941.00 0.005600
46943.00 0.005700
46945.00 0.005800
46947.00 0.005900
46949.00 0.006000
46951.00 0.006200
46953.00 0.006300
46955.00 0.006500
46957.00 0.006600
46959.00 0.006800
46961.00 0.007000
46963.00 0.007200
46965.00 0.007400
46967.00 0.007600
46969.00 0.007800
46971.00 0.008000
46973.00 0.008100
46975.00 0.008300
46977.00 0.008600
46979.00 0.008800
46981.00 0.009000
46983.00 0.009300
46985.00 0.009500
46987.00 0.009800
46989.00 0.010000
46991.00 0.010300
46993.00 0.010500
46995.00 0.010700
46997.00 0.011000
46999.00 0.011300
47001.00 0.011600
47003.00 0.011900
47005.00 0.012200
47007.00 0.012500
47009.00 0.012900
47011.00 0.013200
47013.00 0.013500
47015.00 0.013800
47017.00 0.014100
47019.00 0.014400
47021.00 0.014800
47023.00 0.015300
47025.00 0.015700
47027.00 0.016100
47029.00 0.016500
47031.00 0.017000
47033.00 0.017400
47035.00 0.017800
47037.00 0.018200
47039.00 0.018700
47041.00 0.019100
47043.00 0.019600
47045.00 0.020100
47047.00 0.020700
47049.00 0.021200
47051.00 0.021800
47053.00 0.022300
47055.00 0.022900
47057.00 0.023400
47059.00 0.024000
47061.00 0.024500
47063.00 0.025100
47065.00 0.025700
47067.00 0.026500
47069.00 0.027200
47071.00 0.027900
47073.00 0.028700
47075.00 0.029400
47077.00 0.030200
47079.00 0.030900
47081.00 0.031600
47083.00 0.032400
47085.00 0.033100
47087.00 0.034000
47089.00 0.034900
47091.00 0.035900
47093.00 0.036900
47095.00 0.037900
47097.00 0.038900
47099.00 0.039900
47101.00 0.040900
47103.00 0.041900
47105.00 0.042900
47107.00 0.043900
47109.00 0.045000
47111.00 0.046400
47113.00 0.047800
47115.00 0.049200
47117.00 0.050600
47119.00 0.052000
47121.00 0.053400
47123.00 0.054800
47125.00 0.056200
47127.00 0.057700
47129.00 0.059100
47131.00 0.060600
47133.00 0.062600
47135.00 0.064600
47137.00 0.066600
47139.00 0.068700
47141.00 0.070700
47143.00 0.072700
47145.00 0.074700
47147.00 0.076700
47149.00 0.078700
47151.00 0.080800
47153.00 0.082900
47155.00 0.085700
47157.00 0.088500
47159.00 0.091400
47161.00 0.094200
47163.00 0.097000
47165.00 0.099900
47167.00 0.102700
47169.00 0.105500
47171.00 0.108300
47173.00 0.111200
47175.00 0.114000
47177.00 0.117800
47179.00 0.121600
47181.00 0.125400
47183.00 0.129300
47185.00 0.133100
47187.00 0.136900
47189.00 0.140700
47191.00 0.144600
47193.00 0.148400
47195.00 0.152200
47197.00 0.156000
47199.00 0.160700
47201.00 0.165600
47203.00 0.170500
47205.00 0.175400
47207.00 0.180200
47209.00 0.185100
47211.00 0.190000
47213.00 0.194800
47215.00 0.199700
47217.00 0.204600
47219.00 0.209500
47221.00 0.215100
47223.00 0.221100
47225.00 0.227200
47227.00 0.233200
47229.00 0.239300
47231.00 0.245300
47233.00 0.251300
47235.00 0.257400
47237.00 0.263400
47239.00 0.269400
47241.00 0.275500
47243.00 0.282000
47245.00 0.289100
47247.00 0.296200
47249.00 0.303300
47251.00 0.310300
47253.00 0.317400
47255.00 0.324500
47257.00 0.331600
47259.00 0.338700
47261.00 0.345700
47263.00 0.352800
47265.00 0.360200
47267.00 0.368100
47269.00 0.376000
47271.00 0.383800
47273.00 0.391700
47275.00 0.399600
47277.00 0.407500
47279.00 0.415400
47281.00 0.423300
47283.00 0.431200
47285.00 0.439100
47287.00 0.447000
47289.00 0.455100
47291.00 0.463200
47293.00 0.471400
47295.00 0.479500
47297.00 0.487600
47299.00 0.495700
47301.00 0.503800
47303.00 0.512000
47305.00 0.520100
47307.00 0.528200
47309.00 0.536300
47311.00 0.543900
47313.00 0.551500
47315.00 0.559100
47317.00 0.566700
47319.00 0.574300
47321.00 0.581900
47323.00 0.589500
47325.00 0.597100
47327.00 0.604700
47329.00 0.612300
47331.00 0.619900
47333.00 0.626700
47335.00 0.633200
47337.00 0.639700
47339.00 0.646200
47341.00 0.652700
47343.00 0.659200
47345.00 0.665600
47347.00 0.672100
47349.00 0.678600
47351.00 0.685100
47353.00 0.691600
47355.00 0.697300
47357.00 0.702300
47359.00 0.707300
47361.00 0.712300
47363.00 0.717300
47365.00 0.722400
47367.00 0.727400
47369.00 0.732400
47371.00 0.737400
47373.00 0.742400
47375.00 0.747400
47377.00 0.752000
47379.00 0.755600
47381.00 0.759100
47383.00 0.762700
47385.00 0.766300
47387.00 0.769900
47389.00 0.773500
47391.00 0.777100
47393.00 0.780700
47395.00 0.784300
47397.00 0.787900
47399.00 0.791400
47401.00 0.793600
47403.00 0.795900
47405.00 0.798200
47407.00 0.800500
47409.00 0.802800
47411.00 0.805100
47413.00 0.807400
47415.00 0.809700
47417.00 0.812000
47419.00 0.814300
47421.00 0.816600
47423.00 0.818200
47425.00 0.819500
47427.00 0.820900
47429.00 0.822200
47431.00 0.823600
47433.00 0.825000
47435.00 0.826300
47437.00 0.827700
47439.00 0.829000
47441.00 0.830400
47443.00 0.831800
47445.00 0.832700
47447.00 0.833400
47449.00 0.834100
47451.00 0.834800
47453.00 0.835400
47455.00 0.836100
47457.00 0.836800
47459.00 0.837500
47461.00 0.838100
47463.00 0.838800
47465.00 0.839500
47467.00 0.840000
47469.00 0.840300
47471.00 0.840600
47473.00 0.840900
47475.00 0.841100
47477.00 0.841400
47479.00 0.841700
47481.00 0.841900
47483.00 0.842200
47485.00 0.842500
47487.00 0.842700
47489.00 0.843000
47491.00 0.843100
47493.00 0.843200
47495.00 0.843300
47497.00 0.843400
47499.00 0.843500
47501.00 0.843600
47503.00 0.843700
47505.00 0.843800
47507.00 0.843900
47509.00 0.844000
47511.00 0.844100
47513.00 0.844200
47515.00 0.844200
47517.00 0.844300
47519.00 0.844400
47521.00 0.844500
47523.00 0.844500
47525.00 0.844600
47527.00 0.844700
47529.00 0.844800
47531.00 0.844800
47533.00 0.844900
47535.00 0.845000
47537.00 0.845200
47539.00 0.845400
47541.00 0.845600
47543.00 0.845700
47545.00 0.845900
47547.00 0.846100
47549.00 0.846300
47551.00 0.846500
47553.00 0.846600
47555.00 0.846800
47557.00 0.847000
47559.00 0.847300
47561.00 0.847600
47563.00 0.847900
47565.00 0.848300
47567.00 0.848600
47569.00 0.848900
47571.00 0.849200
47573.00 0.849500
47575.00 0.849800
47577.00 0.850100
47579.00 0.850400
47581.00 0.850800
47583.00 0.851200
47585.00 0.851600
47587.00 0.852100
47589.00 0.852500
47591.00 0.852900
47593.00 0.853300
47595.00 0.853700
47597.00 0.854200
47599.00 0.854600
47601.00 0.855000
47603.00 0.855400
47605.00 0.855900
47607.00 0.856300
47609.00 0.856800
47611.00 0.857300
47613.00 0.857700
47615.00 0.858200
47617.00 0.858600
47619.00 0.859100
47621.00 0.859600
47623.00 0.860000
47625.00 0.860500
47627.00 0.860900
47629.00 0.861400
47631.00 0.861800
47633.00 0.862300
47635.00 0.862700
47637.00 0.863100
47639.00 0.863600
47641.00 0.864000
47643.00 0.864500
47645.00 0.864900
47647.00 0.865400
47649.00 0.865800
47651.00 0.866100
47653.00 0.866500
47655.00 0.866900
47657.00 0.867200
47659.00 0.867600
47661.00 0.868000
47663.00 0.868400
47665.00 0.868700
47667.00 0.869100
47669.00 0.869500
47671.00 0.869800
47673.00 0.870100
47675.00 0.870400
47677.00 0.870800
47679.00 0.871100
47681.00 0.871400
47683.00 0.871700
47685.00 0.872000
47687.00 0.872300
47689.00 0.872700
47691.00 0.873000
47693.00 0.873300
47695.00 0.873600
47697.00 0.873900
47699.00 0.874200
47701.00 0.874500
47703.00 0.874800
47705.00 0.875100
47707.00 0.875400
47709.00 0.875700
47711.00 0.875900
47713.00 0.876200
47715.00 0.876500
47717.00 0.876800
47719.00 0.877100
47721.00 0.877300
47723.00 0.877600
47725.00 0.877800
47727.00 0.878100
47729.00 0.878300
47731.00 0.878600
47733.00 0.878900
47735.00 0.879100
47737.00 0.879400
47739.00 0.879600
47741.00 0.879800
47743.00 0.880100
47745.00 0.880300
47747.00 0.880500
47749.00 0.880700
47751.00 0.880900
47753.00 0.881100
47755.00 0.881300
47757.00 0.881600
47759.00 0.881800
47761.00 0.882000
47763.00 0.882200
47765.00 0.882400
47767.00 0.882600
47769.00 0.882800
47771.00 0.883000
47773.00 0.883200
47775.00 0.883400
47777.00 0.883500
47779.00 0.883700
47781.00 0.883900
47783.00 0.884100
47785.00 0.884300
47787.00 0.884500
47789.00 0.884700
47791.00 0.884800
47793.00 0.885000
47795.00 0.885200
47797.00 0.885400
47799.00 0.885500
47801.00 0.885700
47803.00 0.885900
47805.00 0.886100
47807.00 0.886200
47809.00 0.886400
47811.00 0.886500
47813.00 0.886600
47815.00 0.886700
47817.00 0.886800
47819.00 0.886900
47821.00 0.887000
47823.00 0.887100
47825.00 0.887300
47827.00 0.887400
47829.00 0.887500
47831.00 0.887600
47833.00 0.887600
47835.00 0.887600
47837.00 0.887700
47839.00 0.887700
47841.00 0.887700
47843.00 0.887700
47845.00 0.887800
47847.00 0.887800
47849.00 0.887800
47851.00 0.887900
47853.00 0.887900
47855.00 0.887900
47857.00 0.887900
47859.00 0.888000
47861.00 0.888000
47863.00 0.888000
47865.00 0.888000
47867.00 0.888000
47869.00 0.888000
47871.00 0.888100
47873.00 0.888100
47875.00 0.888100
47877.00 0.888200
47879.00 0.888200
47881.00 0.888300
47883.00 0.888400
47885.00 0.888500
47887.00 0.888600
47889.00 0.888600
47891.00 0.888700
47893.00 0.888800
47895.00 0.888900
47897.00 0.889000
47899.00 0.889100
47901.00 0.889200
47903.00 0.889300
47905.00 0.889400
47907.00 0.889500
47909.00 0.889700
47911.00 0.889800
47913.00 0.889900
47915.00 0.890000
47917.00 0.890100
47919.00 0.890300
47921.00 0.890400
47923.00 0.890500
47925.00 0.890600
47927.00 0.890700
47929.00 0.890800
47931.00 0.890900
47933.00 0.891000
47935.00 0.891100
47937.00 0.891200
47939.00 0.891300
47941.00 0.891400
47943.00 0.891600
47945.00 0.891700
47947.00 0.891700
47949.00 0.891800
47951.00 0.891900
47953.00 0.892000
47955.00 0.892100
47957.00 0.892100
47959.00 0.892200
47961.00 0.892300
47963.00 0.892400
47965.00 0.892500
47967.00 0.892600
47969.00 0.892600
47971.00 0.892700
47973.00 0.892800
47975.00 0.892900
47977.00 0.893000
47979.00 0.893100
47981.00 0.893100
47983.00 0.893200
47985.00 0.893300
47987.00 0.893400
47989.00 0.893500
47991.00 0.893500
47993.00 0.893600
47995.00 0.893700
47997.00 0.893700
47999.00 0.893800
48001.00 0.893800
48003.00 0.893900
48005.00 0.894000
48007.00 0.894000
48009.00 0.894100
48011.00 0.894100
48013.00 0.894200
48015.00 0.894200
48017.00 0.894300
48019.00 0.894300
48021.00 0.894300
48023.00 0.894300
48025.00 0.894300
48027.00 0.894300
48029.00 0.894400
48031.00 0.894400
48033.00 0.894400
48035.00 0.894400
48037.00 0.894400
48039.00 0.894500
48041.00 0.894500
48043.00 0.894500
48045.00 0.894600
48047.00 0.894600
48049.00 0.894600
48051.00 0.894600
48053.00 0.894700
48055.00 0.894700
48057.00 0.894700
48059.00 0.894800
48061.00 0.894800
48063.00 0.894800
48065.00 0.894900
48067.00 0.894900
48069.00 0.894900
48071.00 0.894900
48073.00 0.895000
48075.00 0.895000
48077.00 0.895000
48079.00 0.895100
48081.00 0.895100
48083.00 0.895100
48085.00 0.895100
48087.00 0.895100
48089.00 0.895100
48091.00 0.895100
48093.00 0.895100
48095.00 0.895100
48097.00 0.895100
48099.00 0.895100
48101.00 0.895100
48103.00 0.895100
48105.00 0.895100
48107.00 0.895100
48109.00 0.895000
48111.00 0.894900
48113.00 0.894800
48115.00 0.894700
48117.00 0.894600
48119.00 0.894600
48121.00 0.894500
48123.00 0.894400
48125.00 0.894300
48127.00 0.894200
48129.00 0.894100
48131.00 0.894000
48133.00 0.893800
48135.00 0.893700
48137.00 0.893600
48139.00 0.893400
48141.00 0.893300
48143.00 0.893200
48145.00 0.893000
48147.00 0.892900
48149.00 0.892800
48151.00 0.892600
48153.00 0.892500
48155.00 0.892300
48157.00 0.892200
48159.00 0.892100
48161.00 0.891900
48163.00 0.891800
48165.00 0.891700
48167.00 0.891500
48169.00 0.891400
48171.00 0.891300
48173.00 0.891100
48175.00 0.891000
48177.00 0.890800
48179.00 0.890700
48181.00 0.890500
48183.00 0.890300
48185.00 0.890200
48187.00 0.890000
48189.00 0.889800
48191.00 0.889700
48193.00 0.889500
48195.00 0.889300
48197.00 0.889200
48199.00 0.889000
48201.00 0.888800
48203.00 0.888600
48205.00 0.888400
48207.00 0.888100
48209.00 0.887900
48211.00 0.887700
48213.00 0.887500
48215.00 0.887300
48217.00 0.887000
48219.00 0.886800
48221.00 0.886600
48223.00 0.886400
48225.00 0.886100
48227.00 0.885900
48229.00 0.885600
48231.00 0.885400
48233.00 0.885200
48235.00 0.884900
48237.00 0.884700
48239.00 0.884500
48241.00 0.884200
48243.00 0.884000
48245.00 0.883700
48247.00 0.883500
48249.00 0.883300
48251.00 0.883100
48253.00 0.882900
48255.00 0.882700
48257.00 0.882500
48259.00 0.882300
48261.00 0.882100
48263.00 0.881900
48265.00 0.881700
48267.00 0.881500
48269.00 0.881300
48271.00 0.881100
48273.00 0.880900
48275.00 0.880800
48277.00 0.880600
48279.00 0.880400
48281.00 0.880200
48283.00 0.880100
48285.00 0.879900
48287.00 0.879700
48289.00 0.879500
48291.00 0.879400
48293.00 0.879200
48295.00 0.879000
48297.00 0.878800
48299.00 0.878600
48301.00 0.878400
48303.00 0.878200
48305.00 0.878000
48307.00 0.877800
48309.00 0.877700
48311.00 0.877500
48313.00 0.877300
48315.00 0.877100
48317.00 0.876900
48319.00 0.876700
48321.00 0.876600
48323.00 0.876400
48325.00 0.876200
48327.00 0.876000
48329.00 0.875800
48331.00 0.875700
48333.00 0.875500
48335.00 0.875300
48337.00 0.875100
48339.00 0.874900
48341.00 0.874800
48343.00 0.874600
48345.00 0.874500
48347.00 0.874300
48349.00 0.874200
48351.00 0.874000
48353.00 0.873800
48355.00 0.873700
48357.00 0.873500
48359.00 0.873400
48361.00 0.873200
48363.00 0.873000
48365.00 0.872900
48367.00 0.872700
48369.00 0.872500
48371.00 0.872300
48373.00 0.872200
48375.00 0.872000
48377.00 0.871800
48379.00 0.871600
48381.00 0.871500
48383.00 0.871300
48385.00 0.871100
48387.00 0.870900
48389.00 0.870700
48391.00 0.870500
48393.00 0.870300
48395.00 0.870100
48397.00 0.869900
48399.00 0.869800
48401.00 0.869600
48403.00 0.869400
48405.00 0.869200
48407.00 0.869000
48409.00 0.868800
48411.00 0.868600
48413.00 0.868400
48415.00 0.868200
48417.00 0.868100
48419.00 0.867900
48421.00 0.867700
48423.00 0.867500
48425.00 0.867300
48427.00 0.867200
48429.00 0.867000
48431.00 0.866800
48433.00 0.866600
48435.00 0.866500
48437.00 0.866400
48439.00 0.866200
48441.00 0.866100
48443.00 0.865900
48445.00 0.865800
48447.00 0.865700
48449.00 0.865500
48451.00 0.865400
48453.00 0.865300
48455.00 0.865100
48457.00 0.865000
48459.00 0.864800
48461.00 0.864700
48463.00 0.864500
48465.00 0.864400
48467.00 0.864200
48469.00 0.864100
48471.00 0.863900
48473.00 0.863800
48475.00 0.863600
48477.00 0.863500
48479.00 0.863400
48481.00 0.863100
48483.00 0.862900
48485.00 0.862600
48487.00 0.862300
48489.00 0.862100
48491.00 0.861800
48493.00 0.861500
48495.00 0.861300
48497.00 0.861000
48499.00 0.860800
48501.00 0.860500
48503.00 0.860200
48505.00 0.859800
48507.00 0.859500
48509.00 0.859100
48511.00 0.858700
48513.00 0.858300
48515.00 0.857900
48517.00 0.857500
48519.00 0.857100
48521.00 0.856700
48523.00 0.856300
48525.00 0.855900
48527.00 0.855500
48529.00 0.855000
48531.00 0.854400
48533.00 0.853900
48535.00 0.853300
48537.00 0.852800
48539.00 0.852200
48541.00 0.851700
48543.00 0.851200
48545.00 0.850600
48547.00 0.850100
48549.00 0.849500
48551.00 0.848900
48553.00 0.848200
48555.00 0.847400
48557.00 0.846700
48559.00 0.845900
48561.00 0.845200
48563.00 0.844500
48565.00 0.843700
48567.00 0.843000
48569.00 0.842300
48571.00 0.841500
48573.00 0.840800
48575.00 0.839900
48577.00 0.838900
48579.00 0.837900
48581.00 0.836900
48583.00 0.835800
48585.00 0.834800
48587.00 0.833800
48589.00 0.832800
48591.00 0.831800
48593.00 0.830800
48595.00 0.829800
48597.00 0.828700
48599.00 0.827400
48601.00 0.826000
48603.00 0.824600
48605.00 0.823200
48607.00 0.821800
48609.00 0.820400
48611.00 0.818900
48613.00 0.817500
48615.00 0.816100
48617.00 0.814700
48619.00 0.813300
48621.00 0.811900
48623.00 0.809900
48625.00 0.808000
48627.00 0.806000
48629.00 0.804100
48631.00 0.802200
48633.00 0.800200
48635.00 0.798200
48637.00 0.796300
48639.00 0.794400
48641.00 0.792400
48643.00 0.790500
48645.00 0.788400
48647.00 0.785800
48649.00 0.783100
48651.00 0.780500
48653.00 0.777800
48655.00 0.775200
48657.00 0.772500
48659.00 0.769900
48661.00 0.767200
48663.00 0.764500
48665.00 0.761900
48667.00 0.759200
48669.00 0.756400
48671.00 0.753000
48673.00 0.749500
48675.00 0.746100
48677.00 0.742700
48679.00 0.739200
48681.00 0.735800
48683.00 0.732400
48685.00 0.729000
48687.00 0.725500
48689.00 0.722100
48691.00 0.718700
48693.00 0.714900
48695.00 0.710600
48697.00 0.706300
48699.00 0.702000
48701.00 0.697700
48703.00 0.693400
48705.00 0.689100
48707.00 0.684800
48709.00 0.680400
48711.00 0.676100
48713.00 0.671800
48715.00 0.667500
48717.00 0.662800
48719.00 0.657700
48721.00 0.652700
48723.00 0.647600
48725.00 0.642600
48727.00 0.637500
48729.00 0.632400
48731.00 0.627400
48733.00 0.622300
48735.00 0.617300
48737.00 0.612200
48739.00 0.607100
48741.00 0.601800
48743.00 0.596200
48745.00 0.590600
48747.00 0.585000
48749.00 0.579500
48751.00 0.573900
48753.00 0.568300
48755.00 0.562800
48757.00 0.557200
48759.00 0.551600
48761.00 0.546100
48763.00 0.540500
48765.00 0.534800
48767.00 0.529000
48769.00 0.523200
48771.00 0.517400
48773.00 0.511700
48775.00 0.505900
48777.00 0.500100
48779.00 0.494300
48781.00 0.488500
48783.00 0.482800
48785.00 0.477000
48787.00 0.471200
48789.00 0.465400
48791.00 0.459700
48793.00 0.453900
48795.00 0.448100
48797.00 0.442300
48799.00 0.436500
48801.00 0.430800
48803.00 0.425000
48805.00 0.419200
48807.00 0.413400
48809.00 0.407600
48811.00 0.401900
48813.00 0.396200
48815.00 0.390600
48817.00 0.385000
48819.00 0.379400
48821.00 0.373800
48823.00 0.368200
48825.00 0.362600
48827.00 0.357000
48829.00 0.351300
48831.00 0.345700
48833.00 0.340100
48835.00 0.334500
48837.00 0.329200
48839.00 0.323900
48841.00 0.318600
48843.00 0.313400
48845.00 0.308100
48847.00 0.302800
48849.00 0.297500
48851.00 0.292200
48853.00 0.286900
48855.00 0.281600
48857.00 0.276400
48859.00 0.271100
48861.00 0.266300
48863.00 0.261500
48865.00 0.256800
48867.00 0.252000
48869.00 0.247200
48871.00 0.242400
48873.00 0.237600
48875.00 0.232900
48877.00 0.228100
48879.00 0.223300
48881.00 0.218500
48883.00 0.213900
48885.00 0.209900
48887.00 0.205900
48889.00 0.201900
48891.00 0.198000
48893.00 0.194000
48895.00 0.190000
48897.00 0.186000
48899.00 0.182100
48901.00 0.178100
48903.00 0.174100
48905.00 0.170200
48907.00 0.166300
48909.00 0.163200
48911.00 0.160100
48913.00 0.157000
48915.00 0.153900
48917.00 0.150800
48919.00 0.147700
48921.00 0.144600
48923.00 0.141500
48925.00 0.138400
48927.00 0.135300
48929.00 0.132200
48931.00 0.129200
48933.00 0.126800
48935.00 0.124400
48937.00 0.122000
48939.00 0.119600
48941.00 0.117200
48943.00 0.114800
48945.00 0.112300
48947.00 0.109900
48949.00 0.107500
48951.00 0.105100
48953.00 0.102700
48955.00 0.100300
48957.00 0.098400
48959.00 0.096400
48961.00 0.094400
48963.00 0.092400
48965.00 0.090500
48967.00 0.088500
48969.00 0.086500
48971.00 0.084500
48973.00 0.082600
48975.00 0.080600
48977.00 0.078600
48979.00 0.076700
48981.00 0.075200
48983.00 0.073600
48985.00 0.072100
48987.00 0.070600
48989.00 0.069000
48991.00 0.067500
48993.00 0.065900
48995.00 0.064400
48997.00 0.062800
48999.00 0.061300
49001.00 0.059800
49003.00 0.058300
49005.00 0.057200
49007.00 0.056100
49009.00 0.055000
49011.00 0.053800
49013.00 0.052700
49015.00 0.051600
49017.00 0.050500
49019.00 0.049400
49021.00 0.048300
49023.00 0.047100
49025.00 0.046000
49027.00 0.045000
49029.00 0.044100
49031.00 0.043300
49033.00 0.042500
49035.00 0.041700
49037.00 0.040900
49039.00 0.040100
49041.00 0.039300
49043.00 0.038500
49045.00 0.037700
49047.00 0.036900
49049.00 0.036100
49051.00 0.035300
49053.00 0.034600
49055.00 0.034000
49057.00 0.033400
49059.00 0.032700
49061.00 0.032100
49063.00 0.031400
49065.00 0.030800
49067.00 0.030200
49069.00 0.029500
49071.00 0.028900
49073.00 0.028200
49075.00 0.027600
49077.00 0.027100
49079.00 0.026600
49081.00 0.026100
49083.00 0.025600
49085.00 0.025100
49087.00 0.024600
49089.00 0.024100
49091.00 0.023600
49093.00 0.023100
49095.00 0.022600
49097.00 0.022100
49099.00 0.021700
49101.00 0.021300
49103.00 0.020900
49105.00 0.020600
49107.00 0.020200
49109.00 0.019900
49111.00 0.019500
49113.00 0.019200
49115.00 0.018800
49117.00 0.018500
49119.00 0.018100
49121.00 0.017800
49123.00 0.017400
49125.00 0.017100
49127.00 0.016800
49129.00 0.016600
49131.00 0.016300
49133.00 0.016000
49135.00 0.015700
49137.00 0.015400
49139.00 0.015100
49141.00 0.014800
49143.00 0.014500
49145.00 0.014200
49147.00 0.014000
49149.00 0.013700
49151.00 0.013300
49153.00 0.013000
49155.00 0.012700
49157.00 0.012400
49159.00 0.012100
49161.00 0.011800
49163.00 0.011500
49165.00 0.011200
49167.00 0.010900
49169.00 0.010600
49171.00 0.010300
49173.00 0.010000
49175.00 0.009800
49177.00 0.009500
49179.00 0.009300
49181.00 0.009000
49183.00 0.008700
49185.00 0.008500
49187.00 0.008200
49189.00 0.008000
49191.00 0.007700
49193.00 0.007400
49195.00 0.007200
49197.00 0.007000
49199.00 0.006800
49201.00 0.006700
49203.00 0.006500
49205.00 0.006400
49207.00 0.006200
49209.00 0.006000
49211.00 0.005900
49213.00 0.005700
49215.00 0.005600
49217.00 0.005400
49219.00 0.005200
49221.00 0.005100
49223.00 0.005000
49225.00 0.004900
49227.00 0.004900
49229.00 0.004800
49231.00 0.004700
49233.00 0.004600
49235.00 0.004500
49237.00 0.004400
49239.00 0.004300
49241.00 0.004300
49243.00 0.004200
49245.00 0.004100
49247.00 0.004000
49249.00 0.004000
49251.00 0.003900
49253.00 0.003900
49255.00 0.003800
49257.00 0.003800
49259.00 0.003700
49261.00 0.003600
49263.00 0.003600
49265.00 0.003500
49267.00 0.003500
49269.00 0.003400
49271.00 0.003400
49273.00 0.003300
49275.00 0.003300
49277.00 0.003300
49279.00 0.003200
49281.00 0.003200
49283.00 0.003200
49285.00 0.003100
49287.00 0.003100
49289.00 0.003000
49291.00 0.003000
49293.00 0.003000
49295.00 0.003000
49297.00 0.002900
49299.00 0.002900
49301.00 0.002900
49303.00 0.002900
49305.00 0.002800
49307.00 0.002800
49309.00 0.002800
49311.00 0.002800
49313.00 0.002700
49315.00 0.002700
49317.00 0.002700
49319.00 0.002700
49321.00 0.002600
49323.00 0.002600
49325.00 0.002600
49327.00 0.002600
49329.00 0.002500
49331.00 0.002500
49333.00 0.002500
49335.00 0.002400
49337.00 0.002400
49339.00 0.002400
49341.00 0.002400
49343.00 0.002300
49345.00 0.002300
49347.00 0.002300
49349.00 0.002300
49351.00 0.002300
49353.00 0.002200
49355.00 0.002200
49357.00 0.002200
49359.00 0.002200
49361.00 0.002200
49363.00 0.002100
49365.00 0.002100
49367.00 0.002100
49369.00 0.002100
49371.00 0.002000
49373.00 0.002000
49375.00 0.002000
49377.00 0.001900
49379.00 0.001900
49381.00 0.001900
49383.00 0.001800
49385.00 0.001800
49387.00 0.001800
49389.00 0.001700
49391.00 0.001700
49393.00 0.001700
49395.00 0.001600
49397.00 0.001600
49399.00 0.001600
49401.00 0.001500
49403.00 0.001500
49405.00 0.001500
49407.00 0.001400
49409.00 0.001400
49411.00 0.001400
49413.00 0.001300
49415.00 0.001300
49417.00 0.001300
49419.00 0.001300
49421.00 0.001300
49423.00 0.001200
49425.00 0.001200
49427.00 0.001200
49429.00 0.001200
49431.00 0.001200
49433.00 0.001100
49435.00 0.001100
49437.00 0.001100
49439.00 0.001100
49441.00 0.001100
49443.00 0.001100
49445.00 0.001100
49447.00 0.001100
49449.00 0.001100
49451.00 0.001100
49453.00 0.001100
49455.00 0.001100
49457.00 0.001000
49459.00 0.001000
49461.00 0.001000
49463.00 0.001000
49465.00 0.001000
49467.00 0.001000
49469.00 0.001000
49471.00 0.001100
49473.00 0.001100
49475.00 0.001100
49477.00 0.001100
49479.00 0.001100
49481.00 0.001100
49483.00 0.001100
49485.00 0.001100
49487.00 0.001100
49489.00 0.001100
49491.00 0.001100
49493.00 0.001100
49495.00 0.001100
49497.00 0.001100
49499.00 0.001100
49501.00 0.001100
49503.00 0.001100
49505.00 0.001100
49507.00 0.001100
49509.00 0.001100
49511.00 0.001100
49513.00 0.001100
49515.00 0.001100
49517.00 0.001100
49519.00 0.001100
49521.00 0.001100
49523.00 0.001100
49525.00 0.001100
49527.00 0.001100
49529.00 0.001100
49531.00 0.001100
49533.00 0.001100
49535.00 0.001100
49537.00 0.001100
49539.00 0.001100
49541.00 0.001100
49543.00 0.001100
49545.00 0.001100
49547.00 0.001100
49549.00 0.001100
49551.00 0.001100
49553.00 0.001000
49555.00 0.001000
49557.00 0.001000
49559.00 0.001000
49561.00 0.001000
49563.00 0.001000
49565.00 0.001000
49567.00 0.000900
