3990 0.00053757713
3997.7085 0.0015069175
4005.4171 0.0078166961
4013.1256 0.016347082
4020.8342 0.023567977
4028.5427 0.026572681
4036.2513 0.028660797
4043.9598 0.030187463
4051.6683 0.031403149
4059.3769 0.032594472
4067.0854 0.03385194
4074.794 0.035201158
4082.5025 0.036554441
4090.2111 0.037905031
4097.9196 0.039269251
4105.6281 0.040618561
4113.3367 0.041977178
4121.0452 0.043338086
4128.7538 0.044678527
4136.4623 0.046049773
4144.1709 0.047404635
4151.8794 0.048746406
4159.5879 0.050120048
4167.2965 0.051449984
4175.005 0.052726693
4182.7136 0.053996739
4190.4221 0.055259443
4198.1307 0.056516699
4205.8392 0.057800618
4213.5477 0.059079475
4221.2563 0.060369006
4228.9648 0.061646143
4236.6734 0.062926221
4244.3819 0.0642192
4252.0905 0.065461213
4259.799 0.066695598
4267.5075 0.067963697
4275.2161 0.069243565
4282.9246 0.070542811
4290.6332 0.071868272
4298.3417 0.073187679
4306.0503 0.074517729
4313.7588 0.075895087
4321.4673 0.077308416
4329.1759 0.078685072
4336.8844 0.079970495
4344.593 0.08120996
4352.3015 0.082496173
4360.0101 0.083823025
4367.7186 0.085153959
4375.4271 0.086519166
4383.1357 0.087883495
4390.8442 0.089193468
4398.5528 0.090512575
4406.2613 0.091838533
4413.9698 0.093147125
4421.6784 0.09446904
4429.3869 0.095802242
4437.0955 0.097154617
4444.804 0.098520352
4452.5126 0.099842163
4460.2211 0.10115141
4467.9296 0.1025019
4475.6382 0.10394493
4483.3467 0.10543192
4491.0553 0.10687578
4498.7638 0.10832287
4506.4724 0.10977716
4514.1809 0.11125079
4521.8894 0.11264273
4529.598 0.11386185
4537.3065 0.11510451
4545.0151 0.1164862
4552.7236 0.1180566
4560.4322 0.11994193
4568.1407 0.12164596
4575.8492 0.12298975
4583.5578 0.12444899
4591.2663 0.1262196
4598.9749 0.12758848
4606.6834 0.1289162
4614.392 0.13052485
4622.1005 0.13252934
4629.809 0.13436626
4637.5176 0.13596453
4645.2261 0.13754899
4652.9347 0.13912324
4660.6432 0.14071467
4668.3518 0.1422911
4676.0603 0.14397274
4683.7688 0.14577642
4691.4774 0.14762013
4699.1859 0.14943506
4706.8945 0.15123215
4714.603 0.15307077
4722.3116 0.15496288
4730.0201 0.15688882
4737.7286 0.15866526
4745.4372 0.16064521
4753.1457 0.1628428
4760.8543 0.1650526
4768.5628 0.16723188
4776.2714 0.16941321
4783.9799 0.17164853
4791.6884 0.17384443
4799.397 0.17629033
4807.1055 0.17883623
4814.8141 0.1812374
4822.5226 0.18377728
4830.2312 0.18623772
4837.9397 0.18868708
4845.6482 0.19125037
4853.3568 0.19366511
4861.0653 0.19618205
4868.7739 0.1987436
4876.4824 0.20135801
4884.191 0.20398374
4891.8995 0.20662135
4899.608 0.20932102
4907.3166 0.21188822
4915.0251 0.21402139
4922.7337 0.21626917
4930.4422 0.21872998
4938.1508 0.22135794
4945.8593 0.22400213
4953.5678 0.22671656
4961.2764 0.22935516
4968.9849 0.23201005
4976.6935 0.23471933
4984.402 0.23735727
4992.1106 0.23995833
4999.8191 0.24226724
5007.5276 0.24441142
5015.2362 0.24706509
5022.9447 0.24955401
5030.6533 0.25167259
5038.3618 0.25378823
5046.0704 0.25582812
5053.7789 0.25782117
5061.4874 0.25979344
5069.196 0.26178301
5076.9045 0.2638435
5084.6131 0.26589209
5092.3216 0.26757021
5100.0302 0.26904502
5107.7387 0.27041085
5115.4472 0.27192891
5123.1558 0.27409143
5130.8643 0.27650118
5138.5729 0.2785266
5146.2814 0.28031692
5153.9899 0.28192134
5161.6985 0.28350601
5169.407 0.28507762
5177.1156 0.28665091
5184.8241 0.28824693
5192.5327 0.28981466
5200.2412 0.29128399
5207.9497 0.29253805
5215.6583 0.29367021
5223.3668 0.29480215
5231.0754 0.29626185
5238.7839 0.298714
5246.4925 0.30113095
5254.201 0.30218888
5261.9095 0.30278218
5269.6181 0.30357794
5277.3266 0.30524436
5285.0352 0.30695417
5292.7437 0.30809629
5300.4523 0.30893228
5308.1608 0.30989913
5315.8693 0.31158462
5323.5779 0.31325112
5331.2864 0.31433127
5338.995 0.31541027
5346.7035 0.31646465
5354.4121 0.31730463
5362.1206 0.31786161
5369.8291 0.31823783
5377.5377 0.31856604
5385.2462 0.31898827
5392.9548 0.31997114
5400.6633 0.32215158
5408.3719 0.32400711
5416.0804 0.32489301
5423.7889 0.32545507
5431.4975 0.32588003
5439.206 0.32607576
5446.9146 0.32593754
5454.6231 0.32441683
5462.3317 0.30817532
5470.0402 0.24722294
5477.7487 0.13853405
5485.4573 0.055248868
5493.1658 0.017599559
5500.8744 0.0061657051
5508.5829 0.0022157985
5516.2915 0.00082861752
5524 0.00028949421
