6458.2814 0.0036494208
6480.3518 0.015479278
6502.4221 0.027309134
6524.4925 0.039138991
6546.5628 0.048749354
6568.6332 0.053568239
6590.7035 0.057642171
6612.7739 0.061132739
6634.8442 0.064121071
6656.9146 0.066750548
6678.9849 0.06919776
6701.0553 0.071677947
6723.1256 0.074395176
6745.196 0.077563801
6767.2663 0.081428546
6789.3367 0.086200332
6811.407 0.091997992
6833.4774 0.098853403
6855.5477 0.10659484
6877.6181 0.11485551
6899.6884 0.1232224
6921.7588 0.13127947
6943.8291 0.13859535
6965.8995 0.14491344
6987.9698 0.15012996
7010.0402 0.15420489
7032.1106 0.15717204
7054.1809 0.159183
7076.2513 0.16037621
7098.3216 0.16089941
7120.392 0.16090328
7142.4623 0.16052069
7164.5327 0.15984681
7186.603 0.1589644
7208.6734 0.15793652
7230.7437 0.15680321
7252.8141 0.15560654
7274.8844 0.15438116
7296.9548 0.15316801
7319.0251 0.15200902
7341.0955 0.15097627
7363.1658 0.15013638
7385.2362 0.14955652
7407.3065 0.14928613
7429.3769 0.14938467
7451.4472 0.14989389
7473.5176 0.15081684
7495.5879 0.15212003
7517.6583 0.15375915
7539.7286 0.155606
7561.799 0.15748336
7583.8693 0.15925461
7605.9397 0.16080883
7628.0101 0.16204495
7650.0804 0.16296904
7672.1508 0.16365479
7694.2211 0.16416857
7716.2915 0.16457977
7738.3618 0.16494907
7760.4322 0.16526705
7782.5025 0.16549366
7804.5729 0.16558409
7826.6432 0.16549978
7848.7136 0.16523514
7870.7839 0.16482494
7892.8543 0.16431227
7914.9246 0.16374997
7936.995 0.16320088
7959.0653 0.16271713
7981.1357 0.16234407
8003.206 0.16212454
8025.2764 0.16208933
8047.3467 0.16224081
8069.4171 0.16255674
8091.4874 0.16299535
8113.5578 0.16351445
8135.6281 0.16407581
8157.6985 0.1646422
8179.7688 0.16517641
8201.8392 0.16565766
8223.9095 0.16607859
8245.9799 0.16643912
8268.0503 0.16675655
8290.1206 0.167082
8312.191 0.1674704
8334.2613 0.16794002
8356.3317 0.16850145
8378.402 0.16916827
8400.4724 0.16993299
8422.5427 0.17077011
8444.6131 0.17169851
8466.6834 0.17272759
8488.7538 0.1738347
8510.8241 0.17498011
8532.8945 0.17612578
8554.9648 0.17719825
8577.0352 0.17814555
8599.1055 0.1789493
8621.1759 0.17962281
8643.2462 0.18019599
8665.3166 0.18070709
8687.3869 0.18116842
8709.4573 0.18157901
8731.5276 0.18192475
8753.598 0.18218358
8775.6683 0.18234935
8797.7387 0.18244012
8819.809 0.18247857
8841.8794 0.18250016
8863.9497 0.18254707
8886.0201 0.18265271
8908.0905 0.18284104
8930.1608 0.18312715
8952.2312 0.18348806
8974.3015 0.18389038
8996.3719 0.18430975
9018.4422 0.18472338
9040.5126 0.18511813
9062.5829 0.18551436
9084.6533 0.18590804
9106.7236 0.18625952
9128.794 0.18651873
9150.8643 0.18661107
9172.9347 0.18644751
9195.005 0.18599063
9217.0754 0.1852252
9239.1457 0.18413934
9261.2161 0.18277155
9283.2864 0.18117393
9305.3568 0.17936389
9327.4271 0.17738041
9349.4975 0.1752788
9371.5678 0.17306211
9393.6382 0.17072359
9415.7085 0.16827612
9437.7789 0.16570649
9459.8492 0.16298704
9481.9196 0.16011718
9503.9899 0.15709675
9526.0603 0.15391184
9548.1307 0.15056381
9570.201 0.1470636
9592.2714 0.14342038
9614.3417 0.13965045
9636.4121 0.13576752
9658.4824 0.13176982
9680.5528 0.12763801
9702.6231 0.12336266
9724.6935 0.1189296
9746.7638 0.11435112
9768.8342 0.10966079
9790.9045 0.10493231
9812.9749 0.10021945
9835.0452 0.095579777
9857.1156 0.091057911
9879.1859 0.086682474
9901.2563 0.082432779
9923.3266 0.078298572
9945.397 0.074261772
9967.4673 0.070281714
9989.5377 0.066331669
10011.608 0.062418796
10033.678 0.058552318
10055.749 0.054759949
10077.819 0.051083919
10099.889 0.047534852
10121.96 0.044115117
10144.03 0.040822438
10166.101 0.037641536
10188.171 0.034587197
10210.241 0.031729418
10232.312 0.029121849
10254.382 0.02681039
10276.452 0.024822962
10298.523 0.023138196
10320.593 0.021662447
10342.663 0.020313792
10364.734 0.019014569
10386.804 0.017714504
10408.874 0.016392387
10430.945 0.015079288
10453.015 0.013805353
10475.085 0.012616864
10497.156 0.011539524
10519.226 0.010569377
10541.296 0.0096880732
10563.367 0.0088880276
10585.437 0.0081375581
10607.508 0.0074145624
10629.578 0.0066981274
10651.648 0.0059816925
10673.719 0.0052652576
10695.789 0.0045488227
10717.859 0.0038323878
10739.93 0.0031159529
10762 0.002399518
