3086 0.0026502364
3102.4523 0.0044108829
3118.9045 0.0061715294
3135.3568 0.007930225
3151.809 0.0095593552
3168.2613 0.011083193
3184.7136 0.012672235
3201.1658 0.014502173
3217.6181 0.016587045
3234.0704 0.018775722
3250.5226 0.02095681
3266.9749 0.022972681
3283.4271 0.024841711
3299.8794 0.027211647
3316.3317 0.030646329
3332.7839 0.034713778
3349.2362 0.038527272
3365.6884 0.041867103
3382.1407 0.045123467
3398.593 0.048416996
3415.0452 0.051872002
3431.4975 0.055790922
3447.9497 0.060035306
3464.402 0.06435308
3480.8543 0.068727046
3497.3065 0.073134577
3513.7588 0.077509622
3530.2111 0.081760433
3546.6633 0.085655684
3563.1156 0.089107806
3579.5678 0.092416704
3596.0201 0.095719322
3612.4724 0.098994502
3628.9246 0.10221369
3645.3769 0.10511135
3661.8291 0.10807745
3678.2814 0.11189043
3694.7337 0.11589136
3711.1859 0.11874898
3727.6382 0.12038073
3744.0905 0.1216817
3760.5427 0.12326005
3776.995 0.12485753
3793.4472 0.1261178
3809.8995 0.1272334
3826.3518 0.12834829
3842.804 0.12945041
3859.2563 0.13056776
3875.7085 0.13165536
3892.1608 0.13273744
3908.6131 0.13381829
3925.0653 0.13490364
3941.5176 0.1359121
3957.9698 0.13652012
3974.4221 0.13668876
3990.8744 0.1367
4007.3266 0.1367
4023.7789 0.1367
4040.2312 0.1367
4056.6834 0.1367
4073.1357 0.1367
4089.5879 0.1367
4106.0402 0.1367
4122.4925 0.1367
4138.9447 0.13669968
4155.397 0.13665545
4171.8492 0.1363431
4188.3015 0.13557186
4204.7538 0.13469188
4221.206 0.13421034
4237.6583 0.13403834
4254.1106 0.13365909
4270.5628 0.13283745
4287.0151 0.13198386
4303.4673 0.1314263
4319.9196 0.13078117
4336.3719 0.12984323
4352.8241 0.12906976
4369.2764 0.12854513
4385.7286 0.12779956
4402.1809 0.12689566
4418.6332 0.12626712
4435.0854 0.12570186
4451.5377 0.1248294
4467.9899 0.12399337
4484.4422 0.12346769
4500.8945 0.1228126
4517.3467 0.12187218
4533.799 0.12112611
4550.2513 0.12060062
4566.7035 0.11982226
4583.1558 0.11878065
4599.608 0.11760551
4616.0603 0.11604248
4632.5126 0.11406982
4648.9648 0.11215976
4665.4171 0.11070066
4681.8693 0.10943657
4698.3216 0.10781358
4714.7739 0.10577246
4731.2261 0.1035951
4747.6784 0.1014098
4764.1307 0.099228601
4780.5829 0.097154197
4797.0352 0.095458796
4813.4874 0.094170846
4829.9397 0.092794553
4846.392 0.091149343
4862.8442 0.089697993
4879.2965 0.088556175
4895.7487 0.087459122
4912.201 0.086339392
4928.6533 0.084996718
4945.1055 0.083350708
4961.5578 0.081855529
4978.0101 0.080686985
4994.4623 0.079598965
5010.9146 0.078518552
5027.3668 0.077429698
5043.8191 0.07648443
5060.2714 0.075889513
5076.7236 0.075293753
5093.1759 0.074405407
5109.6281 0.07362255
5126.0804 0.073086945
5142.5327 0.07222186
5158.9849 0.070876026
5175.4372 0.069656333
5191.8894 0.068810648
5208.3417 0.067988804
5224.794 0.066800027
5241.2462 0.06519347
5257.6985 0.06371522
5274.1508 0.062924793
5290.603 0.062716649
5307.0553 0.0627
5323.5075 0.062695245
5339.9598 0.062580809
5356.4121 0.062085021
5372.8643 0.061156486
5389.3166 0.0600638
5405.7688 0.058755301
5422.2211 0.057122955
5438.6734 0.055599295
5455.1256 0.054357374
5471.5779 0.052862227
5488.0302 0.050718758
5504.4824 0.04825841
5520.9347 0.046220417
5537.3869 0.044975054
5553.8392 0.04439015
5570.2915 0.044188671
5586.7437 0.043910641
5603.196 0.04301798
5619.6482 0.04136478
5636.1005 0.039280017
5652.5528 0.037098184
5669.005 0.034912705
5685.4573 0.032716718
5701.9095 0.030389439
5718.3618 0.027797948
5734.8141 0.025147134
5751.2663 0.022669266
5767.7186 0.020363851
5784.1709 0.018430858
5800.6231 0.016993203
5817.0754 0.015923221
5833.5276 0.015299172
5849.9799 0.015114417
5866.4322 0.0151
5882.8844 0.015094478
5899.3367 0.014972954
5915.7889 0.014463198
5932.2412 0.01357265
5948.6935 0.012825303
5965.1457 0.01253755
5981.598 0.012500174
5998.0503 0.012498907
6014.5025 0.012432737
6030.9548 0.012048702
6047.407 0.011207913
6063.8593 0.010343539
6080.3116 0.0099218404
6096.7638 0.0097535264
6113.2161 0.0093051445
6129.6683 0.0084293684
6146.1206 0.0076161647
6162.5729 0.0072663503
6179.0251 0.0072147335
6195.4774 0.0072181457
6211.9296 0.0071771062
6228.3819 0.0068615506
6244.8342 0.0060776554
6261.2864 0.0051843317
6277.7387 0.0046993769
6294.191 0.0045945188
6310.6432 0.0045947191
6327.0955 0.0045990833
6343.5477 0.0046034475
6360 0.0046078116
