  6995.0 0.00381
  7000.0 0.00384
  7005.0 0.00392
  7010.0 0.00396
  7015.0 0.00405
  7020.0 0.00403
  7025.0 0.00399
  7030.0 0.00401
  7035.0 0.00406
  7040.0 0.00411
  7045.0 0.00417
  7050.0 0.00420
  7055.0 0.00426
  7060.0 0.00420
  7065.0 0.00423
  7070.0 0.00426
  7075.0 0.00432
  7080.0 0.00435
  7085.0 0.00445
  7090.0 0.00445
  7095.0 0.00457
  7100.0 0.00451
  7105.0 0.00457
  7110.0 0.00464
  7115.0 0.00470
  7120.0 0.00474
  7125.0 0.00477
  7130.0 0.00484
  7135.0 0.00487
  7140.0 0.00489
  7145.0 0.00499
  7150.0 0.00498
  7155.0 0.00504
  7160.0 0.00511
  7165.0 0.00516
  7170.0 0.00511
  7175.0 0.00518
  7180.0 0.00538
  7185.0 0.00545
  7190.0 0.00549
  7195.0 0.00553
  7200.0 0.00559
  7205.0 0.00568
  7210.0 0.00577
  7215.0 0.00586
  7220.0 0.00597
  7225.0 0.00610
  7230.0 0.00612
  7235.0 0.00621
  7240.0 0.00625
  7245.0 0.00642
  7250.0 0.00650
  7255.0 0.00658
  7260.0 0.00676
  7265.0 0.00691
  7270.0 0.00705
  7275.0 0.00723
  7280.0 0.00739
  7285.0 0.00759
  7290.0 0.00784
  7295.0 0.00809
  7300.0 0.00834
  7305.0 0.00869
  7310.0 0.00897
  7315.0 0.00927
  7320.0 0.00973
  7325.0 0.01015
  7330.0 0.01065
  7335.0 0.01122
  7340.0 0.01200
  7345.0 0.01284
  7350.0 0.01377
  7355.0 0.01483
  7360.0 0.01616
  7365.0 0.01796
  7370.0 0.01979
  7375.0 0.02219
  7380.0 0.02522
  7385.0 0.02891
  7390.0 0.03357
  7395.0 0.03940
  7400.0 0.04642
  7405.0 0.05572
  7410.0 0.06747
  7415.0 0.08170
  7420.0 0.09975
  7425.0 0.12266
  7430.0 0.14974
  7435.0 0.18291
  7440.0 0.22173
  7445.0 0.26531
  7450.0 0.31323
  7455.0 0.36464
  7460.0 0.41709
  7465.0 0.46713
  7470.0 0.51427
  7475.0 0.55544
  7480.0 0.58982
  7485.0 0.61727
  7490.0 0.63853
  7495.0 0.65353
  7500.0 0.66499
  7505.0 0.67253
  7510.0 0.67835
  7515.0 0.68299
  7520.0 0.68722
  7525.0 0.69002
  7530.0 0.69260
  7535.0 0.69411
  7540.0 0.69405
  7545.0 0.69324
  7550.0 0.68926
  7555.0 0.68437
  7560.0 0.67784
  7565.0 0.66855
  7570.0 0.65637
  7575.0 0.64438
  7580.0 0.63092
  7585.0 0.61722
  7590.0 0.60333
  7595.0 0.59081
  7600.0 0.57733
  7605.0 0.56711
  7610.0 0.55906
  7615.0 0.55297
  7620.0 0.54839
  7625.0 0.54510
  7630.0 0.54212
  7635.0 0.53937
  7640.0 0.53451
  7645.0 0.52563
  7650.0 0.51153
  7655.0 0.48956
  7660.0 0.46020
  7665.0 0.42348
  7670.0 0.38039
  7675.0 0.33447
  7680.0 0.28794
  7685.0 0.24367
  7690.0 0.20278
  7695.0 0.16796
  7700.0 0.13821
  7705.0 0.11426
  7710.0 0.09468
  7715.0 0.07870
  7720.0 0.06589
  7725.0 0.05564
  7730.0 0.04739
  7735.0 0.04079
  7740.0 0.03560
  7745.0 0.03119
  7750.0 0.02769
  7755.0 0.02488
  7760.0 0.02247
  7765.0 0.02045
  7770.0 0.01879
  7775.0 0.01740
  7780.0 0.01621
  7785.0 0.01520
  7790.0 0.01432
  7795.0 0.01356
  7800.0 0.01275
  7805.0 0.01218
  7810.0 0.01163
  7815.0 0.01116
  7820.0 0.01068
  7825.0 0.01038
  7830.0 0.00999
  7835.0 0.00961
  7840.0 0.00947
  7845.0 0.00917
  7850.0 0.00894
  7855.0 0.00876
  7860.0 0.00851
  7865.0 0.00835
  7870.0 0.00822
  7875.0 0.00808
  7880.0 0.00799
  7885.0 0.00774
  7890.0 0.00755
  7895.0 0.00743
  7900.0 0.00734
  7905.0 0.00729
  7910.0 0.00722
  7915.0 0.00709
  7920.0 0.00701
  7925.0 0.00687
  7930.0 0.00687
  7935.0 0.00680
  7940.0 0.00676
  7945.0 0.00674
  7950.0 0.00658
  7955.0 0.00646
  7960.0 0.00648
  7965.0 0.00636
  7970.0 0.00626
  7975.0 0.00628
  7980.0 0.00617
  7985.0 0.00615
  7990.0 0.00612
  7995.0 0.00606
  8000.0 0.00598
  8005.0 0.00597
  8010.0 0.00602
  8015.0 0.00587
  8020.0 0.00586
  8025.0 0.00580
  8030.0 0.00568
  8035.0 0.00575
  8040.0 0.00571
  8045.0 0.00562
  8050.0 0.00566
  8055.0 0.00556
  8060.0 0.00560
  8065.0 0.00546
  8070.0 0.00563
  8075.0 0.00547
  8080.0 0.00560
  8085.0 0.00551
  8090.0 0.00543
  8095.0 0.00536
  8100.0 0.00533
  8105.0 0.00543
  8110.0 0.00541
  8115.0 0.00544
  8120.0 0.00540
  8125.0 0.00530
  8130.0 0.00527
  8135.0 0.00528
  8140.0 0.00529
  8145.0 0.00523
  8150.0 0.00524
  8155.0 0.00518
  8160.0 0.00511
  8165.0 0.00520
  8170.0 0.00518
  8175.0 0.00511
  8180.0 0.00515
  8185.0 0.00502
  8190.0 0.00512
  8195.0 0.00515
  8200.0 0.00514
  8205.0 0.00504
  8210.0 0.00505
  8215.0 0.00503
  8220.0 0.00502
  8225.0 0.00506
  8230.0 0.00504
  8235.0 0.00501
  8240.0 0.00500
  8245.0 0.00503
  8250.0 0.00501
  8255.0 0.00499
  8260.0 0.00490
  8265.0 0.00486
  8270.0 0.00490
  8275.0 0.00484
