28500.00 0.0021
28600.00 0.0036
28700.00 0.0051
28800.00 0.0066
28900.00 0.0082
29000.00 0.0094
29100.00 0.0110
29200.00 0.0137
29300.00 0.0185
29400.00 0.0266
29500.00 0.0439
29600.00 0.0661
29700.00 0.1209
29800.00 0.2092
29900.00 0.3659
30000.00 0.5995
30100.00 0.7695
30200.00 0.8445
30300.00 0.8745
30400.00 0.8841
30500.00 0.8855
30600.00 0.8839
30700.00 0.8771
30800.00 0.8769
30900.00 0.8799
31000.00 0.8845
31100.00 0.8907
31200.00 0.8988
31300.00 0.9040
31400.00 0.9059
31500.00 0.9077
31600.00 0.9095
31700.00 0.9108
31800.00 0.9116
31900.00 0.9064
32000.00 0.8954
32100.00 0.8832
32200.00 0.8735
32300.00 0.8659
32400.00 0.8619
32500.00 0.8632
32600.00 0.8686
32700.00 0.8769
32800.00 0.8840
32900.00 0.8904
33000.00 0.8957
33100.00 0.9000
33200.00 0.9028
33300.00 0.9048
33400.00 0.9071
33500.00 0.9111
33600.00 0.9161
33700.00 0.9197
33800.00 0.9216
33900.00 0.9196
34000.00 0.9160
34100.00 0.9105
34200.00 0.9048
34300.00 0.8989
34400.00 0.8962
34500.00 0.8959
34600.00 0.8972
34700.00 0.9004
34800.00 0.9051
34900.00 0.9113
35000.00 0.9205
35100.00 0.9274
35200.00 0.9322
35300.00 0.9348
35400.00 0.9368
35500.00 0.9378
35600.00 0.9377
35700.00 0.9363
35800.00 0.9346
35900.00 0.9325
36000.00 0.9300
36100.00 0.9271
36200.00 0.9243
36300.00 0.9217
36400.00 0.9196
36500.00 0.9177
36600.00 0.9162
36700.00 0.9152
36800.00 0.9146
36900.00 0.9143
37000.00 0.9148
37100.00 0.9164
37200.00 0.9184
37300.00 0.9204
37400.00 0.9230
37500.00 0.9255
37600.00 0.9274
37700.00 0.9290
37800.00 0.9305
37900.00 0.9318
38000.00 0.9326
38100.00 0.9327
38200.00 0.9323
38300.00 0.9315
38400.00 0.9305
38500.00 0.9293
38600.00 0.9282
38700.00 0.9267
38800.00 0.9254
38900.00 0.9254
39000.00 0.9262
39100.00 0.9274
39200.00 0.9296
39300.00 0.9329
39400.00 0.9365
39500.00 0.9394
39600.00 0.9416
39700.00 0.9439
39800.00 0.9459
39900.00 0.9474
40000.00 0.9480
40100.00 0.9475
40200.00 0.9461
40300.00 0.9444
40400.00 0.9430
40500.00 0.9414
40600.00 0.9399
40700.00 0.9388
40800.00 0.9383
40900.00 0.9380
41000.00 0.9378
41100.00 0.9376
41200.00 0.9374
41300.00 0.9374
41400.00 0.9373
41500.00 0.9374
41600.00 0.9377
41700.00 0.9381
41800.00 0.9385
41900.00 0.9390
42000.00 0.9393
42100.00 0.9395
42200.00 0.9395
42300.00 0.9395
42400.00 0.9396
42500.00 0.9396
42600.00 0.9396
42700.00 0.9396
42800.00 0.9393
42900.00 0.9386
43000.00 0.9374
43100.00 0.9360
43200.00 0.9344
43300.00 0.9328
43400.00 0.9313
43500.00 0.9300
43600.00 0.9289
43700.00 0.9279
43800.00 0.9266
43900.00 0.9240
44000.00 0.9208
44100.00 0.9190
44200.00 0.9183
44300.00 0.9179
44400.00 0.9176
44500.00 0.9173
44600.00 0.9170
44700.00 0.9166
44800.00 0.9160
44900.00 0.9148
45000.00 0.9127
45100.00 0.9105
45200.00 0.9076
45300.00 0.9043
45400.00 0.9009
45500.00 0.8976
45600.00 0.8948
45700.00 0.8928
45800.00 0.8910
45900.00 0.8896
46000.00 0.8889
46100.00 0.8886
46200.00 0.8884
46300.00 0.8883
46400.00 0.8882
46500.00 0.8880
46600.00 0.8877
46700.00 0.8870
46800.00 0.8858
46900.00 0.8845
47000.00 0.8834
47100.00 0.8826
47200.00 0.8825
47300.00 0.8828
47400.00 0.8833
47500.00 0.8840
47600.00 0.8849
47700.00 0.8857
47800.00 0.8865
47900.00 0.8872
48000.00 0.8880
48100.00 0.8887
48200.00 0.8890
48300.00 0.8886
48400.00 0.8876
48500.00 0.8863
48600.00 0.8852
48700.00 0.8841
48800.00 0.8830
48900.00 0.8816
49000.00 0.8800
49100.00 0.8780
49200.00 0.8751
49300.00 0.8701
49400.00 0.8595
49500.00 0.8399
49600.00 0.8009
49700.00 0.6920
49800.00 0.5859
49900.00 0.4739
50000.00 0.3570
50100.00 0.2579
50200.00 0.1704
50300.00 0.0955
50400.00 0.0634
50500.00 0.0454
50600.00 0.0321
50700.00 0.0225
50800.00 0.0153
50900.00 0.0103
51000.00 0.0070
51100.00 0.0042
51200.00 0.0021
51300.00 0.0008
