7935.00 0.0005
7940.00 0.0005
7945.00 0.0005
7950.00 0.0005
7955.00 0.0006
7960.00 0.0006
7965.00 0.0006
7970.00 0.0007
7975.00 0.0006
7980.00 0.0007
7985.00 0.0007
7990.00 0.0007
7995.00 0.0011
8000.00 0.0012
8005.00 0.0012
8010.00 0.0012
8015.00 0.0013
8020.00 0.0013
8025.00 0.0014
8030.00 0.0015
8035.00 0.0015
8040.00 0.0015
8045.00 0.0016
8050.00 0.0017
8055.00 0.0018
8060.00 0.0019
8065.00 0.0019
8070.00 0.0020
8075.00 0.0021
8080.00 0.0022
8085.00 0.0023
8090.00 0.0024
8095.00 0.0026
8100.00 0.0026
8105.00 0.0028
8110.00 0.0030
8115.00 0.0031
8120.00 0.0032
8125.00 0.0034
8130.00 0.0036
8135.00 0.0038
8140.00 0.0040
8145.00 0.0042
8150.00 0.0044
8155.00 0.0047
8160.00 0.0049
8165.00 0.0052
8170.00 0.0055
8175.00 0.0058
8180.00 0.0063
8185.00 0.0066
8190.00 0.0070
8195.00 0.0074
8200.00 0.0078
8205.00 0.0083
8210.00 0.0089
8215.00 0.0095
8220.00 0.0102
8225.00 0.0108
8230.00 0.0114
8235.00 0.0122
8240.00 0.0131
8245.00 0.0139
8250.00 0.0150
8255.00 0.0159
8260.00 0.0169
8265.00 0.0180
8270.00 0.0194
8275.00 0.0208
8280.00 0.0223
8285.00 0.0238
8290.00 0.0255
8295.00 0.0272
8300.00 0.0291
8305.00 0.0313
8310.00 0.0337
8315.00 0.0360
8320.00 0.0384
8325.00 0.0410
8330.00 0.0438
8335.00 0.0471
8340.00 0.0504
8345.00 0.0539
8350.00 0.0572
8355.00 0.0610
8360.00 0.0654
8365.00 0.0698
8370.00 0.0745
8375.00 0.0791
8380.00 0.0838
8385.00 0.0888
8390.00 0.0941
8395.00 0.1001
8400.00 0.1063
8405.00 0.1122
8410.00 0.1180
8415.00 0.1238
8420.00 0.1301
8425.00 0.1367
8430.00 0.1440
8435.00 0.1508
8440.00 0.1570
8445.00 0.1626
8450.00 0.1682
8455.00 0.1740
8460.00 0.1798
8465.00 0.1859
8470.00 0.1911
8475.00 0.1962
8480.00 0.2009
8485.00 0.2050
8490.00 0.2089
8495.00 0.2130
8500.00 0.2167
8505.00 0.2203
8510.00 0.2234
8515.00 0.2254
8520.00 0.2271
8525.00 0.2292
8530.00 0.2308
8535.00 0.2316
8540.00 0.2320
8545.00 0.2324
8550.00 0.2327
8555.00 0.2337
8560.00 0.2346
8565.00 0.2346
8570.00 0.2346
8575.00 0.2339
8580.00 0.2332
8585.00 0.2329
8590.00 0.2324
8595.00 0.2321
8600.00 0.2316
8605.00 0.2309
8610.00 0.2303
8615.00 0.2295
8620.00 0.2286
8625.00 0.2279
8630.00 0.2273
8635.00 0.2265
8640.00 0.2258
8645.00 0.2250
8650.00 0.2243
8655.00 0.2235
8660.00 0.2227
8665.00 0.2220
8670.00 0.2212
8675.00 0.2206
8680.00 0.2199
8685.00 0.2190
8690.00 0.2182
8695.00 0.2177
8700.00 0.2171
8705.00 0.2163
8710.00 0.2155
8715.00 0.2148
8720.00 0.2143
8725.00 0.2138
8730.00 0.2134
8735.00 0.2129
8740.00 0.2124
8745.00 0.2119
8750.00 0.2113
8755.00 0.2107
8760.00 0.2101
8765.00 0.2097
8770.00 0.2092
8775.00 0.2086
8780.00 0.2080
8785.00 0.2075
8790.00 0.2071
8795.00 0.2064
8800.00 0.2059
8805.00 0.2054
8810.00 0.2049
8815.00 0.2045
8820.00 0.2040
8825.00 0.2036
8830.00 0.2031
8835.00 0.2027
8840.00 0.2022
8845.00 0.2019
8850.00 0.2014
8855.00 0.2009
8860.00 0.2003
8865.00 0.1998
8870.00 0.1991
8875.00 0.1988
8880.00 0.1984
8885.00 0.1979
8890.00 0.1974
8895.00 0.1969
8900.00 0.1964
8905.00 0.1959
8910.00 0.1953
8915.00 0.1949
8920.00 0.1945
8925.00 0.1940
8930.00 0.1935
8935.00 0.1930
8940.00 0.1926
8945.00 0.1921
8950.00 0.1915
8955.00 0.1910
8960.00 0.1904
8965.00 0.1899
8970.00 0.1893
8975.00 0.1886
8980.00 0.1879
8985.00 0.1874
8990.00 0.1870
8995.00 0.1865
9000.00 0.1859
9005.00 0.1853
9010.00 0.1848
9015.00 0.1839
9020.00 0.1831
9025.00 0.1825
9030.00 0.1820
9035.00 0.1814
9040.00 0.1807
9045.00 0.1801
9050.00 0.1795
9055.00 0.1788
9060.00 0.1781
9065.00 0.1773
9070.00 0.1766
9075.00 0.1760
9080.00 0.1754
9085.00 0.1746
9090.00 0.1739
9095.00 0.1734
9100.00 0.1729
9105.00 0.1721
9110.00 0.1713
9115.00 0.1707
9120.00 0.1700
9125.00 0.1693
9130.00 0.1687
9135.00 0.1680
9140.00 0.1673
9145.00 0.1666
9150.00 0.1658
9155.00 0.1651
9160.00 0.1644
9165.00 0.1637
9170.00 0.1630
9175.00 0.1622
9180.00 0.1614
9185.00 0.1609
9190.00 0.1604
9195.00 0.1596
9200.00 0.1588
9205.00 0.1581
9210.00 0.1575
9215.00 0.1567
9220.00 0.1560
9225.00 0.1553
9230.00 0.1545
9235.00 0.1539
9240.00 0.1532
9245.00 0.1525
9250.00 0.1517
9255.00 0.1510
9260.00 0.1503
9265.00 0.1496
9270.00 0.1489
9275.00 0.1483
9280.00 0.1476
9285.00 0.1469
9290.00 0.1462
9295.00 0.1455
9300.00 0.1449
9305.00 0.1441
9310.00 0.1433
9315.00 0.1427
9320.00 0.1420
9325.00 0.1413
9330.00 0.1406
9335.00 0.1398
9340.00 0.1391
9345.00 0.1383
9350.00 0.1375
9355.00 0.1369
9360.00 0.1362
9365.00 0.1355
9370.00 0.1348
9375.00 0.1341
9380.00 0.1333
9385.00 0.1326
9390.00 0.1320
9395.00 0.1312
9400.00 0.1304
9405.00 0.1297
9410.00 0.1290
9415.00 0.1282
9420.00 0.1274
9425.00 0.1267
9430.00 0.1260
9435.00 0.1252
9440.00 0.1244
9445.00 0.1236
9450.00 0.1229
9455.00 0.1221
9460.00 0.1214
9465.00 0.1207
9470.00 0.1200
9475.00 0.1191
9480.00 0.1184
9485.00 0.1176
9490.00 0.1168
9495.00 0.1161
9500.00 0.1154
9505.00 0.1146
9510.00 0.1138
9515.00 0.1130
9520.00 0.1122
9525.00 0.1114
9530.00 0.1107
9535.00 0.1100
9540.00 0.1093
9545.00 0.1085
9550.00 0.1077
9555.00 0.1069
9560.00 0.1061
9565.00 0.1054
9570.00 0.1046
9575.00 0.1038
9580.00 0.1030
9585.00 0.1022
9590.00 0.1015
9595.00 0.1007
9600.00 0.0999
9605.00 0.0992
9610.00 0.0984
9615.00 0.0976
9620.00 0.0968
9625.00 0.0960
9630.00 0.0952
9635.00 0.0944
9640.00 0.0937
9645.00 0.0929
9650.00 0.0921
9655.00 0.0913
9660.00 0.0906
9665.00 0.0897
9670.00 0.0889
9675.00 0.0882
9680.00 0.0874
9685.00 0.0866
9690.00 0.0857
9695.00 0.0849
9700.00 0.0841
9705.00 0.0833
9710.00 0.0825
9715.00 0.0817
9720.00 0.0810
9725.00 0.0802
9730.00 0.0794
9735.00 0.0786
9740.00 0.0777
9745.00 0.0770
9750.00 0.0762
9755.00 0.0754
9760.00 0.0746
9765.00 0.0738
9770.00 0.0730
9775.00 0.0722
9780.00 0.0714
9785.00 0.0706
9790.00 0.0698
9795.00 0.0690
9800.00 0.0682
9805.00 0.0674
9810.00 0.0666
9815.00 0.0658
9820.00 0.0650
9825.00 0.0643
9830.00 0.0635
9835.00 0.0627
9840.00 0.0619
9845.00 0.0611
9850.00 0.0603
9855.00 0.0595
9860.00 0.0587
9865.00 0.0579
9870.00 0.0571
9875.00 0.0563
9880.00 0.0555
9885.00 0.0547
9890.00 0.0539
9895.00 0.0531
9900.00 0.0523
9905.00 0.0515
9910.00 0.0506
9915.00 0.0499
9920.00 0.0491
9925.00 0.0483
9930.00 0.0475
9935.00 0.0467
9940.00 0.0459
9945.00 0.0451
9950.00 0.0443
9955.00 0.0434
9960.00 0.0426
9965.00 0.0418
9970.00 0.0410
9975.00 0.0402
9980.00 0.0394
9985.00 0.0386
9990.00 0.0378
9995.00 0.0370
10000.00 0.0361
10005.00 0.0359
10010.00 0.0355
10015.00 0.0353
10020.00 0.0350
10025.00 0.0347
10030.00 0.0345
10035.00 0.0342
10040.00 0.0339
10045.00 0.0336
10050.00 0.0333
10055.00 0.0330
10060.00 0.0327
10065.00 0.0324
10070.00 0.0321
10075.00 0.0318
10080.00 0.0315
10085.00 0.0312
10090.00 0.0310
10095.00 0.0307
10100.00 0.0304
10105.00 0.0301
10110.00 0.0298
10115.00 0.0295
10120.00 0.0292
10125.00 0.0289
10130.00 0.0286
10135.00 0.0283
10140.00 0.0281
10145.00 0.0278
10150.00 0.0275
10155.00 0.0272
10160.00 0.0269
10165.00 0.0266
10170.00 0.0263
10175.00 0.0260
10180.00 0.0257
10185.00 0.0254
10190.00 0.0252
10195.00 0.0249
10200.00 0.0246
10205.00 0.0243
10210.00 0.0240
10215.00 0.0237
10220.00 0.0234
10225.00 0.0231
10230.00 0.0228
10235.00 0.0225
10240.00 0.0222
10245.00 0.0219
10250.00 0.0216
10255.00 0.0213
10260.00 0.0210
10265.00 0.0207
10270.00 0.0204
10275.00 0.0202
10280.00 0.0199
10285.00 0.0196
10290.00 0.0193
10295.00 0.0190
10300.00 0.0187
10305.00 0.0184
10310.00 0.0181
10315.00 0.0178
10320.00 0.0175
10325.00 0.0172
10330.00 0.0169
10335.00 0.0166
10340.00 0.0164
10345.00 0.0161
10350.00 0.0158
10355.00 0.0155
10360.00 0.0152
10365.00 0.0149
10370.00 0.0146
10375.00 0.0143
10380.00 0.0140
10385.00 0.0137
10390.00 0.0134
10395.00 0.0132
10400.00 0.0129
10405.00 0.0126
10410.00 0.0123
10415.00 0.0120
10420.00 0.0117
10425.00 0.0114
10430.00 0.0111
10435.00 0.0108
10440.00 0.0105
10445.00 0.0102
10450.00 0.0099
10455.00 0.0097
10460.00 0.0094
10465.00 0.0091
10470.00 0.0088
10475.00 0.0085
10480.00 0.0082
10485.00 0.0079
10490.00 0.0077
10495.00 0.0074
10500.00 0.0071
10505.00 0.0070
10510.00 0.0069
10515.00 0.0068
10520.00 0.0068
10525.00 0.0067
10530.00 0.0066
10535.00 0.0066
10540.00 0.0065
10545.00 0.0064
10550.00 0.0063
10555.00 0.0063
10560.00 0.0062
10565.00 0.0061
10570.00 0.0060
10575.00 0.0060
10580.00 0.0059
10585.00 0.0058
10590.00 0.0058
10595.00 0.0057
10600.00 0.0056
10605.00 0.0055
10610.00 0.0055
10615.00 0.0054
10620.00 0.0053
10625.00 0.0052
10630.00 0.0052
10635.00 0.0051
10640.00 0.0050
10645.00 0.0050
10650.00 0.0049
10655.00 0.0048
10660.00 0.0047
10665.00 0.0047
10670.00 0.0046
10675.00 0.0045
10680.00 0.0045
10685.00 0.0044
10690.00 0.0043
10695.00 0.0042
10700.00 0.0042
10705.00 0.0041
10710.00 0.0040
10715.00 0.0040
10720.00 0.0039
10725.00 0.0038
10730.00 0.0038
10735.00 0.0037
10740.00 0.0036
10745.00 0.0035
10750.00 0.0035
10755.00 0.0034
10760.00 0.0033
10765.00 0.0033
10770.00 0.0032
10775.00 0.0031
10780.00 0.0031
10785.00 0.0030
10790.00 0.0029
10795.00 0.0028
10800.00 0.0028
10805.00 0.0027
10810.00 0.0026
10815.00 0.0026
10820.00 0.0025
10825.00 0.0024
10830.00 0.0024
10835.00 0.0023
10840.00 0.0022
10845.00 0.0022
10850.00 0.0021
10855.00 0.0020
10860.00 0.0019
10865.00 0.0019
10870.00 0.0018
10875.00 0.0017
10880.00 0.0017
10885.00 0.0016
10890.00 0.0015
10895.00 0.0015
10900.00 0.0014
10905.00 0.0013
10910.00 0.0013
10915.00 0.0012
10920.00 0.0011
10925.00 0.0010
10930.00 0.0010
10935.00 0.0009
10940.00 0.0008
10945.00 0.0008
10950.00 0.0007
10955.00 0.0006
10960.00 0.0006
10965.00 0.0005
10970.00 0.0004
10975.00 0.0003
10980.00 0.0003
10985.00 0.0002
10990.00 0.0001
10995.00 0.0001
11000.00 0.0000
