3860.00 0.0001
3865.00 0.0002
3870.00 0.0002
3875.00 0.0002
3880.00 0.0003
3885.00 0.0003
3890.00 0.0003
3895.00 0.0003
3900.00 0.0004
3905.00 0.0004
3910.00 0.0005
3915.00 0.0006
3920.00 0.0007
3925.00 0.0009
3930.00 0.0011
3935.00 0.0014
3940.00 0.0018
3945.00 0.0023
3950.00 0.0028
3955.00 0.0033
3960.00 0.0039
3965.00 0.0045
3970.00 0.0052
3975.00 0.0061
3980.00 0.0073
3985.00 0.0092
3990.00 0.0120
3995.00 0.0161
4000.00 0.0222
4005.00 0.0304
4010.00 0.0409
4015.00 0.0527
4020.00 0.0636
4025.00 0.0726
4030.00 0.0793
4035.00 0.0853
4040.00 0.0927
4045.00 0.1035
4050.00 0.1196
4055.00 0.1425
4060.00 0.1708
4065.00 0.2009
4070.00 0.2260
4075.00 0.2404
4080.00 0.2430
4085.00 0.2377
4090.00 0.2308
4095.00 0.2270
4100.00 0.2293
4105.00 0.2386
4110.00 0.2552
4115.00 0.2783
4120.00 0.3061
4125.00 0.3332
4130.00 0.3557
4135.00 0.3697
4140.00 0.3735
4145.00 0.3692
4150.00 0.3604
4155.00 0.3517
4160.00 0.3461
4165.00 0.3453
4170.00 0.3498
4175.00 0.3582
4180.00 0.3679
4185.00 0.3768
4190.00 0.3822
4195.00 0.3827
4200.00 0.3784
4205.00 0.3716
4210.00 0.3637
4215.00 0.3563
4220.00 0.3511
4225.00 0.3482
4230.00 0.3487
4235.00 0.3521
4240.00 0.3588
4245.00 0.3676
4250.00 0.3784
4255.00 0.3900
4260.00 0.4004
4265.00 0.4073
4270.00 0.4103
4275.00 0.4091
4280.00 0.4044
4285.00 0.3983
4290.00 0.3925
4295.00 0.3880
4300.00 0.3862
4305.00 0.3872
4310.00 0.3903
4315.00 0.3947
4320.00 0.3995
4325.00 0.4035
4330.00 0.4059
4335.00 0.4066
4340.00 0.4056
4345.00 0.4034
4350.00 0.4004
4355.00 0.3974
4360.00 0.3950
4365.00 0.3935
4370.00 0.3929
4375.00 0.3940
4380.00 0.3965
4385.00 0.4011
4390.00 0.4070
4395.00 0.4137
4400.00 0.4211
4405.00 0.4279
4410.00 0.4338
4415.00 0.4380
4420.00 0.4400
4425.00 0.4391
4430.00 0.4359
4435.00 0.4308
4440.00 0.4245
4445.00 0.4178
4450.00 0.4115
4455.00 0.4063
4460.00 0.4029
4465.00 0.4017
4470.00 0.4027
4475.00 0.4060
4480.00 0.4115
4485.00 0.4185
4490.00 0.4265
4495.00 0.4349
4500.00 0.4426
4505.00 0.4494
4510.00 0.4547
4515.00 0.4584
4520.00 0.4609
4525.00 0.4623
4530.00 0.4630
4535.00 0.4629
4540.00 0.4624
4545.00 0.4617
4550.00 0.4611
4555.00 0.4608
4560.00 0.4612
4565.00 0.4622
4570.00 0.4640
4575.00 0.4670
4580.00 0.4707
4585.00 0.4746
4590.00 0.4785
4595.00 0.4815
4600.00 0.4835
4605.00 0.4847
4610.00 0.4849
4615.00 0.4846
4620.00 0.4844
4625.00 0.4843
4630.00 0.4844
4635.00 0.4848
4640.00 0.4852
4645.00 0.4849
4650.00 0.4835
4655.00 0.4811
4660.00 0.4778
4665.00 0.4741
4670.00 0.4705
4675.00 0.4677
4680.00 0.4659
4685.00 0.4659
4690.00 0.4676
4695.00 0.4713
4700.00 0.4760
4705.00 0.4812
4710.00 0.4860
4715.00 0.4899
4720.00 0.4928
4725.00 0.4945
4730.00 0.4950
4735.00 0.4952
4740.00 0.4949
4745.00 0.4947
4750.00 0.4947
4755.00 0.4947
4760.00 0.4949
4765.00 0.4949
4770.00 0.4949
4775.00 0.4949
4780.00 0.4950
4785.00 0.4952
4790.00 0.4958
4795.00 0.4968
4800.00 0.4983
4805.00 0.5002
4810.00 0.5020
4815.00 0.5035
4820.00 0.5043
4825.00 0.5046
4830.00 0.5038
4835.00 0.5023
4840.00 0.5000
4845.00 0.4977
4850.00 0.4957
4855.00 0.4939
4860.00 0.4933
4865.00 0.4934
4870.00 0.4944
4875.00 0.4962
4880.00 0.4986
4885.00 0.5013
4890.00 0.5042
4895.00 0.5074
4900.00 0.5104
4905.00 0.5138
4910.00 0.5173
4915.00 0.5206
4920.00 0.5243
4925.00 0.5277
4930.00 0.5312
4935.00 0.5338
4940.00 0.5360
4945.00 0.5376
4950.00 0.5386
4955.00 0.5392
4960.00 0.5395
4965.00 0.5395
4970.00 0.5396
4975.00 0.5402
4980.00 0.5411
4985.00 0.5424
4990.00 0.5440
4995.00 0.5458
5000.00 0.5477
5005.00 0.5484
5010.00 0.5487
5015.00 0.5486
5020.00 0.5481
5025.00 0.5469
5030.00 0.5454
5035.00 0.5434
5040.00 0.5411
5045.00 0.5386
5050.00 0.5359
5055.00 0.5332
5060.00 0.5304
5065.00 0.5280
5070.00 0.5255
5075.00 0.5233
5080.00 0.5213
5085.00 0.5200
5090.00 0.5191
5095.00 0.5185
5100.00 0.5187
5105.00 0.5189
5110.00 0.5192
5115.00 0.5198
5120.00 0.5200
5125.00 0.5197
5130.00 0.5190
5135.00 0.5180
5140.00 0.5165
5145.00 0.5147
5150.00 0.5128
5155.00 0.5108
5160.00 0.5088
5165.00 0.5068
5170.00 0.5047
5175.00 0.5026
5180.00 0.5000
5185.00 0.4975
5190.00 0.4947
5195.00 0.4915
5200.00 0.4883
5205.00 0.4852
5210.00 0.4825
5215.00 0.4804
5220.00 0.4789
5225.00 0.4781
5230.00 0.4778
5235.00 0.4778
5240.00 0.4777
5245.00 0.4768
5250.00 0.4748
5255.00 0.4710
5260.00 0.4657
5265.00 0.4582
5270.00 0.4496
5275.00 0.4400
5280.00 0.4301
5285.00 0.4213
5290.00 0.4140
5295.00 0.4093
5300.00 0.4077
5305.00 0.4096
5310.00 0.4153
5315.00 0.4248
5320.00 0.4383
5325.00 0.4544
5330.00 0.4726
5335.00 0.4904
5340.00 0.5050
5345.00 0.5136
5350.00 0.5143
5355.00 0.5060
5360.00 0.4896
5365.00 0.4688
5370.00 0.4461
5375.00 0.4245
5380.00 0.4062
5385.00 0.3927
5390.00 0.3847
5395.00 0.3828
5400.00 0.3869
5405.00 0.3967
5410.00 0.4118
5415.00 0.4309
5420.00 0.4514
5425.00 0.4715
5430.00 0.4865
5435.00 0.4946
5440.00 0.4943
5445.00 0.4858
5450.00 0.4709
5455.00 0.4521
5460.00 0.4308
5465.00 0.4073
5470.00 0.3820
5475.00 0.3529
5480.00 0.3190
5485.00 0.2816
5490.00 0.2419
5495.00 0.2032
5500.00 0.1685
5505.00 0.1379
5510.00 0.1135
5515.00 0.0942
5520.00 0.0792
5525.00 0.0678
5530.00 0.0592
5535.00 0.0527
5540.00 0.0477
5545.00 0.0435
5550.00 0.0400
5555.00 0.0366
5560.00 0.0332
5565.00 0.0297
5570.00 0.0260
5575.00 0.0222
5580.00 0.0186
5585.00 0.0154
5590.00 0.0127
5595.00 0.0105
5600.00 0.0087
5605.00 0.0073
5610.00 0.0062
5615.00 0.0054
5620.00 0.0047
5625.00 0.0042
5630.00 0.0038
5635.00 0.0035
5640.00 0.0032
5645.00 0.0030
5650.00 0.0028
5655.00 0.0026
5660.00 0.0024
5665.00 0.0022
5670.00 0.0020
5675.00 0.0018
5680.00 0.0016
5685.00 0.0014
5690.00 0.0012
5695.00 0.0011
5700.00 0.0010
5705.00 0.0009
5710.00 0.0008
5715.00 0.0007
5720.00 0.0007
5725.00 0.0006
5730.00 0.0006
5735.00 0.0006
5740.00 0.0005
5745.00 0.0005
5750.00 0.0005
5755.00 0.0005
5760.00 0.0005
5765.00 0.0005
5770.00 0.0005
5775.00 0.0004
5780.00 0.0004
5785.00 0.0004
5790.00 0.0004
5795.00 0.0003
5800.00 0.0003
5805.00 0.0003
5810.00 0.0003
5815.00 0.0002
5820.00 0.0002
5825.00 0.0002
5830.00 0.0002
5835.00 0.0002
5840.00 0.0002
5845.00 0.0002
5850.00 0.0002
5855.00 0.0002
5860.00 0.0002
5865.00 0.0002
5870.00 0.0002
5875.00 0.0002
5880.00 0.0002
5885.00 0.0002
5890.00 0.0002
5895.00 0.0002
5900.00 0.0002
5905.00 0.0001
