3760.00 0.0010
3770.00 0.0045
3780.00 0.0101
3790.00 0.0154
3800.00 0.0209
3810.00 0.0293
3820.00 0.0432
3830.00 0.0652
3840.00 0.0935
3850.00 0.1149
3860.00 0.1552
3870.00 0.1907
3880.00 0.2134
3890.00 0.2330
3900.00 0.2415
3910.00 0.2413
3920.00 0.2372
3930.00 0.2315
3940.00 0.2260
3950.00 0.2225
3960.00 0.2223
3970.00 0.2224
3980.00 0.2252
3990.00 0.2350
4000.00 0.2485
4010.00 0.2558
4020.00 0.2533
4030.00 0.2534
4040.00 0.2623
4050.00 0.2675
4060.00 0.2698
4070.00 0.2703
4080.00 0.2702
4090.00 0.2707
4100.00 0.2727
4110.00 0.2787
4120.00 0.2949
4130.00 0.3094
4140.00 0.3155
4150.00 0.3185
4160.00 0.3204
4170.00 0.3219
4180.00 0.3231
4190.00 0.3238
4200.00 0.3261
4210.00 0.3301
4220.00 0.3344
4230.00 0.3388
4240.00 0.3428
4250.00 0.3452
4260.00 0.3472
4270.00 0.3480
4280.00 0.3488
4290.00 0.3499
4300.00 0.3511
4310.00 0.3523
4320.00 0.3534
4330.00 0.3533
4340.00 0.3518
4350.00 0.3477
4360.00 0.3421
4370.00 0.3422
4380.00 0.3481
4390.00 0.3532
4400.00 0.3570
4410.00 0.3599
4420.00 0.3637
4430.00 0.3652
4440.00 0.3621
4450.00 0.3589
4460.00 0.3599
4470.00 0.3599
4480.00 0.3508
4490.00 0.3272
4500.00 0.2732
4510.00 0.2184
4520.00 0.2381
4530.00 0.2712
4540.00 0.3004
4550.00 0.3129
4560.00 0.3038
4570.00 0.2866
4580.00 0.2941
4590.00 0.3294
4600.00 0.3734
4610.00 0.4144
4620.00 0.4317
4630.00 0.4361
4640.00 0.4389
4650.00 0.4433
4660.00 0.4505
4670.00 0.4615
4680.00 0.4737
4690.00 0.4811
4700.00 0.4781
4710.00 0.4576
4720.00 0.4224
4730.00 0.4058
4740.00 0.4143
4750.00 0.4423
4760.00 0.4722
4770.00 0.4916
4780.00 0.5049
4790.00 0.5165
4800.00 0.5247
4810.00 0.5265
4820.00 0.5201
4830.00 0.5052
4840.00 0.5010
4850.00 0.5062
4860.00 0.5151
4870.00 0.5241
4880.00 0.5289
4890.00 0.5288
4900.00 0.5287
4910.00 0.5311
4920.00 0.5391
4930.00 0.5540
4940.00 0.5622
4950.00 0.5443
4960.00 0.5250
4970.00 0.5421
4980.00 0.5670
4990.00 0.5728
5000.00 0.5406
5010.00 0.5162
5020.00 0.5310
5030.00 0.5568
5040.00 0.5702
5050.00 0.5654
5060.00 0.5410
5070.00 0.5049
5080.00 0.4870
5090.00 0.4985
5100.00 0.5223
5110.00 0.5188
5120.00 0.4990
5130.00 0.4800
5140.00 0.4934
5150.00 0.5294
5160.00 0.5357
5170.00 0.5140
5180.00 0.4807
5190.00 0.4656
5200.00 0.4854
5210.00 0.4884
5220.00 0.4196
5230.00 0.3412
5240.00 0.3061
5250.00 0.2369
5260.00 0.1942
5270.00 0.1606
5280.00 0.1250
5290.00 0.0953
5300.00 0.0740
5310.00 0.0574
5320.00 0.0443
5330.00 0.0345
5340.00 0.0270
5350.00 0.0213
5360.00 0.0168
5370.00 0.0133
5380.00 0.0108
5390.00 0.0090
5400.00 0.0078
5410.00 0.0069
5420.00 0.0063
5430.00 0.0058
5440.00 0.0052
5450.00 0.0047
5460.00 0.0043
5470.00 0.0038
5480.00 0.0034
5490.00 0.0030
5500.00 0.0026
5510.00 0.0022
5520.00 0.0019
5530.00 0.0016
5540.00 0.0013
5550.00 0.0010
5560.00 0.0008
5570.00 0.0006
5580.00 0.0004
5590.00 0.0003
5600.00 0.0002
5610.00 0.0000
