80300.00 0.0000
80400.00 0.0001
80500.00 0.0005
80600.00 0.0009
80700.00 0.0013
80800.00 0.0017
80900.00 0.0024
81000.00 0.0040
81100.00 0.0056
81200.00 0.0073
81300.00 0.0089
81400.00 0.0107
81500.00 0.0127
81600.00 0.0148
81700.00 0.0168
81800.00 0.0189
81900.00 0.0232
82000.00 0.0334
82100.00 0.0437
82200.00 0.0585
82300.00 0.0841
82400.00 0.1098
82500.00 0.1354
82600.00 0.1694
82700.00 0.2207
82800.00 0.2720
82900.00 0.3165
83000.00 0.3487
83100.00 0.3809
83200.00 0.4131
83300.00 0.4454
83400.00 0.4776
83500.00 0.5098
83600.00 0.5552
83700.00 0.6202
83800.00 0.6851
83900.00 0.7327
84000.00 0.7573
84100.00 0.7819
84200.00 0.8065
84300.00 0.8311
84400.00 0.8414
84500.00 0.8353
84600.00 0.8291
84700.00 0.8230
84800.00 0.8168
84900.00 0.8086
85000.00 0.7984
85100.00 0.7881
85200.00 0.7779
85300.00 0.7676
85400.00 0.7596
85500.00 0.7534
85600.00 0.7473
85700.00 0.7411
85800.00 0.7350
85900.00 0.7322
86000.00 0.7317
86100.00 0.7313
86200.00 0.7309
86300.00 0.7305
86400.00 0.7306
86500.00 0.7310
86600.00 0.7314
86700.00 0.7318
86800.00 0.7323
86900.00 0.7364
87000.00 0.7426
87100.00 0.7487
87200.00 0.7549
87300.00 0.7610
87400.00 0.7700
87500.00 0.7803
87600.00 0.7905
87700.00 0.8008
87800.00 0.8110
87900.00 0.8145
88000.00 0.8155
88100.00 0.8166
88200.00 0.8176
88300.00 0.8186
88400.00 0.8149
88500.00 0.8098
88600.00 0.8047
88700.00 0.7995
88800.00 0.7944
88900.00 0.7893
89000.00 0.7842
89100.00 0.7790
89200.00 0.7739
89300.00 0.7688
89400.00 0.7654
89500.00 0.7623
89600.00 0.7592
89700.00 0.7562
89800.00 0.7531
89900.00 0.7491
90000.00 0.7450
90100.00 0.7409
90200.00 0.7368
90300.00 0.7327
90400.00 0.7211
90500.00 0.7088
90600.00 0.6965
90700.00 0.6842
90800.00 0.6719
90900.00 0.6497
91000.00 0.6272
91100.00 0.6046
91200.00 0.5821
91300.00 0.5595
91400.00 0.5288
91500.00 0.4980
91600.00 0.4673
91700.00 0.4365
91800.00 0.4058
91900.00 0.3750
92000.00 0.3443
92100.00 0.3135
92200.00 0.2828
92300.00 0.2520
92400.00 0.2212
92500.00 0.1905
92600.00 0.1597
92700.00 0.1290
92800.00 0.1003
92900.00 0.0880
93000.00 0.0757
93100.00 0.0634
93200.00 0.0511
93300.00 0.0401
93400.00 0.0360
93500.00 0.0319
93600.00 0.0278
93700.00 0.0237
93800.00 0.0200
93900.00 0.0179
94000.00 0.0159
94100.00 0.0138
94200.00 0.0118
94300.00 0.0099
94400.00 0.0089
94500.00 0.0079
94600.00 0.0069
94700.00 0.0058
94800.00 0.0049
94900.00 0.0043
95000.00 0.0037
95100.00 0.0031
95200.00 0.0025
95300.00 0.0020
95400.00 0.0018
95500.00 0.0016
95600.00 0.0014
95700.00 0.0012
95800.00 0.0009
95900.00 0.0007
96000.00 0.0005
96100.00 0.0003
96200.00 0.0001
96300.00 0.0000
