11868.18 0.0002
11879.29 0.0002
11890.40 0.0003
11901.51 0.0002
11912.62 0.0002
11923.73 0.0003
11934.84 0.0004
11945.95 0.0004
11957.06 0.0004
11968.17 0.0005
11979.28 0.0006
11990.39 0.0006
12001.50 0.0007
12012.61 0.0008
12023.72 0.0009
12034.83 0.0009
12045.94 0.0010
12057.05 0.0012
12068.16 0.0013
12079.27 0.0014
12090.38 0.0016
12101.49 0.0017
12112.60 0.0020
12123.71 0.0023
12134.82 0.0027
12145.93 0.0029
12157.04 0.0032
12168.15 0.0038
12179.26 0.0042
12190.37 0.0048
12201.48 0.0054
12212.59 0.0063
12223.70 0.0072
12234.81 0.0082
12245.92 0.0093
12257.03 0.0107
12268.14 0.0125
12279.25 0.0144
12290.36 0.0168
12301.47 0.0195
12312.58 0.0227
12323.69 0.0269
12334.80 0.0310
12345.91 0.0367
12357.02 0.0430
12368.13 0.0507
12379.24 0.0600
12390.35 0.0708
12401.46 0.0847
12412.57 0.0995
12423.68 0.1176
12434.79 0.1384
12445.90 0.1643
12457.01 0.1944
12468.12 0.2267
12479.23 0.2643
12490.34 0.3035
12501.45 0.3479
12512.56 0.3904
12523.67 0.4357
12534.78 0.4810
12545.89 0.5214
12557.00 0.5593
12568.11 0.5888
12579.22 0.6165
12590.33 0.6349
12601.44 0.6519
12612.55 0.6661
12623.66 0.6729
12634.77 0.6790
12645.88 0.6826
12656.99 0.6837
12668.10 0.6844
12679.21 0.6852
12690.32 0.6880
12701.43 0.6879
12712.54 0.6868
12723.65 0.6887
12734.76 0.6883
12745.87 0.6907
12756.98 0.6947
12768.09 0.6951
12779.20 0.6945
12790.31 0.6974
12801.42 0.6988
12812.53 0.7016
12823.64 0.7030
12834.75 0.7038
12845.86 0.7050
12856.97 0.7053
12868.08 0.7061
12879.19 0.7060
12890.30 0.7063
12901.41 0.7081
12912.52 0.7099
12923.63 0.7062
12934.74 0.7050
12945.85 0.7074
12956.96 0.7082
12968.07 0.7073
12979.18 0.7081
12990.29 0.7105
13001.40 0.7072
13012.51 0.7076
13023.62 0.7087
13034.73 0.7103
13045.84 0.7122
13056.95 0.7135
13068.06 0.7138
13079.17 0.7150
13090.28 0.7154
13101.39 0.7170
13112.50 0.7185
13123.61 0.7207
13134.72 0.7226
13145.83 0.7214
13156.94 0.7229
13168.05 0.7237
13179.16 0.7254
13190.27 0.7271
13201.38 0.7272
13212.49 0.7275
13223.60 0.7278
13234.71 0.7283
13245.82 0.7297
13256.93 0.7310
13268.04 0.7292
13279.15 0.7298
13290.26 0.7319
13301.37 0.7309
13312.48 0.7315
13323.59 0.7321
13334.70 0.7329
13345.81 0.7343
13356.92 0.7356
13368.03 0.7362
13379.14 0.7369
13390.25 0.7385
13401.36 0.7399
13412.47 0.7430
13423.58 0.7446
13434.69 0.7455
13445.80 0.7464
13456.91 0.7474
13468.02 0.7493
13479.13 0.7539
13490.24 0.7533
13501.35 0.7545
13512.46 0.7571
13523.57 0.7572
13534.68 0.7572
13545.79 0.7601
13556.90 0.7607
13568.01 0.7608
13579.12 0.7626
13590.23 0.7601
13601.34 0.7584
13612.45 0.7610
13623.56 0.7616
13634.67 0.7595
13645.78 0.7585
13656.89 0.7578
13668.00 0.7577
13679.11 0.7551
13690.22 0.7578
13701.33 0.7601
13712.44 0.7556
13723.55 0.7547
13734.66 0.7554
13745.77 0.7562
13756.88 0.7555
13767.99 0.7586
13779.10 0.7586
13790.21 0.7562
13801.32 0.7574
13812.43 0.7603
13823.54 0.7608
13834.65 0.7649
13845.76 0.7679
13856.87 0.7669
13867.98 0.7679
13879.09 0.7717
13890.20 0.7729
13901.31 0.7729
13912.42 0.7754
13923.53 0.7808
13934.64 0.7811
13945.75 0.7792
13956.86 0.7813
13967.97 0.7829
13979.08 0.7858
13990.19 0.7906
14001.30 0.7863
14012.41 0.7844
14023.52 0.7865
14034.63 0.7885
14045.74 0.7873
14056.85 0.7870
14067.96 0.7881
14079.07 0.7865
14090.18 0.7824
14101.29 0.7820
14112.40 0.7836
14123.51 0.7812
14134.62 0.7795
14145.73 0.7818
14156.84 0.7797
14167.95 0.7754
14179.06 0.7740
14190.17 0.7769
14201.28 0.7755
14212.39 0.7751
14223.50 0.7750
14234.61 0.7740
14245.72 0.7742
14256.83 0.7753
14267.94 0.7747
14279.05 0.7753
14290.16 0.7786
14301.27 0.7780
14312.38 0.7772
14323.49 0.7795
14334.60 0.7828
14345.71 0.7840
14356.82 0.7864
14367.93 0.7869
14379.04 0.7879
14390.15 0.7910
14401.26 0.7922
14412.37 0.7974
14423.48 0.7981
14434.59 0.7989
14445.70 0.8018
14456.81 0.8034
14467.92 0.8039
14479.03 0.8071
14490.14 0.8112
14501.25 0.8133
14512.36 0.8116
14523.47 0.8121
14534.58 0.8149
14545.69 0.8195
14556.80 0.8202
14567.91 0.8160
14579.02 0.8186
14590.13 0.8243
14601.24 0.8227
14612.35 0.8215
14623.46 0.8227
14634.57 0.8261
14645.68 0.8259
14656.79 0.8249
14667.90 0.8259
14679.01 0.8281
14690.12 0.8273
14701.23 0.8280
14712.34 0.8308
14723.45 0.8297
14734.56 0.8281
14745.67 0.8295
14756.78 0.8304
14767.89 0.8338
14779.00 0.8363
14790.11 0.8336
14801.22 0.8310
14812.33 0.8347
14823.44 0.8367
14834.55 0.8368
14845.66 0.8392
14856.77 0.8408
14867.88 0.8386
14878.99 0.8387
14890.10 0.8432
14901.21 0.8431
14912.32 0.8417
14923.43 0.8478
14934.54 0.8457
14945.65 0.8448
14956.76 0.8465
14967.87 0.8466
14978.98 0.8487
14990.09 0.8510
15001.20 0.8517
15012.31 0.8510
15023.42 0.8501
15034.53 0.8498
15045.64 0.8534
15056.75 0.8534
15067.86 0.8536
15078.97 0.8573
15090.08 0.8525
15101.19 0.8508
15112.30 0.8564
15123.41 0.8563
15134.52 0.8555
15145.63 0.8565
15156.74 0.8554
15167.85 0.8551
15178.96 0.8559
15190.07 0.8583
15201.18 0.8564
15212.29 0.8583
15223.40 0.8581
15234.51 0.8581
15245.62 0.8551
15256.73 0.8545
15267.84 0.8608
15278.95 0.8609
15290.06 0.8564
15301.17 0.8582
15312.28 0.8586
15323.39 0.8590
15334.50 0.8589
15345.61 0.8587
15356.72 0.8626
15367.83 0.8590
15378.94 0.8580
15390.05 0.8611
15401.16 0.8586
15412.27 0.8617
15423.38 0.8629
15434.49 0.8596
15445.60 0.8606
15456.71 0.8623
15467.82 0.8612
15478.93 0.8620
15490.04 0.8637
15501.15 0.8636
15512.26 0.8604
15523.37 0.8630
15534.48 0.8641
15545.59 0.8643
15556.70 0.8652
15567.81 0.8665
15578.92 0.8667
15590.03 0.8642
15601.14 0.8653
15612.25 0.8672
15623.36 0.8683
15634.47 0.8699
15645.58 0.8696
15656.69 0.8688
15667.80 0.8702
15678.91 0.8708
15690.02 0.8712
15701.13 0.8728
15712.24 0.8747
15723.35 0.8749
15734.46 0.8734
15745.57 0.8750
15756.68 0.8779
15767.79 0.8743
15778.90 0.8778
15790.01 0.8817
15801.12 0.8774
15812.23 0.8774
15823.34 0.8818
15834.45 0.8813
15845.56 0.8791
15856.67 0.8834
15867.78 0.8838
15878.89 0.8841
15890.00 0.8839
15901.11 0.8803
15912.22 0.8851
15923.33 0.8864
15934.44 0.8876
15945.55 0.8870
15956.66 0.8827
15967.77 0.8872
15978.88 0.8890
15989.99 0.8849
16001.10 0.8883
16012.21 0.8887
16023.32 0.8895
16034.43 0.8877
16045.54 0.8882
16056.65 0.8900
16067.76 0.8904
16078.87 0.8917
16089.98 0.8925
16101.09 0.8884
16112.20 0.8877
16123.31 0.8933
16134.42 0.8951
16145.53 0.8912
16156.64 0.8931
16167.75 0.8934
16178.86 0.8927
16189.97 0.8966
16201.08 0.8943
16212.19 0.8938
16223.30 0.8965
16234.41 0.8970
16245.52 0.8942
16256.63 0.8952
16267.74 0.8959
16278.85 0.8977
16289.96 0.8996
16301.07 0.8983
16312.18 0.8981
16323.29 0.8969
16334.40 0.8973
16345.51 0.8998
16356.62 0.9003
16367.73 0.8988
16378.84 0.9013
16389.95 0.8999
16401.06 0.8954
16412.17 0.8998
16423.28 0.9030
16434.39 0.9023
16445.50 0.8996
16456.61 0.8974
16467.72 0.8985
16478.83 0.9010
16489.94 0.9014
16501.05 0.8991
16512.16 0.8998
16523.27 0.8990
16534.38 0.9012
16545.49 0.8988
16556.60 0.8977
16567.71 0.9027
16578.82 0.8999
16589.93 0.8967
16601.04 0.9025
16612.15 0.9011
16623.26 0.8971
16634.37 0.8981
16645.48 0.9017
16656.59 0.9035
16667.70 0.8985
16678.81 0.8983
16689.92 0.9004
16701.03 0.8992
16712.14 0.9026
16723.25 0.9046
16734.36 0.9013
16745.47 0.8996
16756.58 0.9007
16767.69 0.9019
16778.80 0.9044
16789.91 0.9055
16801.02 0.9034
16812.13 0.9020
16823.24 0.9057
16834.35 0.9061
16845.46 0.9053
16856.57 0.9060
16867.68 0.9079
16878.79 0.9080
16889.90 0.9058
16901.01 0.9089
16912.12 0.9087
16923.23 0.9099
16934.34 0.9101
16945.45 0.9125
16956.56 0.9098
16967.67 0.9089
16978.78 0.9141
16989.89 0.9151
17001.00 0.9103
17012.11 0.9128
17023.22 0.9153
17034.33 0.9120
17045.44 0.9134
17056.55 0.9132
17067.66 0.9141
17078.77 0.9157
17089.88 0.9169
17100.99 0.9146
17112.10 0.9131
17123.21 0.9146
17134.32 0.9159
17145.43 0.9161
17156.54 0.9162
17167.65 0.9165
17178.76 0.9160
17189.87 0.9113
17200.98 0.9150
17212.09 0.9182
17223.20 0.9164
17234.31 0.9176
17245.42 0.9162
17256.53 0.9138
17267.64 0.9149
17278.75 0.9167
17289.86 0.9179
17300.97 0.9165
17312.08 0.9153
17323.19 0.9164
17334.30 0.9145
17345.41 0.9176
17356.52 0.9198
17367.63 0.9160
17378.74 0.9165
17389.85 0.9177
17400.96 0.9187
17412.07 0.9175
17423.18 0.9160
17434.29 0.9198
17445.40 0.9193
17456.51 0.9165
17467.62 0.9192
17478.73 0.9186
17489.84 0.9197
17500.95 0.9195
17512.06 0.9209
17523.17 0.9192
17534.28 0.9188
17545.39 0.9198
17556.50 0.9173
17567.61 0.9210
17578.72 0.9239
17589.83 0.9208
17600.94 0.9185
17612.05 0.9203
17623.16 0.9194
17634.27 0.9204
17645.38 0.9211
17656.49 0.9231
17667.60 0.9192
17678.71 0.9165
17689.82 0.9224
17700.93 0.9203
17712.04 0.9173
17723.15 0.9204
17734.26 0.9233
17745.37 0.9178
17756.48 0.9163
17767.59 0.9186
17778.70 0.9199
17789.81 0.9191
17800.92 0.9180
17812.03 0.9178
17823.14 0.9172
17834.25 0.9191
17845.36 0.9180
17856.47 0.9163
17867.58 0.9208
17878.69 0.9189
17889.80 0.9168
17900.91 0.9154
17912.02 0.9178
17923.13 0.9200
17934.24 0.9160
17945.35 0.9189
17956.46 0.9198
17967.57 0.9153
17978.68 0.9162
17989.79 0.9177
18000.90 0.9191
18012.01 0.9189
18023.12 0.9188
18034.23 0.9187
18045.34 0.9164
18056.45 0.9202
18067.56 0.9200
18078.67 0.9189
18089.78 0.9225
18100.89 0.9230
18112.00 0.9194
18123.11 0.9197
18134.22 0.9248
18145.33 0.9230
18156.44 0.9197
18167.55 0.9233
18178.66 0.9240
18189.77 0.9232
18200.88 0.9238
18211.99 0.9249
18223.10 0.9241
18234.21 0.9229
18245.32 0.9259
18256.43 0.9255
18267.54 0.9231
18278.65 0.9246
18289.76 0.9260
18300.87 0.9254
18311.98 0.9237
18323.09 0.9257
18334.20 0.9235
18345.31 0.9226
18356.42 0.9265
18367.53 0.9265
18378.64 0.9262
18389.75 0.9229
18400.86 0.9230
18411.97 0.9225
18423.08 0.9231
18434.19 0.9265
18445.30 0.9245
18456.41 0.9215
18467.52 0.9224
18478.63 0.9201
18489.74 0.9196
18500.85 0.9243
18511.96 0.9231
18523.07 0.9217
18534.18 0.9201
18545.29 0.9204
18556.40 0.9205
18567.51 0.9204
18578.62 0.9203
18589.73 0.9196
18600.84 0.9195
18611.95 0.9187
18623.06 0.9192
18634.17 0.9211
18645.28 0.9192
18656.39 0.9218
18667.50 0.9171
18678.61 0.9181
18689.72 0.9211
18700.83 0.9185
18711.94 0.9201
18723.05 0.9193
18734.16 0.9213
18745.27 0.9233
18756.38 0.9202
18767.49 0.9191
18778.60 0.9217
18789.71 0.9213
18800.82 0.9232
18811.93 0.9242
18823.04 0.9230
18834.15 0.9204
18845.26 0.9219
18856.37 0.9235
18867.48 0.9250
18878.59 0.9252
18889.70 0.9258
18900.81 0.9201
18911.92 0.9227
18923.03 0.9256
18934.14 0.9243
18945.25 0.9269
18956.36 0.9264
18967.47 0.9239
18978.58 0.9229
18989.69 0.9260
19000.80 0.9268
19011.91 0.9261
19023.02 0.9239
19034.13 0.9250
19045.24 0.9263
19056.35 0.9240
19067.46 0.9226
19078.57 0.9249
19089.68 0.9268
19100.79 0.9236
19111.90 0.9241
19123.01 0.9215
19134.12 0.9223
19145.23 0.9251
19156.34 0.9233
19167.45 0.9205
19178.56 0.9216
19189.67 0.9209
19200.78 0.9186
19211.89 0.9194
19223.00 0.9199
19234.11 0.9210
19245.22 0.9199
19256.33 0.9170
19267.44 0.9146
19278.55 0.9171
19289.66 0.9194
19300.77 0.9174
19311.88 0.9129
19322.99 0.9170
19334.10 0.9159
19345.21 0.9125
19356.32 0.9137
19367.43 0.9159
19378.54 0.9156
19389.65 0.9120
19400.76 0.9116
19411.87 0.9129
19422.98 0.9134
19434.09 0.9128
19445.20 0.9120
19456.31 0.9120
19467.42 0.9119
19478.53 0.9127
19489.64 0.9112
19500.75 0.9105
19511.86 0.9130
19522.97 0.9135
19534.08 0.9107
19545.19 0.9117
19556.30 0.9124
19567.41 0.9108
19578.52 0.9111
19589.63 0.9159
19600.74 0.9143
19611.85 0.9097
19622.96 0.9103
19634.07 0.9144
19645.18 0.9145
19656.29 0.9142
19667.40 0.9144
19678.51 0.9131
19689.62 0.9114
19700.73 0.9131
19711.84 0.9140
19722.95 0.9147
19734.06 0.9154
19745.17 0.9133
19756.28 0.9121
19767.39 0.9133
19778.50 0.9144
19789.61 0.9150
19800.72 0.9129
19811.83 0.9134
19822.94 0.9140
19834.05 0.9124
19845.16 0.9142
19856.27 0.9117
19867.38 0.9115
19878.49 0.9140
19889.60 0.9151
19900.71 0.9101
19911.82 0.9076
19922.93 0.9127
19934.04 0.9117
19945.15 0.9087
19956.26 0.9098
19967.37 0.9125
19978.48 0.9061
19989.59 0.9115
20000.70 0.9074
20011.81 0.9057
20022.92 0.9075
20034.03 0.9068
20045.14 0.9041
20056.25 0.9042
20067.36 0.9047
20078.47 0.9061
20089.58 0.9066
20100.69 0.9000
20111.80 0.9009
20122.91 0.9036
20134.02 0.9034
20145.13 0.9020
20156.24 0.9020
20167.35 0.9021
20178.46 0.9015
20189.57 0.8986
20200.68 0.9018
20211.79 0.9040
20222.90 0.9008
20234.01 0.8997
20245.12 0.8996
20256.23 0.8991
20267.34 0.8997
20278.45 0.9032
20289.56 0.9012
20300.67 0.8995
20311.78 0.8986
20322.89 0.8995
20334.00 0.9009
20345.11 0.9024
20356.22 0.9029
20367.33 0.9014
20378.44 0.9011
20389.55 0.9013
20400.66 0.9009
20411.77 0.9019
20422.88 0.9046
20433.99 0.9041
20445.10 0.9026
20456.21 0.9036
20467.32 0.9028
20478.43 0.9028
20489.54 0.9053
20500.65 0.9049
20511.76 0.9036
20522.87 0.9053
20533.98 0.9045
20545.09 0.9047
20556.20 0.9034
20567.31 0.9052
20578.42 0.9080
20589.53 0.9050
20600.64 0.9023
20611.75 0.9052
20622.86 0.9057
20633.97 0.9064
20645.08 0.9057
20656.19 0.9042
20667.30 0.9034
20678.41 0.9040
20689.52 0.9055
20700.63 0.9035
20711.74 0.9019
20722.85 0.9036
20733.96 0.9032
20745.07 0.8994
20756.18 0.9014
20767.29 0.9026
20778.40 0.9003
20789.51 0.8996
20800.62 0.8997
20811.73 0.8973
20822.84 0.8979
20833.95 0.8979
20845.06 0.8956
20856.17 0.8957
20867.28 0.8972
20878.39 0.8960
20889.50 0.8918
20900.61 0.8939
20911.72 0.8924
20922.83 0.8915
20933.94 0.8929
20945.05 0.8950
20956.16 0.8911
20967.27 0.8871
20978.38 0.8869
20989.49 0.8914
21000.60 0.8901
21011.71 0.8893
21022.82 0.8885
21033.93 0.8838
21045.04 0.8852
21056.15 0.8891
21067.26 0.8881
21078.37 0.8852
21089.48 0.8869
21100.59 0.8846
21111.70 0.8842
21122.81 0.8875
21133.92 0.8860
21145.03 0.8848
21156.14 0.8855
21167.25 0.8861
21178.36 0.8844
21189.47 0.8857
21200.58 0.8862
21211.69 0.8848
21222.80 0.8864
21233.91 0.8879
21245.02 0.8855
21256.13 0.8850
21267.24 0.8849
21278.35 0.8884
21289.46 0.8882
21300.57 0.8854
21311.68 0.8875
21322.79 0.8865
21333.90 0.8861
21345.01 0.8893
21356.12 0.8905
21367.23 0.8873
21378.34 0.8874
21389.45 0.8880
21400.56 0.8878
21411.67 0.8888
21422.78 0.8891
21433.89 0.8895
21445.00 0.8901
21456.11 0.8890
21467.22 0.8864
21478.33 0.8867
21489.44 0.8907
21500.55 0.8918
21511.66 0.8880
21522.77 0.8857
21533.88 0.8871
21544.99 0.8877
21556.10 0.8874
21567.21 0.8899
21578.32 0.8873
21589.43 0.8856
21600.54 0.8839
21611.65 0.8849
21622.76 0.8853
21633.87 0.8841
21644.98 0.8843
21656.09 0.8832
21667.20 0.8819
21678.31 0.8821
21689.42 0.8817
21700.53 0.8800
21711.64 0.8798
21722.75 0.8804
21733.86 0.8798
21744.97 0.8775
21756.08 0.8766
21767.19 0.8755
21778.30 0.8773
21789.41 0.8773
21800.52 0.8748
21811.63 0.8720
21822.74 0.8716
21833.85 0.8730
21844.96 0.8725
21856.07 0.8732
21867.18 0.8706
21878.29 0.8699
21889.40 0.8702
21900.51 0.8672
21911.62 0.8687
21922.73 0.8701
21933.84 0.8673
21944.95 0.8688
21956.06 0.8671
21967.17 0.8662
21978.28 0.8648
21989.39 0.8673
22000.50 0.8698
22011.61 0.8656
22022.72 0.8644
22033.83 0.8655
22044.94 0.8665
22056.05 0.8671
22067.16 0.8648
22078.27 0.8648
22089.38 0.8671
22100.49 0.8678
22111.60 0.8661
22122.71 0.8646
22133.82 0.8667
22144.93 0.8691
22156.04 0.8691
22167.15 0.8687
22178.26 0.8646
22189.37 0.8667
22200.48 0.8684
22211.59 0.8716
22222.70 0.8703
22233.81 0.8674
22244.92 0.8698
22256.03 0.8697
22267.14 0.8684
22278.25 0.8720
22289.36 0.8724
22300.47 0.8722
22311.58 0.8718
22322.69 0.8695
22333.80 0.8696
22344.91 0.8720
22356.02 0.8753
22367.13 0.8731
22378.24 0.8695
22389.35 0.8700
22400.46 0.8734
22411.57 0.8745
22422.68 0.8694
22433.79 0.8711
22444.90 0.8736
22456.01 0.8700
22467.12 0.8704
22478.23 0.8684
22489.34 0.8696
22500.45 0.8723
22511.56 0.8691
22522.67 0.8673
22533.78 0.8680
22544.89 0.8679
22556.00 0.8650
22567.11 0.8657
22578.22 0.8676
22589.33 0.8668
22600.44 0.8621
22611.55 0.8604
22622.66 0.8622
22633.77 0.8624
22644.88 0.8617
22655.99 0.8607
22667.10 0.8593
22678.21 0.8565
22689.32 0.8547
22700.43 0.8584
22711.54 0.8563
22722.65 0.8537
22733.76 0.8557
22744.87 0.8516
22755.98 0.8504
22767.09 0.8528
22778.20 0.8520
22789.31 0.8497
22800.42 0.8521
22811.53 0.8513
22822.64 0.8452
22833.75 0.8467
22844.86 0.8515
22855.97 0.8498
22867.08 0.8480
22878.19 0.8494
22889.30 0.8452
22900.41 0.8475
22911.52 0.8461
22922.63 0.8474
22933.74 0.8480
22944.85 0.8469
22955.96 0.8494
22967.07 0.8478
22978.18 0.8440
22989.29 0.8469
23000.40 0.8499
23011.51 0.8485
23022.62 0.8493
23033.73 0.8483
23044.84 0.8464
23055.95 0.8488
23067.06 0.8523
23078.17 0.8514
23089.28 0.8492
23100.39 0.8519
23111.50 0.8528
23122.61 0.8507
23133.72 0.8502
23144.83 0.8535
23155.94 0.8551
23167.05 0.8535
23178.16 0.8533
23189.27 0.8529
23200.38 0.8511
23211.49 0.8562
23222.60 0.8579
23233.71 0.8549
23244.82 0.8533
23255.93 0.8534
23267.04 0.8550
23278.15 0.8557
23289.26 0.8550
23300.37 0.8545
23311.48 0.8527
23322.59 0.8541
23333.70 0.8543
23344.81 0.8518
23355.92 0.8519
23367.03 0.8539
23378.14 0.8516
23389.25 0.8508
23400.36 0.8487
23411.47 0.8463
23422.58 0.8488
23433.69 0.8504
23444.80 0.8469
23455.91 0.8443
23467.02 0.8438
23478.13 0.8409
23489.24 0.8428
23500.35 0.8417
23511.46 0.8398
23522.57 0.8403
23533.68 0.8362
23544.79 0.8350
23555.90 0.8335
23567.01 0.8340
23578.12 0.8351
23589.23 0.8303
23600.34 0.8305
23611.45 0.8281
23622.56 0.8269
23633.67 0.8274
23644.78 0.8275
23655.89 0.8272
23667.00 0.8241
23678.11 0.8226
23689.22 0.8237
23700.33 0.8234
23711.44 0.8231
23722.55 0.8202
23733.66 0.8229
23744.77 0.8226
23755.88 0.8212
23766.99 0.8193
23778.10 0.8207
23789.21 0.8233
23800.32 0.8222
23811.43 0.8205
23822.54 0.8209
23833.65 0.8224
23844.76 0.8245
23855.87 0.8240
23866.98 0.8231
23878.09 0.8261
23889.20 0.8278
23900.31 0.8271
23911.42 0.8248
23922.53 0.8283
23933.64 0.8323
23944.75 0.8317
23955.86 0.8322
23966.97 0.8323
23978.08 0.8317
23989.19 0.8330
24000.30 0.8379
24011.41 0.8383
24022.52 0.8365
24033.63 0.8376
24044.74 0.8368
24055.85 0.8398
24066.96 0.8400
24078.07 0.8391
24089.18 0.8394
24100.29 0.8373
24111.40 0.8419
24122.51 0.8380
24133.62 0.8362
24144.73 0.8408
24155.84 0.8382
24166.95 0.8361
24178.06 0.8339
24189.17 0.8338
24200.28 0.8305
24211.39 0.8306
24222.50 0.8278
24233.61 0.8277
24244.72 0.8251
24255.83 0.8219
24266.94 0.8186
24278.05 0.8148
24289.16 0.8138
24300.27 0.8153
24311.38 0.8095
24322.49 0.8032
24333.60 0.8032
24344.71 0.8021
24355.82 0.7974
24366.93 0.7954
24378.04 0.7947
24389.15 0.7907
24400.26 0.7879
24411.37 0.7878
24422.48 0.7858
24433.59 0.7830
24444.70 0.7834
24455.81 0.7819
24466.92 0.7803
24478.03 0.7797
24489.14 0.7813
24500.25 0.7810
24511.36 0.7808
24522.47 0.7849
24533.58 0.7839
24544.69 0.7833
24555.80 0.7876
24566.91 0.7917
24578.02 0.7928
24589.13 0.7960
24600.24 0.7999
24611.35 0.8015
24622.46 0.8043
24633.57 0.8089
24644.68 0.8106
24655.79 0.8136
24666.90 0.8163
24678.01 0.8170
24689.12 0.8140
24700.23 0.8132
24711.34 0.8153
24722.45 0.8080
24733.56 0.7999
24744.67 0.7936
24755.78 0.7824
24766.89 0.7667
24778.00 0.7512
24789.11 0.7352
24800.22 0.7138
24811.33 0.6895
24822.44 0.6657
24833.55 0.6359
24844.66 0.6063
24855.77 0.5775
24866.88 0.5465
24877.99 0.5138
24889.10 0.4809
24900.21 0.4501
24911.32 0.4166
24922.43 0.3878
24933.54 0.3578
24944.65 0.3297
24955.76 0.3043
24966.87 0.2788
24977.98 0.2553
24989.09 0.2335
25000.20 0.2148
25011.31 0.1956
25022.42 0.1778
25033.53 0.1628
25044.64 0.1481
25055.75 0.1350
25066.86 0.1230
25077.97 0.1125
25089.08 0.1025
25100.19 0.0935
25111.30 0.0855
25122.41 0.0778
25133.52 0.0714
25144.63 0.0654
25155.74 0.0599
25166.85 0.0547
25177.96 0.0500
25189.07 0.0460
25200.18 0.0423
25211.29 0.0391
25222.40 0.0360
25233.51 0.0336
25244.62 0.0310
25255.73 0.0286
25266.84 0.0268
25277.95 0.0248
25289.06 0.0229
25300.17 0.0212
25311.28 0.0197
25322.39 0.0182
25333.50 0.0170
25344.61 0.0157
25355.72 0.0146
25366.83 0.0137
25377.94 0.0128
25389.05 0.0119
25400.16 0.0112
25411.27 0.0104
25422.38 0.0098
25433.49 0.0092
25444.60 0.0086
25455.71 0.0080
25466.82 0.0075
25477.93 0.0070
25489.04 0.0066
25500.15 0.0062
25511.26 0.0059
25522.37 0.0055
25533.48 0.0053
25544.59 0.0049
25555.70 0.0047
25566.81 0.0045
25577.92 0.0043
25589.03 0.0041
25600.14 0.0039
25611.25 0.0036
25622.36 0.0034
25633.47 0.0032
25644.58 0.0031
25655.69 0.0029
25666.80 0.0028
25677.91 0.0027
25689.02 0.0024
25700.13 0.0023
25711.24 0.0022
25722.35 0.0021
25733.46 0.0019
25744.57 0.0018
25755.68 0.0018
25766.79 0.0017
25777.90 0.0017
25789.01 0.0016
25800.12 0.0014
25811.23 0.0014
25822.34 0.0013
25833.45 0.0014
25844.56 0.0013
25855.67 0.0011
25866.78 0.0013
25877.89 0.0010
25889.00 0.0010
25900.11 0.0010
25911.22 0.0009
25922.33 0.0009
25933.44 0.0008
25944.55 0.0009
25955.66 0.0009
25966.77 0.0007
25977.88 0.0007
25988.99 0.0006
26000.10 0.0007
26011.21 0.0006
26022.32 0.0006
26033.43 0.0005
26044.54 0.0005
26055.65 0.0006
26066.76 0.0005
26077.87 0.0005
26088.98 0.0005
26100.09 0.0004
26111.20 0.0005
26122.31 0.0004
26133.42 0.0004
26144.53 0.0004
26155.64 0.0004
26166.75 0.0003
