9624.800000 0.004580
9625.600000 0.003179
9626.400000 0.002898
9627.200000 0.000098
9628.000000 0.001775
9628.800000 0.001774
9629.600000 0.001772
9630.400000 0.002330
9631.200000 0.002328
9632.000000 0.002886
9632.800000 0.002884
9633.600000 0.002882
9634.400000 0.002881
9635.200000 0.002879
9636.000000 0.003157
9636.800000 0.003155
9637.600000 0.003154
9638.400000 0.003432
9639.200000 0.003430
9640.000000 0.003428
9640.800000 0.003706
9641.600000 0.003705
9642.400000 0.003983
9643.200000 0.003981
9644.000000 0.003979
9644.800000 0.003978
9645.600000 0.003976
9646.400000 0.003974
9647.200000 0.004252
9648.000000 0.004530
9648.800000 0.004528
9649.600000 0.004807
9650.400000 0.004805
9651.200000 0.005363
9652.000000 0.005081
9652.900000 0.005079
9653.600000 0.005078
9654.500000 0.005076
9655.200000 0.005074
9656.100000 0.005073
9656.900000 0.005351
9657.700000 0.005629
9658.500000 0.005627
9659.300000 0.005625
9660.100000 0.005903
9660.900000 0.006181
9661.700000 0.006180
9662.500000 0.006178
9663.300000 0.006176
9664.100000 0.006175
9664.900000 0.006173
9665.700000 0.006171
9666.500000 0.006170
9667.300000 0.006168
9668.100000 0.006166
9668.900000 0.006164
9669.700000 0.006163
9670.500000 0.006161
9671.300000 0.006159
9672.100000 0.006437
9672.900000 0.006436
9673.700000 0.006714
9674.500000 0.006712
9675.300000 0.006710
9676.100000 0.006988
9676.900000 0.006987
9677.700000 0.006985
9678.500000 0.006983
9679.300000 0.007261
9680.100000 0.007260
9680.900000 0.007258
9681.700000 0.007256
9682.500000 0.007254
9683.300000 0.007253
9684.100000 0.007251
9684.900000 0.007249
9685.700000 0.007248
9686.500000 0.007246
9687.300000 0.007244
9688.100000 0.007242
9688.900000 0.007521
9689.700000 0.007519
9690.500000 0.007797
9691.300000 0.007795
9692.100000 0.008073
9692.900000 0.008072
9693.700000 0.008350
9694.500000 0.008348
9695.300000 0.008346
9696.100000 0.008344
9696.900000 0.008623
9697.700000 0.009738
9698.500000 0.010020
9699.300000 0.010010
9700.100000 0.010290
9700.900000 0.010570
9701.700000 0.010850
9702.500000 0.011130
9703.300000 0.011400
9704.100000 0.011960
9704.900000 0.012240
9705.700000 0.012240
9706.500000 0.012520
9707.300000 0.012790
9708.100000 0.013350
9708.900000 0.013910
9709.700000 0.013910
9710.500000 0.014470
9711.300000 0.015020
9712.100000 0.015580
9712.900000 0.016140
9713.700000 0.016700
9714.500000 0.017260
9715.300000 0.017250
9716.100000 0.017250
9716.900000 0.018370
9717.800000 0.018930
9718.600000 0.018930
9719.400000 0.018920
9720.100000 0.020040
9721.000000 0.021160
9721.800000 0.021160
9722.500000 0.021160
9723.400000 0.021710
9724.200000 0.022550
9725.000000 0.022830
9725.800000 0.023110
9726.600000 0.023940
9727.400000 0.024780
9728.200000 0.025340
9729.000000 0.025340
9729.800000 0.025620
9730.600000 0.025890
9731.400000 0.026170
9732.200000 0.026170
9733.000000 0.026730
9733.800000 0.027290
9734.600000 0.027560
9735.400000 0.027560
9736.200000 0.028120
9737.000000 0.028400
9737.800000 0.028400
9738.600000 0.028950
9739.400000 0.029790
9740.200000 0.030070
9741.000000 0.030070
9741.800000 0.030070
9742.600000 0.030340
9743.400000 0.030620
9744.200000 0.030620
9745.000000 0.030620
9745.800000 0.031460
9746.600000 0.032010
9747.400000 0.032290
9748.200000 0.032290
9749.000000 0.033130
9749.800000 0.034250
9750.600000 0.034240
9751.400000 0.034520
9752.200000 0.034800
9753.000000 0.035080
9753.800000 0.035080
9754.600000 0.035350
9755.400000 0.036190
9756.200000 0.036750
9757.000000 0.036750
9757.800000 0.036750
9758.600000 0.037020
9759.400000 0.037300
9760.200000 0.038700
9761.000000 0.038980
9761.800000 0.040090
9762.600000 0.041210
9763.400000 0.041490
9764.200000 0.042050
9765.000000 0.043170
9765.800000 0.043720
9766.600000 0.044560
9767.400000 0.044840
9768.200000 0.046240
9769.000000 0.046790
9769.800000 0.047350
9770.600000 0.047910
9771.400000 0.049310
9772.200000 0.050140
9773.000000 0.051260
9773.800000 0.051820
9774.600000 0.053780
9775.400000 0.055450
9776.200000 0.056290
9777.000000 0.057410
9777.800000 0.058520
9778.600000 0.060480
9779.400000 0.061320
9780.200000 0.062440
9781.000000 0.064950
9781.800000 0.067470
9782.600000 0.069140
9783.400000 0.070540
9784.200000 0.072500
9785.000000 0.074730
9785.900000 0.075850
9786.600000 0.076410
9787.400000 0.078930
9788.200000 0.080880
9789.100000 0.081720
9789.900000 0.083400
9790.600000 0.086190
9791.500000 0.088430
9792.300000 0.089550
9793.100000 0.090660
9793.900000 0.093180
9794.700000 0.095140
9795.500000 0.096530
9796.300000 0.097930
9797.100000 0.100700
9797.900000 0.103800
9798.700000 0.104600
9799.500000 0.106600
9800.300000 0.110500
9801.100000 0.111100
9801.900000 0.112500
9802.700000 0.113300
9803.500000 0.115500
9804.300000 0.118100
9805.100000 0.119200
9805.900000 0.120300
9806.700000 0.122500
9807.500000 0.124800
9808.300000 0.126200
9809.100000 0.127600
9809.900000 0.130100
9810.700000 0.132600
9811.500000 0.134000
9812.300000 0.135100
9813.100000 0.136200
9813.900000 0.137300
9814.700000 0.139300
9815.500000 0.140100
9816.300000 0.144000
9817.100000 0.147400
9817.900000 0.149600
9818.700000 0.151900
9819.500000 0.153800
9820.300000 0.156600
9821.100000 0.156900
9821.900000 0.158000
9822.700000 0.161100
9823.500000 0.163300
9824.300000 0.165000
9825.100000 0.167000
9825.900000 0.169500
9826.700000 0.172000
9827.500000 0.174500
9828.300000 0.175900
9829.100000 0.181200
9829.900000 0.185700
9830.700000 0.188500
9831.500000 0.191300
9832.300000 0.200000
9833.100000 0.192100
9833.900000 0.200000
9834.700000 0.201900
9835.500000 0.204200
9836.300000 0.208300
9837.100000 0.211400
9837.900000 0.214500
9838.700000 0.216700
9839.500000 0.227100
9840.300000 0.217900
9841.100000 0.228200
9841.900000 0.231000
9842.700000 0.234900
9843.500000 0.239100
9844.300000 0.244700
9845.100000 0.249200
9845.900000 0.251100
9846.700000 0.265400
9847.500000 0.251100
9848.300000 0.266800
9849.100000 0.269900
9849.900000 0.274100
9850.700000 0.278300
9851.500000 0.284100
9852.400000 0.289400
9853.100000 0.292500
9854.000000 0.315200
9854.800000 0.295000
9855.500000 0.315200
9856.400000 0.301500
9857.100000 0.321100
9858.000000 0.327800
9858.800000 0.344300
9859.600000 0.327800
9860.400000 0.344800
9861.200000 0.348200
9862.000000 0.351500
9862.800000 0.358800
9863.600000 0.364700
9864.400000 0.370000
9865.200000 0.376100
9866.000000 0.377300
9866.800000 0.391000
9867.600000 0.395200
9868.400000 0.401300
9869.200000 0.418400
9870.000000 0.402400
9870.800000 0.422000
9871.600000 0.422000
9872.400000 0.426800
9873.200000 0.426800
9874.000000 0.433800
9874.800000 0.433800
9875.600000 0.450300
9876.400000 0.433200
9877.200000 0.452200
9878.000000 0.455600
9878.800000 0.460600
9879.600000 0.474000
9880.400000 0.461200
9881.200000 0.474600
9882.000000 0.479400
9882.800000 0.484900
9883.600000 0.492500
9884.400000 0.500000
9885.200000 0.502300
9886.000000 0.507000
9886.800000 0.508200
9887.600000 0.520700
9888.400000 0.524700
9889.200000 0.529400
9890.000000 0.537200
9890.800000 0.545100
9891.600000 0.548100
9892.400000 0.551800
9893.200000 0.557100
9894.000000 0.564400
9894.800000 0.568000
9895.600000 0.570200
9896.400000 0.580900
9897.200000 0.589300
9898.000000 0.591500
9898.800000 0.597100
9899.600000 0.601000
9900.400000 0.606900
9901.200000 0.610800
9902.000000 0.613000
9902.800000 0.624500
9903.600000 0.614100
9904.400000 0.624800
9905.200000 0.624800
9906.000000 0.628700
9906.800000 0.628700
9907.600000 0.631200
9908.400000 0.631200
9909.200000 0.636000
9910.000000 0.636000
9910.800000 0.641800
9911.600000 0.641800
9912.400000 0.646000
9913.200000 0.646000
9914.000000 0.648800
9914.800000 0.648800
9915.600000 0.662300
9916.400000 0.648500
9917.200000 0.664500
9918.100000 0.669000
9918.900000 0.673700
9919.600000 0.678200
9920.400000 0.686600
9921.200000 0.690200
9922.000000 0.692700
9922.900000 0.699400
9923.600000 0.705900
9924.500000 0.710900
9925.300000 0.714800
9926.100000 0.721000
9926.900000 0.728500
9927.700000 0.731600
9928.500000 0.735200
9929.300000 0.735500
9930.100000 0.748900
9930.900000 0.752600
9931.700000 0.757900
9932.500000 0.765700
9933.300000 0.772200
9934.100000 0.774100
9934.900000 0.777700
9935.700000 0.784200
9936.500000 0.790100
9937.300000 0.794500
9938.100000 0.799000
9938.900000 0.808000
9939.700000 0.816300
9940.500000 0.818600
9941.300000 0.823300
9942.100000 0.827500
9942.900000 0.832300
9943.700000 0.835100
9944.500000 0.837000
9945.300000 0.840700
9946.100000 0.845400
9946.900000 0.847700
9947.700000 0.849600
9948.500000 0.852700
9949.300000 0.856000
9950.100000 0.859100
9950.900000 0.860500
9951.700000 0.865800
9952.500000 0.869800
9953.300000 0.872300
9954.100000 0.875300
9954.900000 0.877900
9955.700000 0.880700
9956.500000 0.881800
9957.300000 0.883200
9958.100000 0.885700
9958.900000 0.887100
9959.700000 0.888500
9960.500000 0.889600
9961.300000 0.891300
9962.100000 0.893500
9962.900000 0.893500
9963.700000 0.894100
9964.500000 0.895700
9965.300000 0.897700
9966.100000 0.898000
9966.900000 0.898500
9967.700000 0.899700
9968.500000 0.900500
9969.300000 0.901300
9970.100000 0.901900
9970.900000 0.902400
9971.700000 0.902700
9972.500000 0.903000
9973.300000 0.903000
9974.100000 0.903300
9974.900000 0.904100
9975.700000 0.904100
9976.500000 0.904100
9977.300000 0.904100
9978.100000 0.904400
9978.900000 0.904400
9979.700000 0.904400
9980.500000 0.904700
9981.300000 0.904700
9982.100000 0.904700
9982.900000 0.904700
9983.700000 0.904700
9984.500000 0.904700
9985.400000 0.904400
9986.100000 0.904400
9987.000000 0.904400
9987.800000 0.904400
9988.600000 0.904400
9989.400000 0.904100
9990.100000 0.904100
9990.900000 0.904100
9991.800000 0.904100
9992.600000 0.903500
9993.400000 0.903000
9994.200000 0.903000
9995.000000 0.903000
9995.800000 0.902900
9996.600000 0.902400
9997.400000 0.902400
9998.200000 0.902400
9999.000000 0.902100
9999.800000 0.901000
10000.600000 0.900100
10001.400000 0.900100
10002.200000 0.900100
10003.000000 0.899000
10003.800000 0.897900
10004.600000 0.897900
10005.400000 0.897900
10006.200000 0.897100
10007.000000 0.896200
10007.800000 0.895600
10008.600000 0.895600
10009.400000 0.894500
10010.200000 0.893400
10011.000000 0.893400
10011.800000 0.893400
10012.600000 0.893100
10013.400000 0.892600
10014.200000 0.891700
10015.000000 0.891700
10015.800000 0.890900
10016.600000 0.890300
10017.400000 0.889500
10018.200000 0.889200
10019.000000 0.888900
10019.800000 0.888900
10020.600000 0.888600
10021.400000 0.888300
10022.200000 0.887200
10023.000000 0.886700
10023.800000 0.886700
10024.600000 0.886400
10025.400000 0.885800
10026.200000 0.884700
10027.000000 0.884400
10027.800000 0.884400
10028.600000 0.884400
10029.400000 0.884100
10030.200000 0.883900
10031.000000 0.883900
10031.800000 0.883800
10032.600000 0.883600
10033.400000 0.883000
10034.200000 0.882700
10035.000000 0.882700
10035.800000 0.882700
10036.600000 0.882400
10037.400000 0.882400
10038.200000 0.882200
10039.000000 0.881900
10039.800000 0.881600
10040.600000 0.880800
10041.400000 0.880500
10042.200000 0.880500
10043.000000 0.880500
10043.800000 0.880500
10044.600000 0.880200
10045.400000 0.879900
10046.200000 0.879900
10047.000000 0.879600
10047.800000 0.879600
10048.600000 0.879300
10049.400000 0.879300
10050.200000 0.879300
10051.000000 0.879100
10051.800000 0.878200
10052.600000 0.878200
10053.400000 0.878200
10054.200000 0.877600
10055.100000 0.877400
10055.900000 0.877400
10056.700000 0.877100
10057.500000 0.876500
10058.300000 0.875700
10059.100000 0.875400
10059.900000 0.875400
10060.700000 0.874800
10061.500000 0.873700
10062.300000 0.873700
10063.100000 0.873700
10063.900000 0.873200
10064.700000 0.872300
10065.500000 0.871700
10066.300000 0.870900
10067.100000 0.870900
10067.900000 0.870600
10068.700000 0.870300
10069.500000 0.870300
10070.300000 0.868900
10071.100000 0.868400
10071.900000 0.867800
10072.700000 0.867000
10073.500000 0.866400
10074.300000 0.865300
10075.100000 0.865000
10075.900000 0.864500
10076.700000 0.864200
10077.500000 0.863900
10078.300000 0.863000
10079.100000 0.862800
10079.900000 0.861400
10080.700000 0.860000
10081.500000 0.859700
10082.300000 0.859700
10083.100000 0.858800
10083.900000 0.857700
10084.700000 0.857400
10085.500000 0.857400
10086.300000 0.857200
10087.100000 0.856900
10087.900000 0.856900
10088.700000 0.856300
10089.500000 0.856300
10090.300000 0.856000
10091.100000 0.855700
10091.900000 0.855700
10092.700000 0.855700
10093.500000 0.855700
10094.300000 0.855700
10095.100000 0.855700
10095.900000 0.855700
10096.700000 0.855700
10097.500000 0.855700
10098.300000 0.855700
10099.100000 0.855700
10099.900000 0.855700
10100.700000 0.856800
10101.500000 0.856800
10102.300000 0.857100
10103.100000 0.857400
10103.900000 0.857700
10104.700000 0.858000
10105.500000 0.858800
10106.300000 0.859100
10107.100000 0.859300
10107.900000 0.860200
10108.700000 0.860700
10109.500000 0.861300
10110.300000 0.861900
10111.100000 0.861900
10111.900000 0.862700
10112.700000 0.863500
10113.500000 0.864100
10114.300000 0.864100
10115.100000 0.864900
10115.900000 0.865500
10116.700000 0.866000
10117.500000 0.866300
10118.300000 0.867200
10119.100000 0.867400
10119.900000 0.867700
10120.700000 0.868600
10121.600000 0.868800
10122.400000 0.868800
10123.200000 0.869400
10124.000000 0.869900
10124.800000 0.870500
10125.600000 0.870500
10126.400000 0.870500
10127.200000 0.870800
10128.000000 0.871100
10128.800000 0.871100
10129.600000 0.871300
10130.400000 0.871600
10131.200000 0.871900
10132.000000 0.871900
10132.800000 0.872400
10133.600000 0.872400
10134.400000 0.872400
10135.200000 0.872200
10136.000000 0.871900
10136.800000 0.871900
10137.600000 0.871300
10138.400000 0.871300
10139.200000 0.871000
10140.000000 0.870700
10140.800000 0.870500
10141.600000 0.870200
10142.400000 0.870200
10143.200000 0.869300
10144.000000 0.868800
10144.800000 0.868500
10145.600000 0.868500
10146.400000 0.867900
10147.200000 0.867100
10148.000000 0.866500
10148.800000 0.866500
10149.600000 0.866000
10150.400000 0.865100
10151.200000 0.864900
10152.000000 0.864300
10152.800000 0.864000
10153.600000 0.863700
10154.400000 0.863700
10155.200000 0.863400
10156.000000 0.862300
10156.800000 0.861800
10157.600000 0.861800
10158.400000 0.861500
10159.200000 0.861500
10160.000000 0.861200
10160.800000 0.861200
10161.600000 0.861200
10162.400000 0.860600
10163.200000 0.860100
10164.000000 0.860100
10164.800000 0.860100
10165.600000 0.859800
10166.400000 0.859800
10167.200000 0.859800
10168.000000 0.859800
10168.800000 0.859800
10169.600000 0.859800
10170.400000 0.859500
10171.200000 0.859500
10172.000000 0.859800
10172.800000 0.859800
10173.600000 0.859800
10174.400000 0.859800
10175.200000 0.860000
10176.000000 0.860000
10176.800000 0.860000
10177.600000 0.860000
10178.400000 0.860900
10179.200000 0.861200
10180.000000 0.861400
10180.800000 0.861700
10181.600000 0.862300
10182.400000 0.863700
10183.200000 0.863700
10184.000000 0.863900
10184.800000 0.864200
10185.600000 0.865100
10186.400000 0.865600
10187.200000 0.866200
10188.000000 0.866200
10188.900000 0.867000
10189.700000 0.867600
10190.500000 0.868100
10191.300000 0.868400
10192.100000 0.868700
10192.900000 0.869200
10193.700000 0.869500
10194.500000 0.870400
10195.300000 0.870600
10196.100000 0.871200
10196.900000 0.871700
10197.700000 0.872600
10198.500000 0.872900
10199.300000 0.873100
10200.100000 0.873700
10200.900000 0.874500
10201.700000 0.875100
10202.500000 0.875400
10203.300000 0.875600
10204.100000 0.876200
10204.900000 0.876800
10205.700000 0.877000
10206.500000 0.877300
10207.300000 0.877600
10208.100000 0.877900
10208.900000 0.878400
10209.700000 0.878700
10210.500000 0.879000
10211.300000 0.879000
10212.100000 0.879300
10212.900000 0.879500
10213.700000 0.879500
10214.500000 0.879800
10215.300000 0.879800
10216.100000 0.880100
10216.900000 0.880100
10217.700000 0.880100
10218.500000 0.880100
10219.300000 0.880100
10220.100000 0.880100
10220.900000 0.880400
10221.700000 0.880100
10222.500000 0.880100
10223.300000 0.880100
10224.100000 0.880100
10224.900000 0.880100
10225.700000 0.880100
10226.500000 0.880100
10227.300000 0.880100
10228.100000 0.880100
10228.900000 0.880100
10229.700000 0.879800
10230.500000 0.879800
10231.300000 0.879800
10232.100000 0.879500
10232.900000 0.879200
10233.700000 0.878900
10234.500000 0.878900
10235.300000 0.878900
10236.100000 0.878400
10236.900000 0.877800
10237.700000 0.877800
10238.500000 0.877800
10239.300000 0.877500
10240.100000 0.877200
10240.900000 0.877000
10241.700000 0.876700
10242.500000 0.875800
10243.300000 0.875600
10244.100000 0.875600
10244.900000 0.875600
10245.700000 0.875600
10246.500000 0.875300
10247.300000 0.875300
10248.100000 0.875000
10248.900000 0.875000
10249.700000 0.874400
10250.500000 0.874400
10251.300000 0.874400
10252.100000 0.874400
10252.900000 0.874400
10253.700000 0.874400
10254.500000 0.874400
10255.400000 0.874400
10256.200000 0.874400
10257.000000 0.874400
10257.800000 0.874400
10258.600000 0.874400
10259.400000 0.874400
10260.200000 0.874400
10261.000000 0.874400
10261.800000 0.874400
10262.600000 0.874400
10263.400000 0.874400
10264.200000 0.874400
10265.000000 0.874700
10265.800000 0.875000
10266.600000 0.875000
10267.400000 0.875000
10268.200000 0.875200
10269.000000 0.875800
10269.800000 0.876100
10270.600000 0.876600
10271.400000 0.876900
10272.200000 0.877700
10273.000000 0.878600
10273.800000 0.878600
10274.600000 0.878900
10275.400000 0.878900
10276.200000 0.879400
10277.000000 0.879400
10277.800000 0.879700
10278.600000 0.880200
10279.400000 0.880800
10280.200000 0.881400
10281.000000 0.881900
10281.800000 0.882800
10282.600000 0.883300
10283.400000 0.883600
10284.200000 0.883900
10285.000000 0.884400
10285.800000 0.884400
10286.600000 0.884400
10287.400000 0.885800
10288.200000 0.886100
10289.000000 0.886900
10289.800000 0.887500
10290.600000 0.888100
10291.400000 0.889200
10292.200000 0.889400
10293.000000 0.889700
10293.800000 0.890300
10294.600000 0.890600
10295.400000 0.890600
10296.200000 0.890800
10297.000000 0.891700
10297.800000 0.892500
10298.600000 0.892500
10299.400000 0.892800
10300.200000 0.892800
10301.000000 0.893100
10301.800000 0.893300
10302.600000 0.893300
10303.400000 0.893300
10304.200000 0.893600
10305.000000 0.893900
10305.800000 0.894500
10306.600000 0.894500
10307.400000 0.894500
10308.200000 0.894400
10309.000000 0.894400
10309.800000 0.894400
10310.600000 0.894400
10311.400000 0.894400
10312.200000 0.894400
10313.000000 0.894400
10313.800000 0.894400
10314.600000 0.894400
10315.400000 0.894400
10316.200000 0.894400
10317.000000 0.894400
10317.800000 0.894100
10318.600000 0.893900
10319.400000 0.893300
10320.200000 0.893300
10321.000000 0.893300
10321.900000 0.893300
10322.700000 0.893300
10323.500000 0.893000
10324.300000 0.892700
10325.100000 0.892500
10325.900000 0.892200
10326.700000 0.892200
10327.500000 0.892200
10328.300000 0.892200
10329.100000 0.892200
10329.900000 0.892200
10330.700000 0.892200
10331.500000 0.890800
10332.300000 0.890500
10333.100000 0.890500
10333.900000 0.890500
10334.700000 0.890200
10335.500000 0.890200
10336.300000 0.890200
10337.100000 0.890200
10337.900000 0.890200
10338.700000 0.890200
10339.500000 0.890500
10340.300000 0.890500
10341.100000 0.891000
10341.900000 0.892100
10342.700000 0.892100
10343.500000 0.892100
10344.300000 0.892100
10345.100000 0.892400
10345.900000 0.892400
10346.700000 0.892700
10347.500000 0.892700
10348.300000 0.893200
10349.100000 0.893200
10349.900000 0.893200
10350.700000 0.894100
10351.500000 0.894600
10352.300000 0.894900
10353.100000 0.894900
10353.900000 0.896000
10354.700000 0.897100
10355.500000 0.897400
10356.300000 0.897400
10357.100000 0.898500
10357.900000 0.899100
10358.700000 0.899400
10359.500000 0.899400
10360.300000 0.900800
10361.100000 0.901600
10361.900000 0.902200
10362.700000 0.902400
10363.500000 0.903300
10364.300000 0.903800
10365.100000 0.904100
10365.900000 0.904400
10366.700000 0.905200
10367.500000 0.906400
10368.300000 0.906300
10369.100000 0.906600
10369.900000 0.907200
10370.700000 0.908000
10371.500000 0.908300
10372.300000 0.908300
10373.100000 0.909100
10373.900000 0.910000
10374.700000 0.910500
10375.500000 0.910500
10376.300000 0.910800
10377.100000 0.911400
10377.900000 0.911600
10378.700000 0.911900
10379.500000 0.912200
10380.300000 0.912200
10381.100000 0.912200
10381.900000 0.912200
10382.700000 0.912200
10383.500000 0.911600
10384.300000 0.911600
10385.100000 0.911100
10385.900000 0.911100
10386.700000 0.911100
10387.500000 0.911100
10388.300000 0.910800
10389.200000 0.910200
10390.000000 0.909400
10390.800000 0.909100
10391.600000 0.908800
10392.400000 0.908300
10393.200000 0.908000
10394.000000 0.907100
10394.800000 0.906600
10395.600000 0.905700
10396.400000 0.904900
10397.200000 0.904600
10398.000000 0.904000
10398.800000 0.903800
10399.600000 0.903200
10400.400000 0.902600
10401.200000 0.902400
10402.000000 0.901500
10402.800000 0.901000
10403.600000 0.900400
10404.400000 0.899800
10405.200000 0.899300
10406.000000 0.898700
10406.800000 0.897900
10407.600000 0.897000
10408.400000 0.896200
10409.200000 0.895100
10410.000000 0.894800
10410.800000 0.894800
10411.600000 0.894200
10412.400000 0.893100
10413.200000 0.893100
10414.000000 0.893100
10414.800000 0.892500
10415.600000 0.892500
10416.400000 0.892300
10417.200000 0.892000
10418.000000 0.892000
10418.800000 0.892000
10419.600000 0.891100
10420.400000 0.890600
10421.200000 0.890300
10422.000000 0.890000
10422.800000 0.890000
10423.600000 0.889700
10424.400000 0.889700
10425.200000 0.889700
10426.000000 0.889700
10426.800000 0.889700
10427.600000 0.890000
10428.400000 0.890300
10429.200000 0.890300
10430.000000 0.890300
10430.800000 0.891100
10431.600000 0.892200
10432.400000 0.892500
10433.200000 0.892500
10434.000000 0.892800
10434.800000 0.893100
10435.600000 0.893100
10436.400000 0.893100
10437.200000 0.893600
10438.000000 0.894200
10438.800000 0.894200
10439.600000 0.894200
10440.400000 0.894700
10441.200000 0.895300
10442.000000 0.895800
10442.800000 0.896400
10443.600000 0.897000
10444.400000 0.897500
10445.200000 0.897800
10446.000000 0.898400
10446.800000 0.898900
10447.600000 0.899200
10448.400000 0.899200
10449.200000 0.899500
10450.000000 0.899700
10450.800000 0.900900
10451.600000 0.901100
10452.400000 0.901100
10453.200000 0.901400
10454.000000 0.901700
10454.800000 0.902000
10455.700000 0.902000
10456.500000 0.902000
10457.300000 0.902000
10458.100000 0.902000
10458.900000 0.902000
10459.700000 0.902200
10460.500000 0.902200
10461.300000 0.902200
10462.100000 0.902200
10462.900000 0.902000
10463.700000 0.902000
10464.500000 0.901900
10465.300000 0.901900
10466.100000 0.901900
10466.900000 0.901900
10467.700000 0.901700
10468.500000 0.901400
10469.300000 0.901400
10470.100000 0.901100
10470.900000 0.900800
10471.700000 0.900300
10472.500000 0.899400
10473.300000 0.899100
10474.100000 0.899100
10474.900000 0.898600
10475.700000 0.898000
10476.500000 0.897400
10477.300000 0.897200
10478.100000 0.897200
10478.900000 0.896600
10479.700000 0.895800
10480.500000 0.895500
10481.300000 0.895200
10482.100000 0.894900
10482.900000 0.894600
10483.700000 0.894600
10484.500000 0.894400
10485.300000 0.894100
10486.100000 0.894100
10486.900000 0.894100
10487.700000 0.893500
10488.500000 0.892900
10489.300000 0.892900
10490.100000 0.892900
10490.900000 0.892900
10491.700000 0.892900
10492.500000 0.892900
10493.300000 0.892900
10494.100000 0.892900
10494.900000 0.892900
10495.700000 0.892900
10496.500000 0.892900
10497.300000 0.893200
10498.100000 0.894000
10498.900000 0.894000
10499.700000 0.894000
10500.500000 0.894000
10501.300000 0.894300
10502.100000 0.894900
10502.900000 0.895700
10503.700000 0.896300
10504.500000 0.896300
10505.300000 0.896500
10506.100000 0.896800
10506.900000 0.896800
10507.700000 0.897700
10508.500000 0.898800
10509.300000 0.899100
10510.100000 0.899100
10510.900000 0.899900
10511.700000 0.901000
10512.500000 0.901300
10513.300000 0.901300
10514.100000 0.902400
10514.900000 0.903500
10515.700000 0.903500
10516.500000 0.904100
10517.300000 0.905200
10518.100000 0.906000
10518.900000 0.906000
10519.700000 0.906300
10520.500000 0.906900
10521.300000 0.907400
10522.200000 0.908000
10523.000000 0.908000
10523.800000 0.908500
10524.600000 0.909700
10525.400000 0.909900
10526.200000 0.910200
10527.000000 0.910500
10527.800000 0.910800
10528.600000 0.911000
10529.400000 0.911300
10530.200000 0.911900
10531.000000 0.911900
10531.800000 0.911900
10532.600000 0.911900
10533.400000 0.912200
10534.200000 0.912200
10535.000000 0.912400
10535.800000 0.912400
10536.600000 0.912400
10537.400000 0.912700
10538.200000 0.912700
10539.000000 0.912400
10539.800000 0.912400
10540.600000 0.912100
10541.400000 0.911900
10542.200000 0.911900
10543.000000 0.911600
10543.800000 0.910700
10544.600000 0.910700
10545.400000 0.910700
10546.200000 0.910700
10547.000000 0.910400
10547.800000 0.910200
10548.600000 0.909600
10549.400000 0.908800
10550.200000 0.907900
10551.000000 0.907900
10551.800000 0.907400
10552.600000 0.906500
10553.400000 0.906000
10554.200000 0.905700
10555.000000 0.905700
10555.800000 0.904800
10556.600000 0.903700
10557.400000 0.903400
10558.200000 0.903400
10559.000000 0.903100
10559.800000 0.902600
10560.600000 0.902000
10561.400000 0.901700
10562.200000 0.901200
10563.000000 0.900600
10563.800000 0.900100
10564.600000 0.899200
10565.400000 0.898900
10566.200000 0.898700
10567.000000 0.898400
10567.800000 0.898400
10568.600000 0.897300
10569.400000 0.896700
10570.200000 0.896700
10571.000000 0.896700
10571.800000 0.896100
10572.600000 0.895000
10573.400000 0.895000
10574.200000 0.895000
10575.000000 0.895000
10575.800000 0.895000
10576.600000 0.895000
10577.400000 0.895000
10578.200000 0.895000
10579.000000 0.895000
10579.800000 0.895000
10580.600000 0.895000
10581.400000 0.895000
10582.200000 0.895000
10583.000000 0.895000
10583.800000 0.895000
10584.600000 0.895000
10585.400000 0.895000
10586.200000 0.895000
10587.000000 0.895000
10587.800000 0.895000
10588.600000 0.895000
10589.500000 0.895000
10590.300000 0.895000
10591.100000 0.895000
10591.900000 0.895000
10592.700000 0.895500
10593.500000 0.895800
10594.300000 0.896100
10595.100000 0.896100
10595.900000 0.896100
10596.700000 0.896100
10597.500000 0.895800
10598.300000 0.895500
10599.100000 0.895200
10599.900000 0.894900
10600.700000 0.894900
10601.500000 0.894900
10602.300000 0.894900
10603.100000 0.894700
10603.900000 0.894400
10604.700000 0.894100
10605.500000 0.894100
10606.300000 0.893800
10607.100000 0.892700
10607.900000 0.892100
10608.700000 0.892100
10609.500000 0.891800
10610.300000 0.891800
10611.100000 0.891300
10611.900000 0.890700
10612.700000 0.890200
10613.500000 0.889300
10614.300000 0.888800
10615.100000 0.888200
10615.900000 0.887600
10616.700000 0.886800
10617.500000 0.886000
10618.300000 0.885400
10619.100000 0.885400
10619.900000 0.884300
10620.700000 0.883200
10621.500000 0.882300
10622.300000 0.881800
10623.100000 0.880600
10623.900000 0.878900
10624.700000 0.878700
10625.500000 0.878700
10626.300000 0.877300
10627.100000 0.876100
10627.900000 0.875600
10628.700000 0.874700
10629.500000 0.873900
10630.300000 0.872800
10631.100000 0.872200
10631.900000 0.871900
10632.700000 0.870500
10633.500000 0.869700
10634.300000 0.868600
10635.100000 0.868300
10635.900000 0.866900
10636.700000 0.865800
10637.500000 0.865200
10638.300000 0.865200
10639.100000 0.864600
10639.900000 0.863500
10640.700000 0.862700
10641.500000 0.862400
10642.300000 0.861300
10643.100000 0.859600
10643.900000 0.859300
10644.700000 0.859000
10645.500000 0.858800
10646.300000 0.858800
10647.100000 0.858500
10647.900000 0.857900
10648.700000 0.857100
10649.500000 0.856200
10650.300000 0.856200
10651.100000 0.856000
10651.900000 0.855700
10652.700000 0.855700
10653.500000 0.855700
10654.300000 0.855700
10655.200000 0.855700
10656.000000 0.855700
10656.800000 0.855700
10657.600000 0.855700
10658.400000 0.855400
10659.200000 0.855400
10660.000000 0.855700
10660.800000 0.855700
10661.600000 0.855600
10662.400000 0.855600
10663.200000 0.855600
10664.000000 0.855600
10664.800000 0.855900
10665.600000 0.856200
10666.400000 0.856200
10667.200000 0.856200
10668.000000 0.856800
10668.800000 0.857600
10669.600000 0.858200
10670.400000 0.858100
10671.200000 0.858400
10672.000000 0.859300
10672.800000 0.859300
10673.600000 0.860100
10674.400000 0.860400
10675.200000 0.860700
10676.000000 0.860700
10676.800000 0.860900
10677.600000 0.861200
10678.400000 0.861800
10679.200000 0.862000
10680.000000 0.862300
10680.800000 0.862300
10681.600000 0.862600
10682.400000 0.862600
10683.200000 0.862600
10684.000000 0.862900
10684.800000 0.862900
10685.600000 0.862900
10686.400000 0.863200
10687.200000 0.863100
10688.000000 0.863100
10688.800000 0.863100
10689.600000 0.863100
10690.400000 0.862900
10691.200000 0.862600
10692.000000 0.862600
10692.800000 0.862600
10693.600000 0.862300
10694.400000 0.862000
10695.200000 0.861500
10696.000000 0.861200
10696.800000 0.860900
10697.600000 0.860600
10698.400000 0.860600
10699.200000 0.860000
10700.000000 0.859800
10700.800000 0.858900
10701.600000 0.858900
10702.400000 0.858600
10703.200000 0.858100
10704.000000 0.857200
10704.800000 0.856400
10705.600000 0.856400
10706.400000 0.856100
10707.200000 0.855800
10708.000000 0.855300
10708.800000 0.855000
10709.600000 0.854400
10710.400000 0.853900
10711.200000 0.853900
10712.000000 0.853300
10712.800000 0.852200
10713.600000 0.851300
10714.400000 0.851100
10715.200000 0.849900
10716.000000 0.849700
10716.800000 0.849400
10717.600000 0.849400
10718.400000 0.849100
10719.200000 0.848500
10720.000000 0.847400
10720.800000 0.847400
10721.600000 0.846800
10722.400000 0.846300
10723.300000 0.845400
10724.100000 0.845200
10724.900000 0.845200
10725.700000 0.844900
10726.500000 0.844600
10727.300000 0.844300
10728.100000 0.844300
10728.900000 0.844300
10729.700000 0.843800
10730.500000 0.843200
10731.300000 0.843200
10732.100000 0.843200
10732.900000 0.842900
10733.700000 0.842600
10734.500000 0.842600
10735.300000 0.842300
10736.100000 0.842100
10736.900000 0.841800
10737.700000 0.841800
10738.500000 0.841500
10739.300000 0.841200
10740.100000 0.840900
10740.900000 0.840900
10741.700000 0.840900
10742.500000 0.840900
10743.300000 0.840900
10744.100000 0.840900
10744.900000 0.840900
10745.700000 0.840900
10746.500000 0.840900
10747.300000 0.840900
10748.100000 0.840900
10748.900000 0.840900
10749.700000 0.840900
10750.500000 0.840900
10751.300000 0.840900
10752.100000 0.840600
10752.900000 0.840600
10753.700000 0.840300
10754.500000 0.840300
10755.300000 0.840300
10756.100000 0.840100
10756.900000 0.840100
10757.700000 0.839800
10758.500000 0.839800
10759.300000 0.839800
10760.100000 0.839800
10760.900000 0.838900
10761.700000 0.838400
10762.500000 0.838100
10763.300000 0.838100
10764.100000 0.837500
10764.900000 0.836400
10765.700000 0.836400
10766.500000 0.836400
10767.300000 0.835800
10768.100000 0.835800
10768.900000 0.835300
10769.700000 0.834400
10770.500000 0.833600
10771.300000 0.833300
10772.100000 0.833000
10772.900000 0.832500
10773.700000 0.831400
10774.500000 0.830800
10775.300000 0.830500
10776.100000 0.829900
10776.900000 0.828300
10777.700000 0.827400
10778.500000 0.826900
10779.300000 0.826600
10780.100000 0.825200
10780.900000 0.823800
10781.700000 0.823200
10782.500000 0.823200
10783.300000 0.821500
10784.100000 0.820100
10784.900000 0.820100
10785.700000 0.820100
10786.500000 0.819000
10787.300000 0.817900
10788.100000 0.817300
10789.000000 0.816800
10789.800000 0.815400
10790.600000 0.813700
10791.400000 0.813400
10792.200000 0.812800
10793.000000 0.811700
10793.800000 0.810900
10794.600000 0.810000
10795.400000 0.809800
10796.200000 0.808100
10797.000000 0.807000
10797.800000 0.806100
10798.600000 0.805300
10799.400000 0.804700
10800.200000 0.803300
10801.000000 0.802800
10801.800000 0.802800
10802.600000 0.802200
10803.400000 0.801900
10804.200000 0.801600
10805.000000 0.801400
10805.800000 0.800200
10806.600000 0.800000
10807.400000 0.799400
10808.200000 0.799100
10809.000000 0.798500
10809.800000 0.798000
10810.600000 0.797700
10811.400000 0.797700
10812.200000 0.797400
10813.000000 0.797100
10813.800000 0.797100
10814.600000 0.797100
10815.400000 0.797100
10816.200000 0.797100
10817.000000 0.797100
10817.800000 0.797100
10818.600000 0.797100
10819.400000 0.797100
10820.200000 0.797400
10821.000000 0.797400
10821.800000 0.797700
10822.600000 0.798000
10823.400000 0.798000
10824.200000 0.798200
10825.000000 0.799400
10825.800000 0.800200
10826.600000 0.800700
10827.400000 0.801300
10828.200000 0.801900
10829.000000 0.802100
10829.800000 0.802400
10830.600000 0.802700
10831.400000 0.803800
10832.200000 0.804900
10833.000000 0.805800
10833.800000 0.807200
10834.600000 0.807700
10835.400000 0.809400
10836.200000 0.810500
10837.000000 0.810500
10837.800000 0.811400
10838.600000 0.811900
10839.400000 0.813000
10840.200000 0.814100
10841.000000 0.815000
10841.800000 0.816700
10842.600000 0.817200
10843.400000 0.817800
10844.200000 0.819200
10845.000000 0.820300
10845.800000 0.821100
10846.600000 0.822000
10847.400000 0.823100
10848.200000 0.824200
10849.000000 0.825000
10849.800000 0.825600
10850.600000 0.827000
10851.400000 0.828400
10852.200000 0.828900
10853.000000 0.829800
10853.800000 0.830900
10854.600000 0.832300
10855.400000 0.832600
10856.300000 0.833400
10857.100000 0.834300
10857.900000 0.835400
10858.700000 0.835600
10859.500000 0.835600
10860.300000 0.837300
10861.100000 0.838700
10861.900000 0.839000
10862.700000 0.840100
10863.500000 0.841200
10864.300000 0.842300
10865.100000 0.842600
10865.900000 0.843700
10866.700000 0.844600
10867.500000 0.845700
10868.300000 0.846500
10869.100000 0.847100
10869.900000 0.847900
10870.700000 0.849100
10871.500000 0.849300
10872.300000 0.849600
10873.100000 0.850400
10873.900000 0.851300
10874.700000 0.851600
10875.500000 0.851800
10876.300000 0.852400
10877.100000 0.854100
10877.900000 0.854900
10878.700000 0.855500
10879.500000 0.855700
10880.300000 0.856600
10881.100000 0.857100
10881.900000 0.858000
10882.700000 0.859100
10883.500000 0.860200
10884.300000 0.860800
10885.100000 0.861300
10885.900000 0.862400
10886.700000 0.863800
10887.500000 0.864400
10888.300000 0.864700
10889.100000 0.865800
10889.900000 0.866900
10890.700000 0.867200
10891.500000 0.867700
10892.300000 0.868600
10893.100000 0.869100
10893.900000 0.869400
10894.700000 0.870300
10895.500000 0.871700
10896.300000 0.872800
10897.100000 0.873600
10897.900000 0.873600
10898.700000 0.875000
10899.500000 0.875800
10900.300000 0.876700
10901.100000 0.877200
10901.900000 0.879500
10902.700000 0.881200
10903.500000 0.881700
10904.300000 0.882500
10905.100000 0.883700
10905.900000 0.884800
10906.700000 0.885600
10907.500000 0.886200
10908.300000 0.887600
10909.100000 0.890100
10909.900000 0.890600
10910.700000 0.891200
10911.500000 0.892600
10912.300000 0.894800
10913.100000 0.895400
10913.900000 0.896000
10914.700000 0.897600
10915.500000 0.899300
10916.300000 0.900100
10917.100000 0.901000
10917.900000 0.902400
10918.700000 0.904300
10919.500000 0.904900
10920.300000 0.905500
10921.100000 0.907400
10921.900000 0.908500
10922.800000 0.909400
10923.600000 0.910500
10924.400000 0.911300
10925.200000 0.912200
10926.000000 0.912400
10926.800000 0.913000
10927.600000 0.913600
10928.400000 0.914700
10929.200000 0.914900
10930.000000 0.915200
10930.800000 0.917200
10931.600000 0.918900
10932.400000 0.919100
10933.200000 0.920000
10934.000000 0.920500
10934.800000 0.921100
10935.600000 0.921100
10936.400000 0.921600
10937.200000 0.923000
10938.000000 0.923900
10938.800000 0.924400
10939.600000 0.925300
10940.400000 0.925600
10941.200000 0.925600
10942.000000 0.925600
10942.800000 0.925800
10943.600000 0.926700
10944.400000 0.927200
10945.200000 0.927200
10946.000000 0.927200
10946.800000 0.927500
10947.600000 0.927800
10948.400000 0.928300
10949.200000 0.928600
10950.000000 0.928900
10950.800000 0.929400
10951.600000 0.929400
10952.400000 0.929700
10953.200000 0.929700
10954.000000 0.929700
10954.800000 0.930000
10955.600000 0.930000
10956.400000 0.930000
10957.200000 0.930000
10958.000000 0.930000
10958.800000 0.930000
10959.600000 0.930000
10960.400000 0.929700
10961.200000 0.929700
10962.000000 0.929400
10962.800000 0.929400
10963.600000 0.929400
10964.400000 0.929400
10965.200000 0.929400
10966.000000 0.928900
10966.800000 0.928600
10967.600000 0.928000
10968.400000 0.927700
10969.200000 0.927700
10970.000000 0.927700
10970.800000 0.927400
10971.600000 0.927400
10972.400000 0.927200
10973.200000 0.926900
10974.000000 0.926600
10974.800000 0.926600
10975.600000 0.926600
10976.400000 0.926600
10977.200000 0.926000
10978.000000 0.926000
10978.800000 0.925500
10979.600000 0.925500
10980.400000 0.924900
10981.200000 0.924900
10982.000000 0.924300
10982.800000 0.923200
10983.600000 0.923200
10984.400000 0.923200
10985.200000 0.923200
10986.000000 0.922900
10986.800000 0.922700
10987.600000 0.922700
10988.400000 0.922400
10989.300000 0.921800
10990.100000 0.921300
10990.900000 0.921000
10991.700000 0.920700
10992.500000 0.920400
10993.300000 0.920100
10994.100000 0.919600
10994.900000 0.919000
10995.700000 0.918200
10996.500000 0.918200
10997.300000 0.918200
10998.100000 0.917900
10998.900000 0.917600
10999.700000 0.917600
11000.500000 0.917600
11001.300000 0.916500
11002.100000 0.915900
11002.900000 0.915900
11003.700000 0.915900
11004.500000 0.915100
11005.300000 0.913900
11006.100000 0.913900
11006.900000 0.913700
11007.700000 0.913400
11008.500000 0.912800
11009.300000 0.912300
11010.100000 0.912000
11010.900000 0.912000
11011.700000 0.911700
11012.500000 0.911400
11013.300000 0.911400
11014.100000 0.910300
11014.900000 0.909400
11015.700000 0.909200
11016.500000 0.909200
11017.300000 0.908300
11018.100000 0.907200
11018.900000 0.906900
11019.700000 0.906900
11020.500000 0.906100
11021.300000 0.905000
11022.100000 0.904700
11022.900000 0.904400
11023.700000 0.903600
11024.500000 0.902400
11025.300000 0.902200
11026.100000 0.901900
11026.900000 0.901600
11027.700000 0.899900
11028.500000 0.899100
11029.300000 0.898500
11030.100000 0.898200
11030.900000 0.897900
11031.700000 0.897700
11032.500000 0.897400
11033.300000 0.896300
11034.100000 0.895700
11034.900000 0.895400
11035.700000 0.894900
11036.500000 0.894300
11037.300000 0.892900
11038.100000 0.892300
11038.900000 0.891800
11039.700000 0.891200
11040.500000 0.891200
11041.300000 0.890400
11042.100000 0.889800
11042.900000 0.888700
11043.700000 0.887800
11044.500000 0.887000
11045.300000 0.886700
11046.100000 0.885900
11046.900000 0.884800
11047.700000 0.884500
11048.500000 0.884500
11049.300000 0.883900
11050.100000 0.882800
11050.900000 0.882200
11051.700000 0.882200
11052.500000 0.881700
11053.300000 0.880800
11054.100000 0.880300
11054.900000 0.880000
11055.700000 0.879700
11056.600000 0.879400
11057.400000 0.878600
11058.200000 0.878300
11059.000000 0.877700
11059.800000 0.877700
11060.600000 0.877200
11061.400000 0.876600
11062.200000 0.876100
11063.000000 0.875500
11063.800000 0.875200
11064.600000 0.874900
11065.400000 0.874900
11066.200000 0.874100
11067.000000 0.874100
11067.800000 0.873800
11068.600000 0.873800
11069.400000 0.873800
11070.200000 0.873800
11071.000000 0.873800
11071.800000 0.873800
11072.600000 0.873800
11073.400000 0.873800
11074.200000 0.873800
11075.000000 0.873800
11075.800000 0.873800
11076.600000 0.873800
11077.400000 0.873800
11078.200000 0.874100
11079.000000 0.874100
11079.800000 0.874600
11080.600000 0.874600
11081.400000 0.874900
11082.200000 0.874900
11083.000000 0.874900
11083.800000 0.874900
11084.600000 0.875500
11085.400000 0.875400
11086.200000 0.876000
11087.000000 0.876600
11087.800000 0.877400
11088.600000 0.877700
11089.400000 0.878000
11090.200000 0.878200
11091.000000 0.878500
11091.800000 0.879400
11092.600000 0.879400
11093.400000 0.879600
11094.200000 0.879900
11095.000000 0.880700
11095.800000 0.881300
11096.600000 0.882100
11097.400000 0.882400
11098.200000 0.883000
11099.000000 0.883500
11099.800000 0.883800
11100.600000 0.884100
11101.400000 0.884400
11102.200000 0.884600
11103.000000 0.884900
11103.800000 0.885800
11104.600000 0.886600
11105.400000 0.886600
11106.200000 0.886600
11107.000000 0.887400
11107.800000 0.888600
11108.600000 0.888800
11109.400000 0.889100
11110.200000 0.889900
11111.000000 0.890500
11111.800000 0.890800
11112.600000 0.891100
11113.400000 0.891300
11114.200000 0.891600
11115.000000 0.891900
11115.800000 0.892200
11116.600000 0.892700
11117.400000 0.893000
11118.200000 0.893300
11119.000000 0.893300
11119.800000 0.893300
11120.600000 0.893800
11121.400000 0.894100
11122.200000 0.894700
11123.100000 0.895500
11123.900000 0.895800
11124.700000 0.895800
11125.500000 0.896100
11126.300000 0.896100
11127.100000 0.896100
11127.900000 0.896100
11128.700000 0.896100
11129.500000 0.896100
11130.300000 0.896100
11131.100000 0.896300
11131.900000 0.896100
11132.700000 0.896100
11133.500000 0.896000
11134.300000 0.896000
11135.100000 0.896300
11135.900000 0.896300
11136.700000 0.896300
11137.500000 0.896300
11138.300000 0.896000
11139.100000 0.896000
11139.900000 0.896000
11140.700000 0.896000
11141.500000 0.896000
11142.300000 0.896000
11143.100000 0.896000
11143.900000 0.896000
11144.700000 0.896000
11145.500000 0.896000
11146.300000 0.895800
11147.100000 0.895800
11147.900000 0.895500
11148.700000 0.895500
11149.500000 0.895500
11150.300000 0.895500
11151.100000 0.895200
11151.900000 0.895200
11152.700000 0.894600
11153.500000 0.894600
11154.300000 0.894100
11155.100000 0.894100
11155.900000 0.893800
11156.700000 0.893800
11157.500000 0.893800
11158.300000 0.893800
11159.100000 0.893800
11159.900000 0.893800
11160.700000 0.893800
11161.500000 0.893800
11162.300000 0.893800
11163.100000 0.893800
11163.900000 0.893500
11164.700000 0.893500
11165.500000 0.893200
11166.300000 0.893200
11167.100000 0.893200
11167.900000 0.893200
11168.700000 0.892900
11169.500000 0.892900
11170.300000 0.892600
11171.100000 0.892600
11171.900000 0.892600
11172.700000 0.892600
11173.500000 0.892600
11174.300000 0.892600
11175.100000 0.892600
11175.900000 0.892600
11176.700000 0.892600
11177.500000 0.892600
11178.300000 0.892600
11179.100000 0.892600
11179.900000 0.892400
11180.700000 0.892400
11181.500000 0.892100
11182.300000 0.892100
11183.100000 0.891800
11183.900000 0.891800
11184.700000 0.891800
11185.500000 0.891800
11186.300000 0.891500
11187.100000 0.891500
11187.900000 0.891500
11188.700000 0.891500
11189.500000 0.891500
11190.400000 0.891500
11191.200000 0.891500
11192.000000 0.891500
11192.800000 0.891500
11193.600000 0.891500
11194.400000 0.891500
11195.200000 0.891500
11196.000000 0.891500
11196.800000 0.891500
11197.600000 0.891500
11198.400000 0.891500
11199.200000 0.891500
11200.000000 0.891500
11200.800000 0.891500
11201.600000 0.891500
11202.400000 0.891500
11203.200000 0.891500
11204.000000 0.891500
11204.800000 0.891500
11205.600000 0.891500
11206.400000 0.891500
11207.200000 0.891500
11208.000000 0.891500
11208.800000 0.891500
11209.600000 0.891500
11210.400000 0.891500
11211.200000 0.891500
11212.000000 0.891500
11212.800000 0.891500
11213.600000 0.891500
11214.400000 0.891500
11215.200000 0.891500
11216.000000 0.891500
11216.800000 0.891500
11217.600000 0.891500
11218.400000 0.891500
11219.200000 0.891500
11220.000000 0.891500
11220.800000 0.891500
11221.600000 0.891500
11222.400000 0.891500
11223.200000 0.891500
11224.000000 0.891500
11224.800000 0.891500
11225.600000 0.891500
11226.400000 0.891500
11227.200000 0.891500
11228.000000 0.891500
11228.800000 0.891500
11229.600000 0.891500
11230.400000 0.891500
11231.200000 0.891500
11232.000000 0.891500
11232.800000 0.891500
11233.600000 0.891500
11234.400000 0.891500
11235.200000 0.891500
11236.000000 0.891500
11236.800000 0.891500
11237.600000 0.891500
11238.400000 0.891500
11239.200000 0.891500
11240.000000 0.891500
11240.800000 0.891500
11241.600000 0.891500
11242.400000 0.891500
11243.200000 0.891500
11244.000000 0.891500
11244.800000 0.891500
11245.600000 0.891400
11246.400000 0.891400
11247.200000 0.891400
11248.000000 0.891400
11248.800000 0.891400
11249.600000 0.891400
11250.400000 0.891400
11251.200000 0.891400
11252.000000 0.891400
11252.800000 0.891400
11253.600000 0.891400
11254.400000 0.891400
11255.200000 0.891400
11256.000000 0.891400
11256.900000 0.891400
11257.700000 0.891400
11258.500000 0.891200
11259.300000 0.891200
11260.100000 0.890900
11260.900000 0.890900
11261.700000 0.890000
11262.500000 0.890000
11263.300000 0.889200
11264.100000 0.889200
11264.900000 0.889200
11265.700000 0.889200
11266.500000 0.889200
11267.300000 0.889200
11268.100000 0.889200
11268.900000 0.889200
11269.700000 0.889200
11270.500000 0.889200
11271.300000 0.888900
11272.100000 0.888900
11272.900000 0.888600
11273.700000 0.888600
11274.500000 0.888300
11275.300000 0.888300
11276.100000 0.888100
11276.900000 0.888100
11277.700000 0.888100
11278.500000 0.888100
11279.300000 0.887500
11280.100000 0.887500
11280.900000 0.886900
11281.700000 0.886900
11282.500000 0.886900
11283.300000 0.886900
11284.100000 0.886900
11284.900000 0.886900
11285.700000 0.886900
11286.500000 0.886900
11287.300000 0.886400
11288.100000 0.886400
11288.900000 0.885800
11289.700000 0.885800
11290.500000 0.885200
11291.300000 0.885200
11292.100000 0.884400
11292.900000 0.884400
11293.700000 0.884100
11294.500000 0.884100
11295.300000 0.884100
11296.100000 0.884100
11296.900000 0.883800
11297.700000 0.883800
11298.500000 0.883600
11299.300000 0.883600
11300.100000 0.883600
11300.900000 0.883600
11301.700000 0.883000
11302.500000 0.883000
11303.300000 0.882400
11304.100000 0.882400
11304.900000 0.882400
11305.700000 0.882400
11306.500000 0.882400
11307.300000 0.882400
11308.100000 0.882200
11308.900000 0.882200
11309.700000 0.881900
11310.500000 0.881900
11311.300000 0.881900
11312.100000 0.881900
11312.900000 0.881900
11313.700000 0.881900
11314.500000 0.881300
11315.300000 0.881300
11316.100000 0.881300
11316.900000 0.881300
11317.700000 0.881300
11318.500000 0.881300
11319.300000 0.881300
11320.100000 0.881300
11320.900000 0.881300
11321.700000 0.881300
11322.500000 0.881300
11323.400000 0.881300
11324.200000 0.881300
11325.000000 0.881300
11325.800000 0.881600
11326.600000 0.881600
11327.400000 0.881900
11328.200000 0.881900
11329.000000 0.881800
11329.800000 0.881800
11330.600000 0.881800
11331.400000 0.881800
11332.200000 0.882100
11333.000000 0.882100
11333.800000 0.883200
11334.600000 0.883200
11335.400000 0.883500
11336.200000 0.883500
11337.000000 0.883500
11337.800000 0.883500
11338.600000 0.883800
11339.400000 0.883800
11340.200000 0.884100
11341.000000 0.884100
11341.800000 0.884400
11342.600000 0.884400
11343.400000 0.884900
11344.200000 0.884900
11345.000000 0.885700
11345.800000 0.885700
11346.600000 0.886600
11347.400000 0.886600
11348.200000 0.887100
11349.000000 0.887100
11349.800000 0.887400
11350.600000 0.887400
11351.400000 0.888500
11352.200000 0.888500
11353.000000 0.889700
11353.800000 0.889700
11354.600000 0.889900
11355.400000 0.889900
11356.200000 0.890800
11357.000000 0.890800
11357.800000 0.891600
11358.600000 0.891600
11359.400000 0.893000
11360.200000 0.893000
11361.000000 0.893600
11361.800000 0.893600
11362.600000 0.894700
11363.400000 0.894700
11364.200000 0.896100
11365.000000 0.896100
11365.800000 0.897500
11366.600000 0.897500
11367.400000 0.898000
11368.200000 0.898000
11369.000000 0.898900
11369.800000 0.898900
11370.600000 0.900300
11371.400000 0.900300
11372.200000 0.901400
11373.000000 0.901400
11373.800000 0.901900
11374.600000 0.901900
11375.400000 0.902200
11376.200000 0.902200
11377.000000 0.903600
11377.800000 0.903600
11378.600000 0.904700
11379.400000 0.904700
11380.200000 0.905300
11381.000000 0.905300
11381.800000 0.906100
11382.600000 0.906100
11383.400000 0.906400
11384.200000 0.906400
11385.000000 0.906700
11385.800000 0.906700
11386.600000 0.907200
11387.400000 0.907200
11388.200000 0.907800
11389.000000 0.907800
11389.800000 0.908100
11390.700000 0.908100
11391.500000 0.908100
11392.300000 0.908100
11393.100000 0.908100
11393.900000 0.908100
11394.700000 0.907500
11395.500000 0.907500
11396.300000 0.906100
11397.100000 0.906100
11397.900000 0.905800
11398.700000 0.905800
11399.500000 0.904200
11400.300000 0.904200
11401.100000 0.903300
11401.900000 0.903300
11402.700000 0.900800
11403.500000 0.900800
11404.300000 0.897200
11405.100000 0.897200
11405.900000 0.896300
11406.700000 0.896300
11407.500000 0.895500
11408.300000 0.895500
11409.100000 0.892700
11409.900000 0.892700
11410.700000 0.890400
11411.500000 0.890400
11412.300000 0.889000
11413.100000 0.889000
11413.900000 0.887100
11414.700000 0.887100
11415.500000 0.879000
11416.300000 0.886800
11417.100000 0.877800
11417.900000 0.873400
11418.700000 0.870000
11419.500000 0.865800
11420.300000 0.859600
11421.100000 0.855200
11421.900000 0.852400
11422.700000 0.835900
11423.500000 0.852100
11424.300000 0.835000
11425.100000 0.831700
11425.900000 0.823800
11426.700000 0.818800
11427.500000 0.808700
11428.300000 0.804800
11429.100000 0.800900
11429.900000 0.792800
11430.700000 0.782100
11431.500000 0.778800
11432.300000 0.773500
11433.100000 0.749400
11433.900000 0.749400
11434.700000 0.772300
11435.500000 0.750800
11436.300000 0.750800
11437.100000 0.750800
11437.900000 0.743800
11438.700000 0.743800
11439.500000 0.743800
11440.300000 0.737100
11441.100000 0.737100
11441.900000 0.737100
11442.700000 0.725300
11443.500000 0.725300
11444.300000 0.725300
11445.100000 0.718600
11445.900000 0.718600
11446.700000 0.718600
11447.500000 0.710800
11448.300000 0.710800
11449.100000 0.710800
11449.900000 0.707700
11450.700000 0.707700
11451.500000 0.707700
11452.300000 0.682200
11453.100000 0.682200
11453.900000 0.702100
11454.700000 0.679200
11455.500000 0.679200
11456.400000 0.674400
11457.200000 0.674400
11458.000000 0.666900
11458.800000 0.666900
11459.600000 0.650900
11460.400000 0.662900
11461.200000 0.644700
11462.000000 0.641400
11462.800000 0.630800
11463.600000 0.601400
11464.400000 0.636600
11465.200000 0.601100
11466.000000 0.591300
11466.800000 0.579600
11467.600000 0.578200
11468.400000 0.558000
11469.200000 0.550700
11470.000000 0.547700
11470.800000 0.546500
11471.600000 0.530300
11472.400000 0.521900
11473.200000 0.517400
11474.000000 0.513200
11474.800000 0.492500
11475.600000 0.488300
11476.400000 0.481300
11477.200000 0.463400
11478.000000 0.478300
11478.800000 0.458400
11479.600000 0.458400
11480.400000 0.455000
11481.200000 0.455000
11482.000000 0.445500
11482.800000 0.445500
11483.600000 0.422600
11484.400000 0.449700
11485.200000 0.418700
11486.000000 0.411100
11486.800000 0.402400
11487.600000 0.401000
11488.400000 0.386200
11489.200000 0.378100
11490.000000 0.374200
11490.800000 0.360500
11491.600000 0.350700
11492.400000 0.341200
11493.200000 0.337000
11494.000000 0.333000
11494.800000 0.316800
11495.600000 0.313700
11496.400000 0.309000
11497.200000 0.297800
11498.000000 0.297800
11498.800000 0.308700
11499.600000 0.295000
11500.400000 0.295000
11501.200000 0.292200
11502.000000 0.292200
11502.800000 0.286000
11503.600000 0.286000
11504.400000 0.269800
11505.200000 0.286000
11506.000000 0.269000
11506.800000 0.265000
11507.600000 0.258600
11508.400000 0.251600
11509.200000 0.245500
11510.000000 0.240700
11510.800000 0.237100
11511.600000 0.228700
11512.400000 0.221400
11513.200000 0.216900
11514.000000 0.212700
11514.800000 0.208500
11515.600000 0.203500
11516.400000 0.200100
11517.200000 0.197300
11518.000000 0.192600
11518.800000 0.187000
11519.600000 0.182800
11520.400000 0.179400
11521.200000 0.175800
11522.000000 0.169900
11522.800000 0.167400
11523.600000 0.164600
11524.500000 0.158400
11525.300000 0.153100
11526.100000 0.149200
11526.900000 0.145000
11527.700000 0.144200
11528.500000 0.134100
11529.300000 0.132700
11530.100000 0.130400
11530.900000 0.126500
11531.700000 0.124000
11532.500000 0.122000
11533.300000 0.119200
11534.100000 0.118700
11534.900000 0.110800
11535.700000 0.109400
11536.500000 0.107200
11537.300000 0.103800
11538.100000 0.100800
11538.900000 0.099090
11539.700000 0.097130
11540.500000 0.093770
11541.300000 0.090690
11542.100000 0.088450
11542.900000 0.087050
11543.700000 0.084250
11544.500000 0.080890
11545.300000 0.078930
11546.100000 0.077250
11546.900000 0.075010
11547.700000 0.071650
11548.500000 0.071090
11549.300000 0.069690
11550.100000 0.068010
11550.900000 0.066050
11551.700000 0.065210
11552.500000 0.064090
11553.300000 0.062130
11554.100000 0.059890
11554.900000 0.058490
11555.700000 0.057090
11556.500000 0.055130
11557.300000 0.052890
11558.100000 0.051770
11558.900000 0.050930
11559.700000 0.049250
11560.500000 0.047570
11561.300000 0.046450
11562.100000 0.045330
11562.900000 0.043930
11563.700000 0.042250
11564.500000 0.041680
11565.300000 0.040840
11566.100000 0.040000
11566.900000 0.039720
11567.700000 0.039160
11568.500000 0.038320
11569.300000 0.036920
11570.100000 0.035520
11570.900000 0.035520
11571.700000 0.034950
11572.500000 0.034110
11573.300000 0.033550
11574.100000 0.032710
11574.900000 0.032430
11575.700000 0.031310
11576.500000 0.030750
11577.300000 0.030470
11578.100000 0.030180
11578.900000 0.029060
11579.700000 0.028780
11580.500000 0.028220
11581.300000 0.027660
11582.100000 0.027100
11582.900000 0.025700
11583.700000 0.025420
11584.500000 0.025420
11585.300000 0.024850
11586.100000 0.024850
11586.900000 0.024850
11587.700000 0.024570
11588.500000 0.024010
11589.300000 0.023170
11590.200000 0.022330
11591.000000 0.022320
11591.800000 0.022040
11592.600000 0.021760
11593.400000 0.021480
11594.200000 0.021480
11595.000000 0.020920
11595.800000 0.020360
11596.600000 0.020070
11597.400000 0.019790
11598.200000 0.019510
11599.000000 0.019230
11599.800000 0.019230
11600.600000 0.019230
11601.400000 0.018950
11602.200000 0.018660
11603.000000 0.018100
11603.800000 0.018100
11604.600000 0.017540
11605.400000 0.017260
11606.200000 0.016980
11607.000000 0.016980
11607.800000 0.016970
11608.600000 0.016410
11609.400000 0.015850
11610.200000 0.015850
11611.000000 0.015570
11611.800000 0.015290
11612.600000 0.015280
11613.400000 0.015280
11614.200000 0.015000
11615.000000 0.014720
11615.800000 0.014720
11616.600000 0.014720
11617.400000 0.013600
11618.200000 0.013030
11619.000000 0.013030
11619.800000 0.013030
11620.600000 0.012750
11621.400000 0.012470
11622.200000 0.012470
11623.000000 0.012470
11623.800000 0.011900
11624.600000 0.011340
11625.400000 0.011340
11626.200000 0.011340
11627.000000 0.011060
11627.800000 0.010780
11628.600000 0.010770
11629.400000 0.010490
11630.200000 0.010490
11631.000000 0.010210
11631.800000 0.010210
11632.600000 0.010210
11633.400000 0.009645
11634.200000 0.009084
11635.000000 0.009083
11635.800000 0.009081
11636.600000 0.009079
11637.400000 0.008798
11638.200000 0.008516
11639.000000 0.008514
11639.800000 0.008233
11640.600000 0.007112
11641.400000 0.006831
11642.200000 0.006829
11643.000000 0.006827
11643.800000 0.006826
11644.600000 0.006544
11645.400000 0.006543
11646.200000 0.006261
11647.000000 0.005980
11647.800000 0.005978
11648.600000 0.005697
11649.400000 0.005695
11650.200000 0.005134
11651.000000 0.005132
11651.800000 0.004571
11652.600000 0.004569
11653.400000 0.004567
11654.200000 0.004566
11655.000000 0.004564
11655.800000 0.004562
11656.600000 0.004281
11657.500000 0.004279
11658.300000 0.004277
