88470.000000 0.004286
88530.000000 0.005684
88590.000000 0.007560
88650.000000 0.009912
88710.000000 0.012996
88770.000000 0.017658
88830.000000 0.025001
88890.000000 0.035989
88950.000000 0.052049
89010.000000 0.075708
89070.000000 0.109954
89130.000000 0.157218
89190.000000 0.218078
89250.000000 0.289060
89310.000000 0.362820
89370.000000 0.429992
89430.000000 0.483736
89490.000000 0.522174
89550.000000 0.548425
89610.000000 0.568214
89670.000000 0.586431
89730.000000 0.605804
89790.000000 0.626593
89850.000000 0.646769
89910.000000 0.662773
89970.000000 0.670554
90030.000000 0.667594
90090.000000 0.653682
90150.000000 0.630054
90210.000000 0.598810
90270.000000 0.562680
90330.000000 0.523881
90390.000000 0.483244
90450.000000 0.440327
90510.000000 0.394382
90570.000000 0.345241
90630.000000 0.293576
90690.000000 0.241188
90750.000000 0.191145
90810.000000 0.146521
90870.000000 0.109252
90930.000000 0.079638
90990.000000 0.057143
91050.000000 0.040938
91110.000000 0.029666
91170.000000 0.021666
91230.000000 0.015774
91290.000000 0.011419
91350.000000 0.008416
91410.000000 0.006561
91470.000000 0.005458
91530.000000 0.004634
