1350.000 1
1351.000 1
1352.000 1
1353.000 1
1354.000 1
1355.000 1
1356.000 1
1357.000 1
1358.000 1
1359.000 1
1360.000 1
1361.000 1
1362.000 1
1363.000 1
1364.000 1
1365.000 1
1366.000 1
1367.000 1
1368.000 1
1369.000 1
1370.000 1
1371.000 1
1372.000 1
1373.000 1
1374.000 1
1375.000 1
1376.000 1
1377.000 1
1378.000 1
1379.000 1
1380.000 1
1381.000 1
1382.000 1
1383.000 1
1384.000 1
1385.000 1
1386.000 1
1387.000 1
1388.000 1
1389.000 1
1390.000 1
1391.000 1
1392.000 1
1393.000 1
1394.000 1
1395.000 1
1396.000 1
1397.000 1
1398.000 1
1399.000 1
1400.000 1
1401.000 1
1402.000 1
1403.000 1
1404.000 1
1405.000 1
1406.000 1
1407.000 1
1408.000 1
1409.000 1
1410.000 1
1411.000 1
1412.000 1
1413.000 1
1414.000 1
1415.000 1
1416.000 1
1417.000 1
1418.000 1
1419.000 1
1420.000 1
1421.000 1
1422.000 1
1423.000 1
1424.000 1
1425.000 1
1426.000 1
1427.000 1
1428.000 1
1429.000 1
1430.000 1
1431.000 1
1432.000 1
1433.000 1
1434.000 1
1435.000 1
1436.000 1
1437.000 1
1438.000 1
1439.000 1
1440.000 1
1441.000 1
1442.000 1
1443.000 1
1444.000 1
1445.000 1
1446.000 1
1447.000 1
1448.000 1
1449.000 1
1450.000 1
