1550.000 1
1551.000 1
1552.000 1
1553.000 1
1554.000 1
1555.000 1
1556.000 1
1557.000 1
1558.000 1
1559.000 1
1560.000 1
1561.000 1
1562.000 1
1563.000 1
1564.000 1
1565.000 1
1566.000 1
1567.000 1
1568.000 1
1569.000 1
1570.000 1
1571.000 1
1572.000 1
1573.000 1
1574.000 1
1575.000 1
1576.000 1
1577.000 1
1578.000 1
1579.000 1
1580.000 1
1581.000 1
1582.000 1
1583.000 1
1584.000 1
1585.000 1
1586.000 1
1587.000 1
1588.000 1
1589.000 1
1590.000 1
1591.000 1
1592.000 1
1593.000 1
1594.000 1
1595.000 1
1596.000 1
1597.000 1
1598.000 1
1599.000 1
1600.000 1
1601.000 1
1602.000 1
1603.000 1
1604.000 1
1605.000 1
1606.000 1
1607.000 1
1608.000 1
1609.000 1
1610.000 1
1611.000 1
1612.000 1
1613.000 1
1614.000 1
1615.000 1
1616.000 1
1617.000 1
1618.000 1
1619.000 1
1620.000 1
1621.000 1
1622.000 1
1623.000 1
1624.000 1
1625.000 1
1626.000 1
1627.000 1
1628.000 1
1629.000 1
1630.000 1
1631.000 1
1632.000 1
1633.000 1
1634.000 1
1635.000 1
1636.000 1
1637.000 1
1638.000 1
1639.000 1
1640.000 1
1641.000 1
1642.000 1
1643.000 1
1644.000 1
1645.000 1
1646.000 1
1647.000 1
1648.000 1
1649.000 1
1650.000 1
