1910.000 1
1911.000 1
1912.000 1
1913.000 1
1914.000 1
1915.000 1
1916.000 1
1917.000 1
1918.000 1
1919.000 1
1920.000 1
1921.000 1
1922.000 1
1923.000 1
1924.000 1
1925.000 1
1926.000 1
1927.000 1
1928.000 1
1929.000 1
1930.000 1
1931.000 1
1932.000 1
1933.000 1
1934.000 1
1935.000 1
1936.000 1
1937.000 1
1938.000 1
1939.000 1
1940.000 1
1941.000 1
1942.000 1
1943.000 1
1944.000 1
1945.000 1
1946.000 1
1947.000 1
1948.000 1
1949.000 1
1950.000 1
1951.000 1
1952.000 1
1953.000 1
1954.000 1
1955.000 1
1956.000 1
1957.000 1
1958.000 1
1959.000 1
1960.000 1
1961.000 1
1962.000 1
1963.000 1
1964.000 1
1965.000 1
1966.000 1
1967.000 1
1968.000 1
1969.000 1
1970.000 1
1971.000 1
1972.000 1
1973.000 1
1974.000 1
1975.000 1
1976.000 1
1977.000 1
1978.000 1
1979.000 1
1980.000 1
1981.000 1
1982.000 1
1983.000 1
1984.000 1
1985.000 1
1986.000 1
1987.000 1
1988.000 1
1989.000 1
1990.000 1
1991.000 1
1992.000 1
1993.000 1
1994.000 1
1995.000 1
1996.000 1
1997.000 1
1998.000 1
1999.000 1
2000.000 1
2001.000 1
2002.000 1
2003.000 1
2004.000 1
2005.000 1
2006.000 1
2007.000 1
2008.000 1
2009.000 1
2010.000 1
2011.000 1
2012.000 1
2013.000 1
2014.000 1
2015.000 1
2016.000 1
2017.000 1
2018.000 1
2019.000 1
2020.000 1
