2050.000 1
2051.000 1
2052.000 1
2053.000 1
2054.000 1
2055.000 1
2056.000 1
2057.000 1
2058.000 1
2059.000 1
2060.000 1
2061.000 1
2062.000 1
2063.000 1
2064.000 1
2065.000 1
2066.000 1
2067.000 1
2068.000 1
2069.000 1
2070.000 1
2071.000 1
2072.000 1
2073.000 1
2074.000 1
2075.000 1
2076.000 1
2077.000 1
2078.000 1
2079.000 1
2080.000 1
2081.000 1
2082.000 1
2083.000 1
2084.000 1
2085.000 1
2086.000 1
2087.000 1
2088.000 1
2089.000 1
2090.000 1
2091.000 1
2092.000 1
2093.000 1
2094.000 1
2095.000 1
2096.000 1
2097.000 1
2098.000 1
2099.000 1
2100.000 1
2101.000 1
2102.000 1
2103.000 1
2104.000 1
2105.000 1
2106.000 1
2107.000 1
2108.000 1
2109.000 1
2110.000 1
2111.000 1
2112.000 1
2113.000 1
2114.000 1
2115.000 1
2116.000 1
2117.000 1
2118.000 1
2119.000 1
2120.000 1
2121.000 1
2122.000 1
2123.000 1
2124.000 1
2125.000 1
2126.000 1
2127.000 1
2128.000 1
2129.000 1
2130.000 1
2131.000 1
2132.000 1
2133.000 1
2134.000 1
2135.000 1
2136.000 1
2137.000 1
2138.000 1
2139.000 1
2140.000 1
2141.000 1
2142.000 1
2143.000 1
2144.000 1
2145.000 1
2146.000 1
2147.000 1
2148.000 1
2149.000 1
2150.000 1
