1650.000 1
1651.000 1
1652.000 1
1653.000 1
1654.000 1
1655.000 1
1656.000 1
1657.000 1
1658.000 1
1659.000 1
1660.000 1
1661.000 1
1662.000 1
1663.000 1
1664.000 1
1665.000 1
1666.000 1
1667.000 1
1668.000 1
1669.000 1
1670.000 1
1671.000 1
1672.000 1
1673.000 1
1674.000 1
1675.000 1
1676.000 1
1677.000 1
1678.000 1
1679.000 1
1680.000 1
1681.000 1
1682.000 1
1683.000 1
1684.000 1
1685.000 1
1686.000 1
1687.000 1
1688.000 1
1689.000 1
1690.000 1
1691.000 1
1692.000 1
1693.000 1
1694.000 1
1695.000 1
1696.000 1
1697.000 1
1698.000 1
1699.000 1
1700.000 1
1701.000 1
1702.000 1
1703.000 1
1704.000 1
1705.000 1
1706.000 1
1707.000 1
1708.000 1
1709.000 1
1710.000 1
1711.000 1
1712.000 1
1713.000 1
1714.000 1
1715.000 1
1716.000 1
1717.000 1
1718.000 1
1719.000 1
1720.000 1
1721.000 1
1722.000 1
1723.000 1
1724.000 1
1725.000 1
1726.000 1
1727.000 1
1728.000 1
1729.000 1
1730.000 1
1731.000 1
1732.000 1
1733.000 1
1734.000 1
1735.000 1
1736.000 1
1737.000 1
1738.000 1
1739.000 1
1740.000 1
1741.000 1
1742.000 1
1743.000 1
1744.000 1
1745.000 1
1746.000 1
1747.000 1
1748.000 1
1749.000 1
1750.000 1
