2249.999 0
2250.000 1
2251.000 1
2252.000 1
2253.000 1
2254.000 1
2255.000 1
2256.000 1
2257.000 1
2258.000 1
2259.000 1
2260.000 1
2261.000 1
2262.000 1
2263.000 1
2264.000 1
2265.000 1
2266.000 1
2267.000 1
2268.000 1
2269.000 1
2270.000 1
2271.000 1
2272.000 1
2273.000 1
2274.000 1
2275.000 1
2276.000 1
2277.000 1
2278.000 1
2279.000 1
2280.000 1
2281.000 1
2282.000 1
2283.000 1
2284.000 1
2285.000 1
2286.000 1
2287.000 1
2288.000 1
2289.000 1
2290.000 1
2291.000 1
2292.000 1
2293.000 1
2294.000 1
2295.000 1
2296.000 1
2297.000 1
2298.000 1
2299.000 1
2300.000 1
2301.000 1
2302.000 1
2303.000 1
2304.000 1
2305.000 1
2306.000 1
2307.000 1
2308.000 1
2309.000 1
2310.000 1
2311.000 1
2312.000 1
2313.000 1
2314.000 1
2315.000 1
2316.000 1
2317.000 1
2318.000 1
2319.000 1
2320.000 1
2321.000 1
2322.000 1
2323.000 1
2324.000 1
2325.000 1
2326.000 1
2327.000 1
2328.000 1
2329.000 1
2330.000 1
2331.000 1
2332.000 1
2333.000 1
2334.000 1
2335.000 1
2336.000 1
2337.000 1
2338.000 1
2339.000 1
2340.000 1
2341.000 1
2342.000 1
2343.000 1
2344.000 1
2345.000 1
2346.000 1
2347.000 1
2348.000 1
2349.000 1
2350.000 1
2350.001 0
