1400.000 1
1402.000 1
1404.000 1
1406.000 1
1408.000 1
1410.000 1
1412.000 1
1414.000 1
1416.000 1
1418.000 1
1420.000 1
1422.000 1
1424.000 1
1426.000 1
1428.000 1
1430.000 1
1432.000 1
1434.000 1
1436.000 1
1438.000 1
1440.000 1
1442.000 1
1444.000 1
1446.000 1
1448.000 1
1450.000 1
1452.000 1
1454.000 1
1456.000 1
1458.000 1
1460.000 1
1462.000 1
1464.000 1
1466.000 1
1468.000 1
1470.000 1
1472.000 1
1474.000 1
1476.000 1
1478.000 1
1480.000 1
1482.000 1
1484.000 1
1486.000 1
1488.000 1
1490.000 1
1492.000 1
1494.000 1
1496.000 1
1498.000 1
1500.000 1
1502.000 1
1504.000 1
1506.000 1
1508.000 1
1510.000 1
1512.000 1
1514.000 1
1516.000 1
1518.000 1
1520.000 1
1522.000 1
1524.000 1
1526.000 1
1528.000 1
1530.000 1
1532.000 1
1534.000 1
1536.000 1
1538.000 1
1540.000 1
1542.000 1
1544.000 1
1546.000 1
1548.000 1
1550.000 1
1552.000 1
1554.000 1
1556.000 1
1558.000 1
1560.000 1
1562.000 1
1564.000 1
1566.000 1
1568.000 1
1570.000 1
1572.000 1
1574.000 1
1576.000 1
1578.000 1
1580.000 1
1582.000 1
1584.000 1
1586.000 1
1588.000 1
1590.000 1
1592.000 1
1594.000 1
1596.000 1
1598.000 1
1600.000 1
1602.000 1
1604.000 1
1606.000 1
1608.000 1
1610.000 1
1612.000 1
1614.000 1
1616.000 1
1618.000 1
1620.000 1
1622.000 1
1624.000 1
1626.000 1
1628.000 1
1630.000 1
1632.000 1
1634.000 1
1636.000 1
1638.000 1
1640.000 1
1642.000 1
1644.000 1
1646.000 1
1648.000 1
1650.000 1
1652.000 1
1654.000 1
1656.000 1
1658.000 1
1660.000 1
1662.000 1
1664.000 1
1666.000 1
1668.000 1
1670.000 1
1672.000 1
1674.000 1
1676.000 1
1678.000 1
1680.000 1
1682.000 1
1684.000 1
1686.000 1
1688.000 1
1690.000 1
1692.000 1
1694.000 1
1696.000 1
1698.000 1
1700.000 1
1702.000 1
1704.000 1
1706.000 1
1708.000 1
1710.000 1
1712.000 1
1714.000 1
1716.000 1
1718.000 1
1720.000 1
1722.000 1
1724.000 1
1726.000 1
1728.000 1
1730.000 1
