2200.000 1
2202.000 1
2204.000 1
2206.000 1
2208.000 1
2210.000 1
2212.000 1
2214.000 1
2216.000 1
2218.000 1
2220.000 1
2222.000 1
2224.000 1
2226.000 1
2228.000 1
2230.000 1
2232.000 1
2234.000 1
2236.000 1
2238.000 1
2240.000 1
2242.000 1
2244.000 1
2246.000 1
2248.000 1
2250.000 1
2252.000 1
2254.000 1
2256.000 1
2258.000 1
2260.000 1
2262.000 1
2264.000 1
2266.000 1
2268.000 1
2270.000 1
2272.000 1
2274.000 1
2276.000 1
2278.000 1
2280.000 1
2282.000 1
2284.000 1
2286.000 1
2288.000 1
2290.000 1
2292.000 1
2294.000 1
2296.000 1
2298.000 1
2300.000 1
2302.000 1
2304.000 1
2306.000 1
2308.000 1
2310.000 1
2312.000 1
2314.000 1
2316.000 1
2318.000 1
2320.000 1
2322.000 1
2324.000 1
2326.000 1
2328.000 1
2330.000 1
2332.000 1
2334.000 1
2336.000 1
2338.000 1
2340.000 1
2342.000 1
2344.000 1
2346.000 1
2348.000 1
2350.000 1
2352.000 1
2354.000 1
2356.000 1
2358.000 1
2360.000 1
2362.000 1
2364.000 1
2366.000 1
2368.000 1
2370.000 1
2372.000 1
2374.000 1
2376.000 1
2378.000 1
2380.000 1
2382.000 1
2384.000 1
2386.000 1
2388.000 1
2390.000 1
2392.000 1
2394.000 1
2396.000 1
2398.000 1
2400.000 1
2402.000 1
2404.000 1
2406.000 1
2408.000 1
2410.000 1
2412.000 1
2414.000 1
2416.000 1
2418.000 1
2420.000 1
2422.000 1
2424.000 1
2426.000 1
2428.000 1
2430.000 1
2432.000 1
2434.000 1
2436.000 1
2438.000 1
2440.000 1
2442.000 1
2444.000 1
2446.000 1
2448.000 1
2450.000 1
2452.000 1
2454.000 1
2456.000 1
2458.000 1
2460.000 1
2462.000 1
2464.000 1
2466.000 1
2468.000 1
2470.000 1
2472.000 1
2474.000 1
2476.000 1
2478.000 1
2480.000 1
2482.000 1
2484.000 1
2486.000 1
2488.000 1
2490.000 1
2492.000 1
2494.000 1
2496.000 1
2498.000 1
2500.000 1
2502.000 1
2504.000 1
2506.000 1
2508.000 1
2510.000 1
2512.000 1
2514.000 1
2516.000 1
2518.000 1
2520.000 1
2522.000 1
2524.000 1
2526.000 1
2528.000 1
2530.000 1
