2585.000 1
2587.000 1
2589.000 1
2591.000 1
2593.000 1
2595.000 1
2597.000 1
2599.000 1
2601.000 1
2603.000 1
2605.000 1
2607.000 1
2609.000 1
2611.000 1
2613.000 1
2615.000 1
2617.000 1
2619.000 1
2621.000 1
2623.000 1
2625.000 1
2627.000 1
2629.000 1
2631.000 1
2633.000 1
2635.000 1
2637.000 1
2639.000 1
2641.000 1
2643.000 1
2645.000 1
2647.000 1
2649.000 1
2651.000 1
2653.000 1
2655.000 1
2657.000 1
2659.000 1
2661.000 1
2663.000 1
2665.000 1
2667.000 1
2669.000 1
2671.000 1
2673.000 1
2675.000 1
2677.000 1
2679.000 1
2681.000 1
2683.000 1
2685.000 1
2687.000 1
2689.000 1
2691.000 1
2693.000 1
2695.000 1
2697.000 1
2699.000 1
2701.000 1
2703.000 1
2705.000 1
2707.000 1
2709.000 1
2711.000 1
2713.000 1
2715.000 1
2717.000 1
2719.000 1
2721.000 1
2723.000 1
2725.000 1
2727.000 1
2729.000 1
2731.000 1
2733.000 1
2735.000 1
2737.000 1
2739.000 1
2741.000 1
2743.000 1
2745.000 1
2747.000 1
2749.000 1
2751.000 1
2753.000 1
2755.000 1
2757.000 1
2759.000 1
2761.000 1
2763.000 1
2765.000 1
2767.000 1
2769.000 1
2771.000 1
2773.000 1
2775.000 1
2777.000 1
2779.000 1
2781.000 1
2783.000 1
2785.000 1
2787.000 1
2789.000 1
2791.000 1
2793.000 1
2795.000 1
2797.000 1
2799.000 1
2801.000 1
2803.000 1
2805.000 1
2807.000 1
2809.000 1
2811.000 1
2813.000 1
2815.000 1
2817.000 1
2819.000 1
2821.000 1
2823.000 1
2825.000 1
2827.000 1
2829.000 1
2831.000 1
2833.000 1
2835.000 1
2837.000 1
2839.000 1
2841.000 1
2843.000 1
2845.000 1
2847.000 1
2849.000 1
2851.000 1
2853.000 1
2855.000 1
2857.000 1
2859.000 1
2861.000 1
2863.000 1
2865.000 1
2867.000 1
2869.000 1
2871.000 1
2873.000 1
2875.000 1
2877.000 1
2879.000 1
2881.000 1
2883.000 1
2885.000 1
2887.000 1
2889.000 1
2891.000 1
2893.000 1
2895.000 1
