4115.7 0.000
4123.3 0.003
4130.9 0.006
4138.4 0.009
4146.0 0.013
4153.5 0.016
4161.0 0.020
4168.6 0.023
4176.1 0.026
4183.5 0.034
4191.0 0.046
4198.5 0.061
4205.9 0.077
4213.3 0.094
4220.8 0.110
4228.2 0.127
4235.6 0.144
4242.9 0.161
4250.3 0.188
4257.7 0.224
4265.0 0.270
4272.3 0.316
4279.7 0.363
4287.0 0.411
4294.3 0.460
4301.5 0.509
4308.8 0.559
4316.1 0.605
4323.3 0.646
4330.5 0.682
4337.8 0.719
4345.0 0.756
4352.2 0.794
4359.3 0.833
4366.5 0.871
4373.7 0.911
4380.8 0.940
4388.0 0.957
4395.1 0.963
4402.2 0.969
4409.3 0.975
4416.4 0.982
4423.5 0.988
4430.5 0.994
4437.6 1.000
4444.6 1.000
4451.7 0.992
4458.7 0.978
4465.7 0.963
4472.7 0.948
4479.7 0.933
4486.6 0.918
4493.6 0.902
4500.5 0.886
4507.5 0.864
4514.4 0.836
4521.3 0.803
4528.2 0.769
4535.1 0.734
4542.0 0.699
4548.9 0.663
4555.7 0.627
4562.6 0.590
4569.4 0.554
4576.2 0.520
4583.1 0.486
4589.9 0.452
4596.7 0.417
4603.4 0.382
4610.2 0.347
4617.0 0.310
4623.7 0.274
4630.5 0.243
4637.2 0.220
4643.9 0.203
4650.6 0.187
4657.3 0.169
4664.0 0.152
4670.7 0.134
4677.3 0.117
4684.0 0.098
4690.6 0.084
4697.3 0.074
4703.9 0.067
4710.5 0.060
4717.1 0.054
4723.7 0.047
4730.3 0.040
4736.8 0.033
4743.4 0.026
4749.9 0.020
4756.5 0.017
4763.0 0.015
4769.5 0.013
4776.0 0.011
4782.5 0.008
4789.0 0.006
4795.5 0.004
4802.0 0.002
