3737.4 0.000
3745.4 0.001
3753.5 0.003
3761.5 0.004
3769.6 0.006
3777.6 0.008
3785.7 0.010
3793.8 0.012
3801.8 0.014
3809.9 0.017
3818.0 0.019
3826.1 0.022
3834.2 0.025
3842.3 0.028
3850.4 0.032
3858.5 0.037
3866.6 0.042
3874.7 0.048
3882.8 0.054
3890.9 0.061
3899.0 0.068
3907.1 0.077
3915.2 0.088
3923.3 0.101
3931.5 0.116
3939.6 0.134
3947.7 0.154
3955.9 0.177
3964.0 0.204
3972.1 0.236
3980.3 0.274
3988.4 0.316
3996.6 0.362
4004.7 0.414
4012.9 0.470
4021.1 0.529
4029.2 0.590
4037.4 0.652
4045.6 0.713
4053.7 0.769
4061.9 0.819
4070.1 0.862
4078.3 0.900
4086.5 0.931
4094.7 0.956
4102.9 0.975
4111.0 0.989
4119.2 0.997
4127.5 1.000
4135.7 0.996
4143.9 0.982
4152.1 0.960
4160.3 0.928
4168.5 0.889
4176.7 0.841
4185.0 0.786
4193.2 0.726
4201.4 0.664
4209.7 0.599
4217.9 0.535
4226.1 0.475
4234.4 0.423
4242.6 0.377
4250.9 0.335
4259.1 0.298
4267.4 0.264
4275.7 0.234
4283.9 0.207
4292.2 0.182
4300.5 0.158
4308.7 0.138
4317.0 0.120
4325.3 0.105
4333.6 0.093
4341.9 0.083
4350.1 0.073
4358.4 0.065
4366.7 0.058
4375.0 0.052
4383.3 0.047
4391.6 0.044
4399.9 0.042
4408.3 0.039
4416.6 0.037
4424.9 0.035
4433.2 0.033
4441.5 0.031
4449.9 0.029
4458.2 0.027
4466.5 0.025
4474.9 0.022
4483.2 0.018
4491.5 0.016
4499.9 0.013
4508.2 0.011
4516.6 0.009
4524.9 0.007
4533.3 0.005
4541.7 0.002
