3674.0 0.000
3683.4 0.003
3692.9 0.007
3702.3 0.010
3711.8 0.014
3721.2 0.018
3730.7 0.024
3740.2 0.031
3749.6 0.039
3759.1 0.047
3768.6 0.055
3778.0 0.066
3787.5 0.079
3797.0 0.096
3806.5 0.112
3815.9 0.129
3825.4 0.148
3834.9 0.172
3844.4 0.200
3853.9 0.231
3863.4 0.262
3872.8 0.293
3882.3 0.327
3891.8 0.365
3901.3 0.405
3910.8 0.446
3920.3 0.487
3929.8 0.530
3939.3 0.573
3948.8 0.618
3958.3 0.664
3967.8 0.711
3977.3 0.758
3986.8 0.802
3996.3 0.841
4005.8 0.877
4015.4 0.912
4024.9 0.949
4034.4 0.979
4043.9 0.996
4053.4 1.000
4062.9 0.997
4072.5 0.994
4082.0 0.991
4091.5 0.963
4101.0 0.912
4110.6 0.835
4120.1 0.758
4129.6 0.678
4139.2 0.601
4148.7 0.530
4158.3 0.464
4167.8 0.401
4177.3 0.337
4186.9 0.272
4196.4 0.221
4206.0 0.186
4215.5 0.166
4225.1 0.146
4234.6 0.125
4244.2 0.107
4253.7 0.093
4263.3 0.083
4272.8 0.076
4282.4 0.068
4292.0 0.061
4301.5 0.055
4311.1 0.052
4320.6 0.051
4330.2 0.051
4339.8 0.050
4349.3 0.050
4358.9 0.052
4368.5 0.055
4378.1 0.059
4387.6 0.063
4397.2 0.068
4406.8 0.072
4416.4 0.077
4426.0 0.083
4435.6 0.088
4445.1 0.094
4454.7 0.098
4464.3 0.098
4473.9 0.094
4483.5 0.089
4493.1 0.083
4502.7 0.077
4512.3 0.072
4521.9 0.066
4531.5 0.060
4541.1 0.054
4550.7 0.047
4560.3 0.041
4569.9 0.034
4579.5 0.028
4589.1 0.021
4598.7 0.014
4608.4 0.007
