6510.00 0.0000
6515.00 0.0025
6520.00 0.0025
6525.00 0.0050
6530.00 0.0100
6535.00 0.0133
6540.00 0.0300
6545.00 0.0500
6550.00 0.0995
6555.00 0.2000
6560.00 0.4250
6565.00 0.6260
6570.00 0.8200
6575.00 0.8900
6580.00 0.8995
6585.00 0.8900
6590.00 0.9030
6595.00 0.9000
6600.00 0.8950
6605.00 0.9000
6610.00 0.8900
6615.00 0.8500
6620.00 0.7500
6625.00 0.5700
6630.00 0.3650
6635.00 0.1880
6640.00 0.1030
6645.00 0.0550
6650.00 0.0300
6655.00 0.0100
6660.00 0.0060
6665.00 0.0030
6670.00 0.0020
6675.00 0.0000
