5430.00 0.0010
5467.00 0.0060
5481.00 0.0110
5493.00 0.0170
5517.00 0.0370
5536.00 0.0640
5562.00 0.1150
5593.00 0.1840
5613.00 0.2550
5631.00 0.3550
5636.00 0.3470
5640.00 0.3630
5656.00 0.4350
5685.00 0.5460
5720.00 0.6450
5748.00 0.7170
5786.00 0.7660
5808.00 0.7850
5841.00 0.8080
5866.00 0.8170
5903.00 0.8190
5927.00 0.8190
5957.00 0.8160
5969.00 0.8140
5984.00 0.8110
6003.00 0.8070
6018.00 0.8040
6033.00 0.8000
6048.00 0.7960
6070.00 0.7880
6102.00 0.7820
6129.00 0.7700
6166.00 0.7610
6213.00 0.7440
6327.00 0.6970
6625.00 0.5560
6690.00 0.5240
6695.00 0.5140
6861.00 0.4310
6921.00 0.3910
6988.00 0.3640
7022.00 0.3390
7129.00 0.2920
7171.00 0.2740
7174.00 0.2650
7300.00 0.2170
7523.00 0.1360
7599.00 0.1150
7641.00 0.1030
7695.00 0.0900
7767.00 0.0750
7809.00 0.0650
7858.00 0.0580
7917.00 0.0470
7971.00 0.0410
8075.00 0.0280
8178.00 0.0200
8264.00 0.0130
8365.00 0.0090
8453.00 0.0060
8502.00 0.0040
