7080.000000 0.004562
7090.000000 0.006836
7100.000000 0.009995
7110.000000 0.014160
7120.000000 0.019620
7130.000000 0.026600
7140.000000 0.035110
7150.000000 0.045460
7160.000000 0.057750
7170.000000 0.071930
7180.000000 0.088350
7190.000000 0.107000
7200.000000 0.127400
7210.000000 0.149900
7220.000000 0.174100
7230.000000 0.199900
7240.000000 0.227200
7250.000000 0.255700
7260.000000 0.284600
7270.000000 0.314400
7280.000000 0.344600
7290.000000 0.374300
7300.000000 0.404100
7310.000000 0.433700
7320.000000 0.462300
7330.000000 0.490500
7340.000000 0.517700
7350.000000 0.543600
7360.000000 0.569100
7370.000000 0.593400
7380.000000 0.616100
7390.000000 0.638200
7400.000000 0.659400
7410.000000 0.679400
7420.000000 0.698200
7430.000000 0.716100
7440.000000 0.733000
7450.000000 0.749000
7460.000000 0.764400
7470.000000 0.778600
7480.000000 0.791900
7490.000000 0.804600
7500.000000 0.816500
7510.000000 0.827700
7520.000000 0.838200
7530.000000 0.847600
7540.000000 0.856600
7550.000000 0.865000
7560.000000 0.872100
7570.000000 0.878900
7580.000000 0.885300
7590.000000 0.890700
7600.000000 0.895500
7610.000000 0.900100
7620.000000 0.903900
7630.000000 0.907200
7640.000000 0.910600
7650.000000 0.913300
7660.000000 0.915500
7670.000000 0.917700
7680.000000 0.919200
7690.000000 0.920700
7700.000000 0.922700
7710.000000 0.923900
7720.000000 0.925100
7730.000000 0.926500
7740.000000 0.927400
7750.000000 0.928400
7760.000000 0.929400
7770.000000 0.930300
7780.000000 0.931200
7790.000000 0.932400
7800.000000 0.933200
7810.000000 0.933700
7820.000000 0.934600
7830.000000 0.934700
7840.000000 0.934900
7850.000000 0.935000
7860.000000 0.934900
7870.000000 0.935000
7880.000000 0.934600
7890.000000 0.934000
7900.000000 0.933200
7910.000000 0.932100
7920.000000 0.931000
7930.000000 0.929600
7940.000000 0.928400
7950.000000 0.927100
7960.000000 0.925700
7970.000000 0.924500
7980.000000 0.922900
7990.000000 0.921500
8000.000000 0.920400
8010.000000 0.919300
8020.000000 0.918300
8030.000000 0.917700
8040.000000 0.917300
8050.000000 0.916800
8060.000000 0.916500
8070.000000 0.916100
8080.000000 0.916300
8090.000000 0.916900
8100.000000 0.916900
8110.000000 0.917200
8120.000000 0.917700
8130.000000 0.918100
8140.000000 0.918800
8150.000000 0.919800
8160.000000 0.920200
8170.000000 0.920400
8180.000000 0.921000
8190.000000 0.921600
8200.000000 0.921800
8210.000000 0.921400
8220.000000 0.921200
8230.000000 0.920900
8240.000000 0.920200
8250.000000 0.919800
8260.000000 0.919500
8270.000000 0.918600
8280.000000 0.918000
8290.000000 0.917300
8300.000000 0.914500
8310.000000 0.911900
8320.000000 0.911000
8330.000000 0.909900
8340.000000 0.909000
8350.000000 0.908000
8360.000000 0.906500
8370.000000 0.905800
8380.000000 0.905000
8390.000000 0.903500
8400.000000 0.902800
8410.000000 0.902000
8420.000000 0.900500
8430.000000 0.899300
8440.000000 0.898000
8450.000000 0.896400
8460.000000 0.895100
8470.000000 0.893300
8480.000000 0.890700
8490.000000 0.888900
8500.000000 0.887000
8510.000000 0.884200
8520.000000 0.882400
8530.000000 0.879800
8540.000000 0.876400
8550.000000 0.874000
8560.000000 0.871200
8570.000000 0.867700
8580.000000 0.865000
8590.000000 0.862100
8600.000000 0.858500
8610.000000 0.855100
8620.000000 0.851600
8630.000000 0.848300
8640.000000 0.845400
8650.000000 0.841700
8660.000000 0.837900
8670.000000 0.834500
8680.000000 0.829500
8690.000000 0.823300
8700.000000 0.816900
8710.000000 0.808400
8720.000000 0.798000
8730.000000 0.785600
8740.000000 0.769500
8750.000000 0.749500
8760.000000 0.725800
8770.000000 0.696900
8780.000000 0.662800
8790.000000 0.623400
8800.000000 0.579300
8810.000000 0.531600
8820.000000 0.479900
8830.000000 0.427600
8840.000000 0.377500
8850.000000 0.328000
8860.000000 0.281100
8870.000000 0.239700
8880.000000 0.202500
8890.000000 0.169900
8900.000000 0.142100
8910.000000 0.118500
8920.000000 0.098620
8930.000000 0.082080
8940.000000 0.068600
8950.000000 0.057280
8960.000000 0.047960
8970.000000 0.040560
8980.000000 0.034480
8990.000000 0.029370
9000.000000 0.025130
9010.000000 0.021530
9020.000000 0.018630
9030.000000 0.016190
9040.000000 0.014210
9050.000000 0.012630
9060.000000 0.011370
9070.000000 0.010120
9080.000000 0.009140
9090.000000 0.008545
9100.000000 0.007858
9110.000000 0.007172
9120.000000 0.006622
9130.000000 0.006210
9140.000000 0.005905
9150.000000 0.005722
9160.000000 0.005432
9170.000000 0.005051
9180.000000 0.004883
9190.000000 0.004837
9200.000000 0.004669
9210.000000 0.004501
9220.000000 0.004456
9230.000000 0.004410
9240.000000 0.004364
9250.000000 0.004318
9260.000000 0.004272
9270.000000 0.004227
9280.000000 0.004181
9290.000000 0.004135
9300.000000 0.004196
9310.000000 0.004150
9320.000000 0.004120
9330.000000 0.004074
9340.000000 0.004044
9350.000000 0.004105
9360.000000 0.004074
9370.000000 0.004044
