3120.0 0.0000
3121.0 0.0160
3122.0 0.0220
3123.0 0.0280
3124.0 0.0340
3125.0 0.0400
3126.0 0.0460
3127.0 0.0520
3128.0 0.0580
3129.0 0.0640
3130.0 0.0700
3131.0 0.0760
3132.0 0.0820
3133.0 0.0880
3134.0 0.0940
3135.0 0.1000
3136.0 0.1060
3137.0 0.1120
3138.0 0.1180
3139.0 0.1240
3140.0 0.1300
3141.0 0.1285
3142.0 0.1270
3143.0 0.1255
3144.0 0.1240
3145.0 0.1225
3146.0 0.1210
3147.0 0.1195
3148.0 0.1180
3149.0 0.1165
3150.0 0.1150
3151.0 0.1135
3152.0 0.1120
3153.0 0.1105
3154.0 0.1090
3155.0 0.1075
3156.0 0.1060
3157.0 0.1045
3158.0 0.1030
3159.0 0.1015
3160.0 0.1000
3161.0 0.1050
3162.0 0.1100
3163.0 0.1150
3164.0 0.1200
3165.0 0.1250
3166.0 0.1300
3167.0 0.1350
3168.0 0.1400
3169.0 0.1450
3170.0 0.1500
3171.0 0.1540
3172.0 0.1580
3173.0 0.1620
3174.0 0.1660
3175.0 0.1700
3176.0 0.1740
3177.0 0.1780
3178.0 0.1820
3179.0 0.1860
3180.0 0.1900
3181.0 0.1980
3182.0 0.2060
3183.0 0.2140
3184.0 0.2220
3185.0 0.2300
3186.0 0.2380
3187.0 0.2460
3188.0 0.2540
3189.0 0.2620
3190.0 0.2700
3191.0 0.2760
3192.0 0.2820
3193.0 0.2880
3194.0 0.2940
3195.0 0.3000
3196.0 0.3060
3197.0 0.3120
3198.0 0.3180
3199.0 0.3240
3200.0 0.3300
3201.0 0.3330
3202.0 0.3360
3203.0 0.3390
3204.0 0.3420
3205.0 0.3450
3206.0 0.3480
3207.0 0.3510
3208.0 0.3540
3209.0 0.3570
3210.0 0.3600
3211.0 0.3610
3212.0 0.3620
3213.0 0.3630
3214.0 0.3640
3215.0 0.3650
3216.0 0.3660
3217.0 0.3670
3218.0 0.3680
3219.0 0.3690
3220.0 0.3700
3221.0 0.3715
3222.0 0.3730
3223.0 0.3745
3224.0 0.3760
3225.0 0.3775
3226.0 0.3790
3227.0 0.3805
3228.0 0.3820
3229.0 0.3835
3230.0 0.3850
3231.0 0.3865
3232.0 0.3880
3233.0 0.3895
3234.0 0.3910
3235.0 0.3925
3236.0 0.3940
3237.0 0.3955
3238.0 0.3970
3239.0 0.3985
3240.0 0.4000
3241.0 0.4005
3242.0 0.4010
3243.0 0.4015
3244.0 0.4020
3245.0 0.4025
3246.0 0.4030
3247.0 0.4035
3248.0 0.4040
3249.0 0.4045
3250.0 0.4050
3251.0 0.4055
3252.0 0.4060
3253.0 0.4065
3254.0 0.4070
3255.0 0.4075
3256.0 0.4080
3257.0 0.4085
3258.0 0.4090
3259.0 0.4095
3260.0 0.4100
3261.0 0.4103
3262.0 0.4105
3263.0 0.4108
3264.0 0.4110
3265.0 0.4112
3266.0 0.4115
3267.0 0.4117
3268.0 0.4120
3269.0 0.4122
3270.0 0.4125
3271.0 0.4128
3272.0 0.4130
3273.0 0.4132
3274.0 0.4135
3275.0 0.4137
3276.0 0.4140
3277.0 0.4142
3278.0 0.4145
3279.0 0.4147
3280.0 0.4150
3281.0 0.4155
3282.0 0.4160
3283.0 0.4165
3284.0 0.4170
3285.0 0.4175
3286.0 0.4180
3287.0 0.4185
3288.0 0.4190
3289.0 0.4195
3290.0 0.4200
3291.0 0.4215
3292.0 0.4230
3293.0 0.4245
3294.0 0.4260
3295.0 0.4275
3296.0 0.4290
3297.0 0.4305
3298.0 0.4320
3299.0 0.4335
3300.0 0.4350
3301.0 0.4363
3302.0 0.4375
3303.0 0.4387
3304.0 0.4400
3305.0 0.4412
3306.0 0.4425
3307.0 0.4437
3308.0 0.4450
3309.0 0.4462
3310.0 0.4475
3311.0 0.4488
3312.0 0.4500
3313.0 0.4513
3314.0 0.4525
3315.0 0.4538
3316.0 0.4550
3317.0 0.4563
3318.0 0.4575
3319.0 0.4588
3320.0 0.4600
3321.0 0.4610
3322.0 0.4620
3323.0 0.4630
3324.0 0.4640
3325.0 0.4650
3326.0 0.4660
3327.0 0.4670
3328.0 0.4680
3329.0 0.4690
3330.0 0.4700
3331.0 0.4710
3332.0 0.4720
3333.0 0.4730
3334.0 0.4740
3335.0 0.4750
3336.0 0.4760
3337.0 0.4770
3338.0 0.4780
3339.0 0.4790
3340.0 0.4800
3341.0 0.4805
3342.0 0.4810
3343.0 0.4815
3344.0 0.4820
3345.0 0.4825
3346.0 0.4830
3347.0 0.4835
3348.0 0.4840
3349.0 0.4845
3350.0 0.4850
3351.0 0.4855
3352.0 0.4860
3353.0 0.4865
3354.0 0.4870
3355.0 0.4875
3356.0 0.4880
3357.0 0.4885
3358.0 0.4890
3359.0 0.4895
3360.0 0.4900
3361.0 0.4905
3362.0 0.4910
3363.0 0.4915
3364.0 0.4920
3365.0 0.4925
3366.0 0.4930
3367.0 0.4935
3368.0 0.4940
3369.0 0.4945
3370.0 0.4950
3371.0 0.4955
3372.0 0.4960
3373.0 0.4965
3374.0 0.4970
3375.0 0.4975
3376.0 0.4980
3377.0 0.4985
3378.0 0.4990
3379.0 0.4995
3380.0 0.5000
3381.0 0.5004
3382.0 0.5008
3383.0 0.5012
3384.0 0.5016
3385.0 0.5020
3386.0 0.5024
3387.0 0.5028
3388.0 0.5032
3389.0 0.5036
3390.0 0.5040
3391.0 0.5044
3392.0 0.5048
3393.0 0.5052
3394.0 0.5056
3395.0 0.5060
3396.0 0.5064
3397.0 0.5068
3398.0 0.5072
3399.0 0.5076
3400.0 0.5080
3401.0 0.5086
3402.0 0.5092
3403.0 0.5098
3404.0 0.5104
3405.0 0.5110
3406.0 0.5116
3407.0 0.5122
3408.0 0.5128
3409.0 0.5134
3410.0 0.5140
3411.0 0.5146
3412.0 0.5152
3413.0 0.5158
3414.0 0.5164
3415.0 0.5170
3416.0 0.5176
3417.0 0.5182
3418.0 0.5188
3419.0 0.5194
3420.0 0.5200
3421.0 0.5200
3422.0 0.5200
3423.0 0.5200
3424.0 0.5200
3425.0 0.5200
3426.0 0.5200
3427.0 0.5200
3428.0 0.5200
3429.0 0.5200
3430.0 0.5200
3431.0 0.5200
3432.0 0.5200
3433.0 0.5200
3434.0 0.5200
3435.0 0.5200
3436.0 0.5200
3437.0 0.5200
3438.0 0.5200
3439.0 0.5200
3440.0 0.5200
3441.0 0.5199
3442.0 0.5198
3443.0 0.5197
3444.0 0.5196
3445.0 0.5195
3446.0 0.5194
3447.0 0.5193
3448.0 0.5192
3449.0 0.5191
3450.0 0.5190
3451.0 0.5189
3452.0 0.5188
3453.0 0.5187
3454.0 0.5186
3455.0 0.5185
3456.0 0.5184
3457.0 0.5183
3458.0 0.5182
3459.0 0.5181
3460.0 0.5180
3461.0 0.5178
3462.0 0.5177
3463.0 0.5175
3464.0 0.5174
3465.0 0.5173
3466.0 0.5171
3467.0 0.5170
3468.0 0.5168
3469.0 0.5167
3470.0 0.5165
3471.0 0.5163
3472.0 0.5162
3473.0 0.5160
3474.0 0.5159
3475.0 0.5157
3476.0 0.5156
3477.0 0.5155
3478.0 0.5153
3479.0 0.5152
3480.0 0.5150
3481.0 0.5142
3482.0 0.5135
3483.0 0.5127
3484.0 0.5120
3485.0 0.5113
3486.0 0.5105
3487.0 0.5098
3488.0 0.5090
3489.0 0.5082
3490.0 0.5075
3491.0 0.5067
3492.0 0.5060
3493.0 0.5052
3494.0 0.5045
3495.0 0.5037
3496.0 0.5030
3497.0 0.5023
3498.0 0.5015
3499.0 0.5008
3500.0 0.5000
3501.0 0.4975
3502.0 0.4950
3503.0 0.4925
3504.0 0.4900
3505.0 0.4875
3506.0 0.4850
3507.0 0.4825
3508.0 0.4800
3509.0 0.4775
3510.0 0.4750
3511.0 0.4725
3512.0 0.4700
3513.0 0.4675
3514.0 0.4650
3515.0 0.4625
3516.0 0.4600
3517.0 0.4575
3518.0 0.4550
3519.0 0.4525
3520.0 0.4500
3521.0 0.4400
3522.0 0.4300
3523.0 0.4200
3524.0 0.4100
3525.0 0.4000
3526.0 0.3900
3527.0 0.3800
3528.0 0.3700
3529.0 0.3600
3530.0 0.3500
3531.0 0.3440
3532.0 0.3380
3533.0 0.3320
3534.0 0.3260
3535.0 0.3200
3536.0 0.3140
3537.0 0.3080
3538.0 0.3020
3539.0 0.2960
3540.0 0.2900
3541.0 0.2840
3542.0 0.2780
3543.0 0.2720
3544.0 0.2660
3545.0 0.2600
3546.0 0.2540
3547.0 0.2480
3548.0 0.2420
3549.0 0.2360
3550.0 0.2300
3551.0 0.2250
3552.0 0.2200
3553.0 0.2150
3554.0 0.2100
3555.0 0.2050
3556.0 0.2000
3557.0 0.1950
3558.0 0.1900
3559.0 0.1850
3560.0 0.1800
3561.0 0.1720
3562.0 0.1640
3563.0 0.1560
3564.0 0.1480
3565.0 0.1400
3566.0 0.1320
3567.0 0.1240
3568.0 0.1160
3569.0 0.1080
3570.0 0.1000
3571.0 0.0950
3572.0 0.0900
3573.0 0.0850
3574.0 0.0800
3575.0 0.0750
3576.0 0.0700
3577.0 0.0650
3578.0 0.0600
3579.0 0.0550
3580.0 0.0500
3581.0 0.0485
3582.0 0.0470
3583.0 0.0455
3584.0 0.0440
3585.0 0.0425
3586.0 0.0410
3587.0 0.0395
3588.0 0.0380
3589.0 0.0365
3590.0 0.0350
3591.0 0.0335
3592.0 0.0320
3593.0 0.0305
3594.0 0.0290
3595.0 0.0275
3596.0 0.0260
3597.0 0.0245
3598.0 0.0230
3599.0 0.0215
3600.0 0.0200
3601.0 0.0195
3602.0 0.0190
3603.0 0.0185
3604.0 0.0180
3605.0 0.0175
3606.0 0.0170
3607.0 0.0165
3608.0 0.0160
3609.0 0.0155
3610.0 0.0150
3611.0 0.0145
3612.0 0.0140
3613.0 0.0135
3614.0 0.0130
3615.0 0.0125
3616.0 0.0120
3617.0 0.0115
3618.0 0.0110
3619.0 0.0105
3620.0 0.0100
3621.0 0.0096
3622.0 0.0093
3623.0 0.0089
3624.0 0.0086
3625.0 0.0082
3626.0 0.0079
3627.0 0.0075
3628.0 0.0072
3629.0 0.0069
3630.0 0.0065
3631.0 0.0061
3632.0 0.0058
3633.0 0.0055
3634.0 0.0051
3635.0 0.0047
3636.0 0.0044
3637.0 0.0041
3638.0 0.0037
3639.0 0.0033
3640.0 0.0030
3641.0 0.0029
3642.0 0.0029
3643.0 0.0028
3644.0 0.0027
3645.0 0.0026
3646.0 0.0026
3647.0 0.0025
3648.0 0.0024
3649.0 0.0023
3650.0 0.0022
3651.0 0.0022
3652.0 0.0021
3653.0 0.0020
3654.0 0.0020
3655.0 0.0019
3656.0 0.0018
3657.0 0.0017
3658.0 0.0016
3659.0 0.0016
3660.0 0.0015
3661.0 0.0014
3662.0 0.0014
3663.0 0.0013
3664.0 0.0012
3665.0 0.0011
3666.0 0.0010
3667.0 0.0010
3668.0 0.0009
3669.0 0.0008
3670.0 0.0008
3671.0 0.0007
3672.0 0.0006
3673.0 0.0005
3674.0 0.0004
3675.0 0.0004
3676.0 0.0003
3677.0 0.0002
3678.0 0.0002
3679.0 0.0001
3680.0 0.0000
