6365	0
6385.7057 0.0091973965
6386.006 0.0092062934
6386.3063 0.0092167462
6386.6066 0.0092289056
6386.9069 0.0092429227
6387.2072 0.0092589479
6387.5075 0.0092771318
6387.8078 0.0092976249
6388.1081 0.0093205779
6388.4084 0.0093461413
6388.7087 0.0093744655
6389.009 0.0094057007
6389.3093 0.0094399097
6389.6096 0.0094769398
6389.9099 0.0095166384
6390.2102 0.009558853
6390.5105 0.0096034315
6390.8108 0.009650225
6391.1111 0.009699085
6391.4114 0.0097498633
6391.7117 0.0098024119
6392.012 0.0098565827
6392.3123 0.0099122276
6392.6126 0.0099691981
6392.9129 0.010027346
6393.2132 0.010086523
6393.5135 0.010146583
6393.8138 0.010207377
6394.1141 0.010268757
6394.4144 0.010330577
6394.7147 0.010392687
6395.015 0.01045494
6395.3153 0.010517234
6395.6156 0.010579571
6395.9159 0.010641957
6396.2162 0.010704395
6396.5165 0.010766887
6396.8168 0.01082943
6397.1171 0.010892019
6397.4174 0.010954652
6397.7177 0.011017322
6398.018 0.011080027
6398.3183 0.011142761
6398.6186 0.011205521
6398.9189 0.011268303
6399.2192 0.011331102
6399.5195 0.011393915
6399.8198 0.011456737
6400.1201 0.011519564
6400.4204 0.011582392
6400.7207 0.011645216
6401.021 0.011708034
6401.3213 0.011770839
6401.6216 0.011833476
6401.9219 0.01189579
6402.2222 0.011957624
6402.5225 0.012018825
6402.8228 0.012079241
6403.1231 0.01213872
6403.4234 0.012197112
6403.7237 0.012254265
6404.024 0.012310028
6404.3243 0.012364251
6404.6246 0.012416783
6404.9249 0.012467473
6405.2252 0.012516316
6405.5255 0.012563314
6405.8258 0.012608471
6406.1261 0.01265179
6406.4264 0.012693273
6406.7267 0.012732925
6407.027 0.012770747
6407.3273 0.012806744
6407.6276 0.012841222
6407.9279 0.012874489
6408.2282 0.012906851
6408.5285 0.012938612
6408.8288 0.012970076
6409.1291 0.013001545
6409.4294 0.01303332
6409.7297 0.013065703
6410.03 0.013098996
6410.3303 0.013133501
6410.6306 0.013169518
6410.9309 0.01320735
6411.2312 0.013247006
6411.5315 0.01328848
6411.8318 0.013331766
6412.1321 0.01337686
6412.4324 0.013423755
6412.7327 0.013472445
6413.033 0.013522925
6413.3333 0.013575187
6413.6336 0.013629075
6413.9339 0.013684431
6414.2342 0.01374122
6414.5345 0.01379944
6414.8348 0.013859093
6415.1351 0.013920184
6415.4354 0.013982716
6415.7357 0.014046694
6416.036 0.014112121
6416.3363 0.014179003
6416.6366 0.014247342
6416.9369 0.014317143
6417.2372 0.014388556
6417.5375 0.014461739
6417.8378 0.014536964
6418.1381 0.014614543
6418.4384 0.014694785
6418.7387 0.014778003
6419.039 0.014864506
6419.3393 0.014954606
6419.6396 0.015048613
6419.9399 0.015146839
6420.2402 0.015249345
6420.5405 0.015356137
6420.8408 0.015467213
6421.1411 0.015582575
6421.4414 0.015702328
6421.7417 0.015826624
6422.042 0.015955618
6422.3423 0.016089463
6422.6426 0.016228312
6422.9429 0.016372317
6423.2432 0.016521633
6423.5435 0.016676412
6423.8438 0.016836577
6424.1441 0.017001976
6424.4444 0.017172453
6424.7447 0.017347857
6425.045 0.017528033
6425.3453 0.017712828
6425.6456 0.017902088
6425.9459 0.018095661
6426.2462 0.018293516
6426.5465 0.018495655
6426.8468 0.018702165
6427.1471 0.018913196
6427.4474 0.019128685
6427.7477 0.019348474
6428.048 0.019572407
6428.3483 0.019800324
6428.6486 0.020032156
6428.9489 0.020267898
6429.2492 0.020507545
6429.5495 0.020751093
6429.8498 0.020998653
6430.1502 0.021250374
6430.4505 0.021506485
6430.7508 0.02176729
6431.0511 0.022033089
6431.3514 0.022304185
6431.6517 0.02258088
6431.952 0.022863477
6432.2523 0.023152276
6432.5526 0.023447581
6432.8529 0.023749515
6433.1532 0.024058084
6433.4535 0.024373395
6433.7538 0.024695608
6434.0541 0.025024878
6434.3544 0.025361363
6434.6547 0.025705047
6434.955 0.026055783
6435.2553 0.02641342
6435.5556 0.026777809
6435.8559 0.027148737
6436.1562 0.027525901
6436.4565 0.027908837
6436.7568 0.028296936
6437.0571 0.02868959
6437.3574 0.029086191
6437.6577 0.029486189
6437.958 0.029889131
6438.2583 0.030294559
6438.5586 0.030702019
6438.8589 0.031111144
6439.1592 0.031521629
6439.4595 0.031933164
6439.7598 0.032345441
6440.0601 0.032758148
6440.3604 0.033170974
6440.6607 0.033583697
6440.961 0.033996158
6441.2613 0.034408239
6441.5616 0.034819899
6441.8619 0.035231231
6442.1622 0.0356425
6442.4625 0.036054055
6442.7628 0.036466317
6443.0631 0.036879856
6443.3634 0.037295262
6443.6637 0.037713007
6443.964 0.038133374
6444.2643 0.038556648
6444.5646 0.03898319
6444.8649 0.039413461
6445.1652 0.039847916
6445.4655 0.040287018
6445.7658 0.040731232
6446.0661 0.041181021
6446.3664 0.041636848
6446.6667 0.042099171
6446.967 0.042568453
6447.2673 0.043045079
6447.5676 0.043529447
6447.8679 0.044021931
6448.1682 0.044522823
6448.4685 0.045032409
6448.7688 0.045551142
6449.0691 0.046079298
6449.3694 0.046617115
6449.6697 0.047164889
6449.97 0.047723672
6450.2703 0.048294554
6450.5706 0.04887847
6450.8709 0.049477136
6451.1712 0.050092354
6451.4715 0.050725928
6451.7718 0.051379657
6452.0721 0.05205544
6452.3724 0.05275634
6452.6727 0.053485103
6452.973 0.054243541
6453.2733 0.0550335
6453.5736 0.055857608
6453.8739 0.056718616
6454.1742 0.057619257
6454.4745 0.058562272
6454.7748 0.05955008
6455.0751 0.060585006
6455.3754 0.061669389
6455.6757 0.062805564
6455.976 0.063994539
6456.2763 0.065237249
6456.5766 0.066534713
6456.8769 0.067886098
6457.1772 0.0692904
6457.4775 0.070746611
6457.7778 0.072253724
6458.0781 0.073810547
6458.3784 0.075414704
6458.6787 0.077065813
6458.979 0.078765359
6459.2793 0.08051483
6459.5796 0.082313795
6459.8799 0.084161449
6460.1802 0.086057013
6460.4805 0.087999703
6460.7808 0.089988876
6461.0811 0.092023996
6461.3814 0.094109061
6461.6817 0.096243569
6461.982 0.09842769
6462.2823 0.1006616
6462.5826 0.10294548
6462.8829 0.10528231
6463.1832 0.10767603
6463.4835 0.11012789
6463.7838 0.11263911
6464.0841 0.11521104
6464.3844 0.11784388
6464.6847 0.12053481
6464.985 0.12328416
6465.2853 0.12608862
6465.5856 0.12894547
6465.8859 0.13185223
6466.1862 0.13480635
6466.4865 0.13780586
6466.7868 0.14085566
6467.0871 0.14396068
6467.3874 0.14711221
6467.6877 0.15030773
6467.988 0.15354607
6468.2883 0.15683216
6468.5886 0.1601709
6468.8889 0.16355812
6469.1892 0.16698592
6469.4895 0.17045182
6469.7898 0.17395331
6470.0901 0.1774879
6470.3904 0.18106061
6470.6907 0.18467884
6470.991 0.18833878
6471.2913 0.19203955
6471.5916 0.19578115
6471.8919 0.19957078
6472.1922 0.20341583
6472.4925 0.20732266
6472.7928 0.21127714
6473.0931 0.21526452
6473.3934 0.21928365
6473.6937 0.22333646
6473.994 0.22742767
6474.2943 0.23154987
6474.5946 0.23568978
6474.8949 0.23984521
6475.1952 0.24401889
6475.4955 0.24821195
6475.7958 0.25243179
6476.0961 0.25668577
6476.3964 0.26096791
6476.6967 0.26526341
6476.997 0.26956765
6477.2973 0.27388585
6477.5976 0.27822542
6477.8979 0.28257937
6478.1982 0.28694032
6478.4985 0.29129882
6478.7988 0.29566189
6479.0991 0.30004425
6479.3994 0.30445614
6479.6997 0.3089011
6480 0.31336975
6480.3003 0.31785464
6480.6006 0.32236018
6480.9009 0.32688836
6481.2012 0.33144518
6481.5015 0.33603574
6481.8018 0.34065268
6482.1021 0.34528316
6482.4024 0.34992005
6482.7027 0.35457297
6483.003 0.35925369
6483.3033 0.36396
6483.6036 0.36868449
6483.9039 0.37342695
6484.2042 0.37819638
6484.5045 0.38299794
6484.8048 0.38783773
6485.1051 0.39270837
6485.4054 0.39760247
6485.7057 0.40251453
6486.006 0.40748725
6486.3063 0.41253544
6486.6066 0.41766803
6486.9069 0.42289242
6487.2072 0.42820404
6487.5075 0.43359663
6487.8078 0.43911517
6488.1081 0.44477055
6488.4084 0.45057692
6488.7087 0.45653722
6489.009 0.46264405
6489.3093 0.46889482
6489.6096 0.47528953
6489.9099 0.48186414
6490.2102 0.48860063
6490.5105 0.49549641
6490.8108 0.50254509
6491.1111 0.50974664
6491.4114 0.51710112
6491.7117 0.52461749
6492.012 0.53222048
6492.3123 0.5399027
6492.6126 0.54765668
6492.9129 0.55547507
6493.2132 0.56335077
6493.5135 0.57127637
6493.8138 0.579157
6494.1141 0.58698724
6494.4144 0.59475968
6494.7147 0.60246915
6495.015 0.61011082
6495.3153 0.6176773
6495.6156 0.62516282
6495.9159 0.63249545
6496.2162 0.63968422
6496.5165 0.64672347
6496.8168 0.65360582
6497.1171 0.66032305
6497.4174 0.66686522
6497.7177 0.67320448
6498.018 0.67936688
6498.3183 0.6853425
6498.6186 0.6911215
6498.9189 0.69669248
6499.2192 0.70205526
6499.5195 0.70721281
6499.8198 0.71220773
6500.1201 0.71702779
6500.4204 0.72166048
6500.7207 0.72609292
6501.021 0.73032185
6501.3213 0.73434915
6501.6216 0.73817323
6501.9219 0.7418169
6502.2222 0.74526693
6502.5225 0.74852145
6502.8228 0.75158179
6503.1231 0.75445081
6503.4234 0.75713473
6503.7237 0.75964872
6504.024 0.76199897
6504.3243 0.76419169
6504.6246 0.76623303
6504.9249 0.76813207
6505.2252 0.7698926
6505.5255 0.77151726
6505.8258 0.77301165
6506.1261 0.77438626
6506.4264 0.77565217
6506.7267 0.77682126
6507.027 0.77790058
6507.3273 0.77889463
6507.6276 0.77980999
6507.9279 0.78065913
6508.2282 0.78145453
6508.5285 0.78220303
6508.8288 0.78291016
6509.1291 0.78358071
6509.4294 0.78421781
6509.7297 0.78482459
6510.03 0.78540416
6510.3303 0.78595968
6510.6306 0.78649427
6510.9309 0.7870095
6511.2312 0.78750671
6511.5315 0.78798697
6511.8318 0.78845153
6512.1321 0.7889017
6512.4324 0.78933851
6512.7327 0.78976272
6513.033 0.79017511
6513.3333 0.79057644
6513.6336 0.79096724
6513.9339 0.79134795
6514.2342 0.79171905
6514.5345 0.79208085
6514.8348 0.79243345
6515.1351 0.79277728
6515.4354 0.79311277
6515.7357 0.79344035
6516.036 0.79376045
6516.3363 0.79407371
6516.6366 0.79438079
6516.9369 0.79468267
6517.2372 0.79498032
6517.5375 0.79527469
6517.8378 0.79556639
6518.1381 0.79585589
6518.4384 0.79614369
6518.7387 0.79642995
6519.039 0.79671485
6519.3393 0.79699854
6519.6396 0.79728122
6519.9399 0.79756303
6520.2402 0.79784416
6520.5405 0.79812506
6520.8408 0.79840619
6521.1411 0.79868768
6521.4414 0.79896956
6521.7417 0.79925189
6522.042 0.79953472
6522.3423 0.79981767
6522.6426 0.80010033
6522.9429 0.8003823
6523.2432 0.80066317
6523.5435 0.80094254
6523.8438 0.80122016
6524.1441 0.80149596
6524.4444 0.80176973
6524.7447 0.80204138
6525.045 0.80231083
6525.3453 0.802578
6525.6456 0.8028428
6525.9459 0.80310517
6526.2462 0.80336503
6526.5465 0.80362216
6526.8468 0.80387632
6527.1471 0.8041275
6527.4474 0.80437581
6527.7477 0.80462134
6528.048 0.8048642
6528.3483 0.80510471
6528.6486 0.80534314
6528.9489 0.8055795
6529.2492 0.80581368
6529.5495 0.80604552
6529.8498 0.80627476
6530.1502 0.80650107
6530.4505 0.80672435
6530.7508 0.8069446
6531.0511 0.8071618
6531.3514 0.80737596
6531.6517 0.80758706
6531.952 0.80779508
6532.2523 0.808
6532.5526 0.8082017
6532.8529 0.80839999
6533.1532 0.80859454
6533.4535 0.80878501
6533.7538 0.80897103
6534.0541 0.80915224
6534.3544 0.80932827
6534.6547 0.80949881
6534.955 0.80966364
6535.2553 0.80982276
6535.5556 0.80997633
6535.8559 0.8101245
6536.1562 0.81026742
6536.4565 0.81040514
6536.7568 0.81053763
6537.0571 0.81066489
6537.3574 0.81078691
6537.6577 0.81090368
6537.958 0.8110152
6538.2583 0.81112146
6538.5586 0.81122268
6538.8589 0.81131922
6539.1592 0.81141145
6539.4595 0.81149971
6539.7598 0.81158421
6540.0601 0.81166499
6540.3604 0.81174212
6540.6607 0.81181562
6540.961 0.81188557
6541.2613 0.81195193
6541.5616 0.81201456
6541.8619 0.81207335
6542.1622 0.81212817
6542.4625 0.8121789
6542.7628 0.81222542
6543.0631 0.8122676
6543.3634 0.81230531
6543.6637 0.81233845
6543.964 0.81236687
6544.2643 0.81239046
6544.5646 0.81240898
6544.8649 0.81242211
6545.1652 0.81242956
6545.4655 0.81243102
6545.7658 0.81242652
6546.0661 0.81241636
6546.3664 0.81240085
6546.6667 0.81238032
6546.967 0.81235506
6547.2673 0.8123254
6547.5676 0.81229163
6547.8679 0.81225408
6548.1682 0.81221305
6548.4685 0.81216885
6548.7688 0.81212181
6549.0691 0.81207221
6549.3694 0.81202039
6549.6697 0.81196664
6549.97 0.81191128
6550.2703 0.81185463
6550.5706 0.81179693
6550.8709 0.81173833
6551.1712 0.81167899
6551.4715 0.81161905
6551.7718 0.81155849
6552.0721 0.81149716
6552.3724 0.81143488
6552.6727 0.8113715
6552.973 0.81130686
6553.2733 0.81124079
6553.5736 0.81117313
6553.8739 0.81110372
6554.1742 0.8110324
6554.4745 0.810959
6554.7748 0.81088337
6555.0751 0.81080534
6555.3754 0.81072475
6555.6757 0.81064144
6555.976 0.81055525
6556.2763 0.81046601
6556.5766 0.81037369
6556.8769 0.81027843
6557.1772 0.81018039
6557.4775 0.81007972
6557.7778 0.80997664
6558.0781 0.80987145
6558.3784 0.80976445
6558.6787 0.80965597
6558.979 0.80954631
6559.2793 0.80943579
6559.5796 0.80932471
6559.8799 0.80921339
6560.1802 0.80910214
6560.4805 0.80899127
6560.7808 0.80888109
6561.0811 0.80877191
6561.3814 0.80866404
6561.6817 0.8085578
6561.982 0.80845349
6562.2823 0.80835143
6562.5826 0.80825187
6562.8829 0.80815497
6563.1832 0.80806087
6563.4835 0.80796972
6563.7838 0.80788159
6564.0841 0.80779633
6564.3844 0.80771377
6564.6847 0.80763375
6564.985 0.80755613
6565.2853 0.80748073
6565.5856 0.80740741
6565.8859 0.80733601
6566.1862 0.80726636
6566.4865 0.80719832
6566.7868 0.80713171
6567.0871 0.80706639
6567.3874 0.8070022
6567.6877 0.80693898
6567.988 0.80687657
6568.2883 0.80681481
6568.5886 0.80675357
6568.8889 0.80669284
6569.1892 0.80663262
6569.4895 0.80657291
6569.7898 0.80651375
6570.0901 0.80645532
6570.3904 0.80639775
6570.6907 0.80634122
6570.991 0.80628588
6571.2913 0.80623188
6571.5916 0.80617939
6571.8919 0.80612856
6572.1922 0.80607956
6572.4925 0.80603271
6572.7928 0.80598831
6573.0931 0.8059467
6573.3934 0.80590817
6573.6937 0.80587305
6573.994 0.80584165
6574.2943 0.80581445
6574.5946 0.80579188
6574.8949 0.8057741
6575.1952 0.80576126
6575.4955 0.80575354
6575.7958 0.80575108
6576.0961 0.8057542
6576.3964 0.8057632
6576.6967 0.8057784
6576.997 0.80580012
6577.2973 0.80582865
6577.5976 0.80586431
6577.8979 0.80590742
6578.1982 0.80595826
6578.4985 0.80601682
6578.7988 0.80608311
6579.0991 0.80615712
6579.3994 0.80623884
6579.6997 0.80632827
6580 0.8064254
6580.3003 0.80652991
6580.6006 0.80664151
6580.9009 0.80676004
6581.2012 0.80688535
6581.5015 0.80701713
6581.8018 0.80715508
6582.1021 0.80729858
6582.4024 0.80744701
6582.7027 0.80759974
6583.003 0.80775617
6583.3033 0.80791554
6583.6036 0.80807708
6583.9039 0.80824002
6584.2042 0.80840359
6584.5045 0.80856719
6584.8048 0.8087302
6585.1051 0.80889188
6585.4054 0.80905146
6585.7057 0.80920818
6586.006 0.8093613
6586.3063 0.80951019
6586.6066 0.80965424
6586.9069 0.80979272
6587.2072 0.80992483
6587.5075 0.81005008
6587.8078 0.810168
6588.1081 0.81027827
6588.4084 0.81038049
6588.7087 0.81047413
6589.009 0.81055866
6589.3093 0.81063384
6589.6096 0.81069943
6589.9099 0.810755
6590.2102 0.81079993
6590.5105 0.81083362
6590.8108 0.81085546
6591.1111 0.81086509
6591.4114 0.81086179
6591.7117 0.81084471
6592.012 0.81081299
6592.3123 0.81076578
6592.6126 0.81070182
6592.9129 0.81061982
6593.2132 0.81051852
6593.5135 0.81039654
6593.8138 0.81025249
6594.1141 0.81008498
6594.4144 0.80989276
6594.7147 0.80967461
6595.015 0.80942884
6595.3153 0.80915361
6595.6156 0.80884683
6595.9159 0.80850644
6596.2162 0.80813067
6596.5165 0.8077167
6596.8168 0.8072613
6597.1171 0.80675912
6597.4174 0.80620563
6597.7177 0.80559653
6598.018 0.80492752
6598.3183 0.80419434
6598.6186 0.80339349
6598.9189 0.80252201
6599.2192 0.8015686
6599.5195 0.80052779
6599.8198 0.79939579
6600.1201 0.79816887
6600.4204 0.79684315
6600.7207 0.79541515
6601.021 0.79388233
6601.3213 0.79224214
6601.6216 0.7904925
6601.9219 0.78863199
6602.2222 0.78665905
6602.5225 0.78457425
6602.8228 0.78237898
6603.1231 0.78007864
6603.4234 0.77767814
6603.7237 0.77518233
6604.024 0.77259605
6604.3243 0.76992427
6604.6246 0.76717399
6604.9249 0.76435122
6605.2252 0.76147666
6605.5255 0.75855932
6605.8258 0.75560482
6606.1261 0.75262055
6606.4264 0.74961471
6606.7267 0.74659528
6607.027 0.74356951
6607.3273 0.74054235
6607.6276 0.73751847
6607.9279 0.7345039
6608.2282 0.73150543
6608.5285 0.72852883
6608.8288 0.72557912
6609.1291 0.72265704
6609.4294 0.71976339
6609.7297 0.71690077
6610.03 0.71407251
6610.3303 0.71128164
6610.6306 0.70852602
6610.9309 0.70580266
6611.2312 0.703104
6611.5315 0.70042841
6611.8318 0.69777593
6612.1321 0.69514039
6612.4324 0.69251008
6612.7327 0.68987986
6613.033 0.68724506
6613.3333 0.68459966
6613.6336 0.68193582
6613.9339 0.67924214
6614.2342 0.67650569
6614.5345 0.6736866
6614.8348 0.67057535
6615.1351 0.66716411
6615.4354 0.66344509
6615.7357 0.65940679
6616.036 0.65503624
6616.3363 0.65031443
6616.6366 0.64522849
6616.9369 0.63977243
6617.2372 0.63393844
6617.5375 0.62771867
6617.8378 0.62110157
6618.1381 0.61406596
6618.4384 0.60661587
6618.7387 0.59874605
6619.039 0.59045101
6619.3393 0.58173499
6619.6396 0.57259633
6619.9399 0.56302612
6620.2402 0.5530348
6620.5405 0.54268646
6620.8408 0.53238551
6621.1411 0.52213979
6621.4414 0.51194176
6621.7417 0.50178843
6622.042 0.49169022
6622.3423 0.48166993
6622.6426 0.47174385
6622.9429 0.46191987
6623.2432 0.45218459
6623.5435 0.44253906
6623.8438 0.43299848
6624.1441 0.42360897
6624.4444 0.41437944
6624.7447 0.40531771
6625.045 0.39642293
6625.3453 0.3876962
6625.6456 0.37915654
6625.9459 0.37084096
6626.2462 0.36274944
6626.5465 0.35485513
6626.8468 0.34696091
6627.1471 0.33906675
6627.4474 0.33120334
6627.7477 0.32339591
6628.048 0.31564447
6628.3483 0.30794281
6628.6486 0.30028581
6628.9489 0.29266612
6629.2492 0.28512618
6629.5495 0.27767955
6629.8498 0.27032255
6630.1502 0.26303469
6630.4505 0.25580496
6630.7508 0.24862185
6631.0511 0.24150274
6631.3514 0.23444896
6631.6517 0.227451
6631.952 0.22049035
6632.2523 0.21356701
6632.5526 0.20668208
6632.8529 0.19984335
6633.1532 0.19305865
6633.4535 0.18632238
6633.7538 0.17963233
6634.0541 0.17300011
6634.3544 0.16643739
6634.6547 0.1599599
6634.955 0.153594
6635.2553 0.14733022
6635.5556 0.14117424
6635.8559 0.13513843
6636.1562 0.12923528
6636.4565 0.12349156
6636.7568 0.11794267
6637.0571 0.11259238
6637.3574 0.10745246
6637.6577 0.10253537
6637.958 0.097853429
6638.2583 0.093418302
6638.5586 0.089239418
6638.8589 0.085313648
6639.1592 0.081638094
6639.4595 0.078206
6639.7598 0.075009321
6640.0601 0.072037573
6640.3604 0.069280149
6640.6607 0.066724949
6640.961 0.064354732
6641.2613 0.062159388
6641.5616 0.060127492
6641.8619 0.05824765
6642.1622 0.056508445
6642.4625 0.054891287
6642.7628 0.053373418
6643.0631 0.051943676
6643.3634 0.050590886
6643.6637 0.049303877
6643.964 0.048071947
6644.2643 0.046885733
6644.5646 0.045737
6644.8649 0.044622569
6645.1652 0.043538734
6645.4655 0.042483726
6645.7658 0.041456411
6646.0661 0.040456876
6646.3664 0.039485359
6646.6667 0.038541146
6646.967 0.037623155
6647.2673 0.036730424
6647.5676 0.035862636
6647.8679 0.035019679
6648.1682 0.034201541
6648.4685 0.033408212
6648.7688 0.032639418
6649.0691 0.031894647
6649.3694 0.031173456
6649.6697 0.030475589
6649.97 0.02980021
6650.2703 0.029145777
6650.5706 0.028510753
6650.8709 0.027894411
6651.1712 0.027296293
6651.4715 0.026715943
6651.7718 0.026152901
6652.0721 0.025606708
6652.3724 0.025076718
6652.6727 0.024562615
6652.973 0.024064304
6653.2733 0.023581805
6653.5736 0.023115142
6653.8739 0.02266391
6654.1742 0.0222275
6654.4745 0.021805304
6654.7748 0.021396845
6655.0751 0.021001764
6655.3754 0.020619569
6655.6757 0.020249392
6655.976 0.019890596
6656.2763 0.019542567
6656.5766 0.019204718
6656.8769 0.018876588
6657.1772 0.018557717
6657.4775 0.018247654
6657.7778 0.017945945
6658.0781 0.017652139
6658.3784 0.017365853
6658.6787 0.017086672
6658.979 0.016814111
6659.2793 0.016547447
6659.5796 0.016285957
6659.8799 0.016029134
6660.1802 0.015776594
6660.4805 0.015528085
6660.7808 0.015283358
6661.0811 0.015042161
6661.3814 0.014804311
6661.6817 0.014569813
6661.982 0.014338687
6662.2823 0.014111092
6662.5826 0.013887131
6662.8829 0.013666657
6663.1832 0.013449519
6663.4835 0.013235564
6663.7838 0.013024651
6664.0841 0.012816777
6664.3844 0.012611984
6664.6847 0.012410578
6664.985 0.012212896
6665.2853 0.012019396
6665.5856 0.011830536
6665.8859 0.011646776
6666.1862 0.011468533
6666.4865 0.011295959
6666.7868 0.011129203
6667.0871 0.010968416
6667.3874 0.010813749
6667.6877 0.010665351
6667.988 0.010523342
6668.2883 0.010387564
6668.5886 0.010257886
6668.8889 0.010134306
6669.1892 0.01001682
6669.4895 0.0099054231
6669.7898 0.0098000899
6670.0901 0.0097005171
6670.3904 0.0096063786
6670.6907 0.0095172178
6670.991 0.0094325779
6671.2913 0.0093520026
6671.5916 0.0092750357
6671.8919 0.00920122
6672.1922 0.0091301182
6672.4925 0.0090614273
6672.7928 0.0089948442
6673.0931 0.0089300663
6673.3934 0.008866791
6673.6937 0.0088047149
6673.994 0.0087435505
6674.2943 0.0086831485
6700	  0
