6827	0
6833.043 0.0069630495
6833.2032 0.0070721183
6833.3634 0.0071811871
6833.5235 0.0072902559
6833.6837 0.0073993247
6833.8438 0.0075083935
6834.004 0.0076174623
6834.1642 0.0077265311
6834.3243 0.0078355999
6834.4845 0.0079446687
6834.6446 0.0080537375
6834.8048 0.0081628063
6834.965 0.0082718751
6835.1251 0.0083809439
6835.2853 0.0084900127
6835.4454 0.0085990815
6835.6056 0.0087081503
6835.7658 0.0088172191
6835.9259 0.0089262879
6836.0861 0.0090353567
6836.2462 0.0091444255
6836.4064 0.0092534943
6836.5666 0.0093625631
6836.7267 0.0094716319
6836.8869 0.0095807007
6837.047 0.0096897695
6837.2072 0.0097988383
6837.3674 0.0099079071
6837.5275 0.010016976
6837.6877 0.010126045
6837.8478 0.010235113
6838.008 0.010344182
6838.1682 0.010453251
6838.3283 0.01056232
6838.4885 0.010671389
6838.6486 0.010780457
6838.8088 0.010889526
6838.969 0.010998595
6839.1291 0.011107664
6839.2893 0.011216733
6839.4494 0.011325801
6839.6096 0.01143487
6839.7698 0.011543939
6839.9299 0.011653008
6840.0901 0.011762077
6840.2503 0.011871145
6840.4104 0.011980214
6840.5706 0.012089283
6840.7307 0.012198352
6840.8909 0.012307421
6841.0511 0.012416489
6841.2112 0.012525558
6841.3714 0.012634684
6841.5315 0.012743956
6841.6917 0.012853463
6841.8519 0.012963294
6842.012 0.013073539
6842.1722 0.013184286
6842.3323 0.013295624
6842.4925 0.013407643
6842.6527 0.013520431
6842.8128 0.013634078
6842.973 0.013748705
6843.1331 0.013864469
6843.2933 0.013981529
6843.4535 0.014100044
6843.6136 0.014220171
6843.7738 0.01434207
6843.9339 0.014465897
6844.0941 0.014591812
6844.2543 0.014719972
6844.4144 0.014850536
6844.5746 0.014983614
6844.7347 0.015119264
6844.8949 0.015257544
6845.0551 0.015398511
6845.2152 0.015542225
6845.3754 0.015688741
6845.5355 0.01583812
6845.6957 0.015990417
6845.8559 0.016145693
6846.016 0.016304072
6846.1762 0.016465637
6846.3363 0.016630393
6846.4965 0.016798346
6846.6567 0.016969504
6846.8168 0.017143871
6846.977 0.017321455
6847.1371 0.017502261
6847.2973 0.017686327
6847.4575 0.017873759
6847.6176 0.018064665
6847.7778 0.018259077
6847.9379 0.018457034
6848.0981 0.018658578
6848.2583 0.018863748
6848.4184 0.019072584
6848.5786 0.019285173
6848.7387 0.019501669
6848.8989 0.01972223
6849.0591 0.019947011
6849.2192 0.020176031
6849.3794 0.020409305
6849.5395 0.020646886
6849.6997 0.020888828
6849.8599 0.021135316
6850.02 0.021386538
6850.1802 0.021642678
6850.3403 0.021903922
6850.5005 0.022170393
6850.6607 0.022442077
6850.8208 0.022718972
6850.981 0.023001197
6851.1411 0.023288881
6851.3013 0.023582155
6851.4615 0.023881149
6851.6216 0.024185992
6851.7818 0.024496726
6851.9419 0.024813319
6852.1021 0.025135835
6852.2623 0.025464339
6852.4224 0.025798963
6852.5826 0.026139856
6852.7427 0.026487169
6852.9029 0.026841069
6853.0631 0.027201555
6853.2232 0.027568627
6853.3834 0.027942283
6853.5435 0.028322522
6853.7037 0.028709376
6853.8639 0.029102987
6854.024 0.029503506
6854.1842 0.029910977
6854.3443 0.030325447
6854.5045 0.030746961
6854.6647 0.031175565
6854.8248 0.031611516
6854.985 0.032055146
6855.1451 0.032506716
6855.3053 0.032966298
6855.4655 0.033433966
6855.6256 0.033909793
6855.7858 0.034393851
6855.9459 0.034886215
6856.1061 0.035386912
6856.2663 0.035895918
6856.4264 0.036413207
6856.5866 0.03693875
6856.7467 0.03747252
6856.9069 0.038014488
6857.0671 0.038564542
6857.2272 0.039122672
6857.3874 0.03968906
6857.5475 0.040263886
6857.7077 0.040847329
6857.8679 0.041439571
6858.028 0.042040472
6858.1882 0.042649829
6858.3483 0.04326751
6858.5085 0.043893476
6858.6687 0.044527823
6858.8288 0.045170798
6858.989 0.045822646
6859.1491 0.046483612
6859.3093 0.047154159
6859.4695 0.047835032
6859.6296 0.048526982
6859.7898 0.049230807
6859.9499 0.049947793
6860.1101 0.050679227
6860.2703 0.051426435
6860.4304 0.052190446
6860.5906 0.052972017
6860.7508 0.053771907
6860.9109 0.054590877
6861.0711 0.055429688
6861.2312 0.056289109
6861.3914 0.057169941
6861.5516 0.058072986
6861.7117 0.058999043
6861.8719 0.05994864
6862.032 0.060922007
6862.1922 0.061918919
6862.3524 0.062939076
6862.5125 0.063981795
6862.6727 0.065046004
6862.8328 0.066130631
6862.993 0.067234509
6863.1532 0.068355498
6863.3133 0.069491451
6863.4735 0.070640226
6863.6336 0.071799854
6863.7938 0.072968504
6863.954 0.074144342
6864.1141 0.07532553
6864.2743 0.076510343
6864.4344 0.077697579
6864.5946 0.078886033
6864.7548 0.080074501
6864.9149 0.081261781
6865.0751 0.082446809
6865.2352 0.083628393
6865.3954 0.084805996
6865.5556 0.085979233
6865.7157 0.087147969
6865.8759 0.088312738
6866.036 0.089474074
6866.1962 0.090632557
6866.3564 0.091789256
6866.5165 0.092945246
6866.6767 0.094101933
6866.8368 0.095261181
6866.997 0.096424851
6867.1572 0.097594806
6867.3173 0.098772914
6867.4775 0.099960814
6867.6376 0.1011593
6867.7978 0.10236994
6867.958 0.10359484
6868.1181 0.10483614
6868.2783 0.10609596
6868.4384 0.10737697
6868.5986 0.10868134
6868.7588 0.11001038
6868.9189 0.11136532
6869.0791 0.11274641
6869.2392 0.1141539
6869.3994 0.11558922
6869.5596 0.11705394
6869.7197 0.11854965
6869.8799 0.12007726
6870.04 0.12163678
6870.2002 0.12323009
6870.3604 0.12485979
6870.5205 0.12652851
6870.6807 0.12823897
6870.8408 0.12999431
6871.001 0.13179616
6871.1612 0.13364502
6871.3213 0.1355459
6871.4815 0.13749927
6871.6416 0.13950537
6871.8018 0.14156531
6871.962 0.1436817
6872.1221 0.14585723
6872.2823 0.14809505
6872.4424 0.15039832
6872.6026 0.15276789
6872.7628 0.15520442
6872.9229 0.15771612
6873.0831 0.16031149
6873.2432 0.16299877
6873.4034 0.1657755
6873.5636 0.16863771
6873.7237 0.17158148
6873.8839 0.17460285
6874.044 0.17769788
6874.2042 0.1808634
6874.3644 0.18409676
6874.5245 0.18738665
6874.6847 0.19073812
6874.8448 0.19415623
6875.005 0.19764544
6875.1652 0.20120948
6875.3253 0.20485209
6875.4855 0.20857112
6875.6456 0.21236261
6875.8058 0.21622378
6875.966 0.22015167
6876.1261 0.22412953
6876.2863 0.22814706
6876.4464 0.2321954
6876.6066 0.23628151
6876.7668 0.24041306
6876.9269 0.24459775
6877.0871 0.24884326
6877.2472 0.25315726
6877.4074 0.25754743
6877.5676 0.26202149
6877.7277 0.26661756
6877.8879 0.27132797
6878.048 0.27614505
6878.2082 0.28106114
6878.3684 0.28606857
6878.5285 0.29115969
6878.6887 0.29633856
6878.8488 0.30161289
6879.009 0.30699034
6879.1692 0.31247876
6879.3293 0.31809103
6879.4895 0.32383238
6879.6496 0.32975875
6879.8098 0.33586245
6879.97 0.3421358
6880.1301 0.34857111
6880.2903 0.35516067
6880.4505 0.36189682
6880.6106 0.36877184
6880.7708 0.37577804
6880.9309 0.38285495
6881.0911 0.39000256
6881.2513 0.39722089
6881.4114 0.4045718
6881.5716 0.41205528
6881.7317 0.41967131
6881.8919 0.427414
6882.0521 0.43527564
6882.2122 0.44324858
6882.3724 0.45132512
6882.5325 0.45949882
6882.6927 0.46775924
6882.8529 0.47599306
6883.013 0.4842003
6883.1732 0.49238095
6883.3333 0.50059687
6883.4935 0.5088481
6883.6537 0.51713463
6883.8138 0.5254565
6883.974 0.5338137
6884.1341 0.54223279
6884.2943 0.55071375
6884.4545 0.55925654
6884.6146 0.56773742
6884.7748 0.57615641
6884.9349 0.58450753
6885.0951 0.59278313
6885.2553 0.6009743
6885.4154 0.60907071
6885.5756 0.6170621
6885.7357 0.62493826
6885.8959 0.63269673
6886.0561 0.64038413
6886.2162 0.64799017
6886.3764 0.65550452
6886.5365 0.66279256
6886.6967 0.66984269
6886.8569 0.67664304
6887.017 0.68318106
6887.1772 0.68944415
6887.3373 0.69541953
6887.4975 0.70109399
6887.6577 0.70645434
6887.8178 0.71154922
6887.978 0.71636499
6888.1381 0.72089989
6888.2983 0.72515557
6888.4585 0.7291362
6888.6186 0.73284838
6888.7788 0.73629866
6888.9389 0.73949338
6889.0991 0.74243388
6889.2593 0.74512604
6889.4194 0.7475762
6889.5796 0.74979067
6889.7397 0.75183883
6889.8999 0.75372962
6890.0601 0.7554723
6890.2202 0.75707751
6890.3804 0.75855591
6890.5405 0.75991857
6890.7007 0.76117741
6890.8609 0.76234436
6891.021 0.76343119
6891.1812 0.76445044
6891.3413 0.76540876
6891.5015 0.76631107
6891.6617 0.76716106
6891.8218 0.76796171
6891.982 0.76871591
6892.1421 0.76942659
6892.3023 0.77009914
6892.4625 0.77073687
6892.6226 0.77134309
6892.7828 0.77192111
6892.9429 0.77247364
6893.1031 0.7730026
6893.2633 0.77350986
6893.4234 0.77399675
6893.5836 0.77446464
6893.7437 0.77491467
6893.9039 0.77534755
6894.0641 0.775764
6894.2242 0.77616502
6894.3844 0.77655124
6894.5445 0.77692324
6894.7047 0.77728164
6894.8649 0.77762702
6895.025 0.77795966
6895.1852 0.77827997
6895.3453 0.77858864
6895.5055 0.77888631
6895.6657 0.77917346
6895.8258 0.77945042
6895.986 0.77971751
6896.1461 0.77997507
6896.3063 0.78022355
6896.4665 0.78046346
6896.6266 0.78069513
6896.7868 0.78091889
6896.9469 0.78113503
6897.1071 0.78134382
6897.2673 0.78154552
6897.4274 0.78174034
6897.5876 0.78192859
6897.7477 0.78211062
6897.9079 0.78228674
6898.0681 0.78245729
6898.2282 0.78262259
6898.3884 0.78278281
6898.5485 0.78293796
6898.7087 0.7830881
6898.8689 0.78323342
6899.029 0.78337408
6899.1892 0.78351027
6899.3493 0.78364215
6899.5095 0.78376983
6899.6697 0.78389338
6899.8298 0.78401275
6899.99 0.78412793
6900.1502 0.78423898
6900.3103 0.784346
6900.4705 0.7844491
6900.6306 0.78454832
6900.7908 0.78464361
6900.951 0.78473492
6901.1111 0.78482218
6901.2713 0.78490532
6901.4314 0.78498414
6901.5916 0.7850586
6901.7518 0.78512873
6901.9119 0.78519449
6902.0721 0.78525582
6902.2322 0.78531265
6902.3924 0.78536489
6902.5526 0.78541248
6902.7127 0.78545535
6902.8729 0.78549343
6903.033 0.78552679
6903.1932 0.78555558
6903.3534 0.78557987
6903.5135 0.78559971
6903.6737 0.78561517
6903.8338 0.78562631
6903.994 0.7856332
6904.1542 0.78563588
6904.3143 0.78563443
6904.4745 0.78562858
6904.6346 0.78561825
6904.7948 0.78560333
6904.955 0.78558365
6905.1151 0.78555905
6905.2753 0.78552938
6905.4354 0.78549449
6905.5956 0.78545421
6905.7558 0.78540839
6905.9159 0.78535687
6906.0761 0.78529948
6906.2362 0.78523595
6906.3964 0.78516599
6906.5566 0.78508933
6906.7167 0.78500567
6906.8769 0.78491473
6907.037 0.78481622
6907.1972 0.78470986
6907.3574 0.78459537
6907.5175 0.78447245
6907.6777 0.78434157
6907.8378 0.78420311
6907.998 0.78405744
6908.1582 0.78390494
6908.3183 0.78374597
6908.4785 0.78358091
6908.6386 0.78341013
6908.7988 0.78323401
6908.959 0.78305291
6909.1191 0.7828672
6909.2793 0.78267726
6909.4394 0.78248348
6909.5996 0.78228626
6909.7598 0.782086
6909.9199 0.7818831
6910.0801 0.78167795
6910.2402 0.78147096
6910.4004 0.78126251
6910.5606 0.78105302
6910.7207 0.7808429
6910.8809 0.78063218
6911.041 0.78042087
6911.2012 0.78020898
6911.3614 0.77999653
6911.5215 0.77978354
6911.6817 0.77957001
6911.8418 0.77935596
6912.002 0.77914143
6912.1622 0.77892645
6912.3223 0.77871108
6912.4825 0.77849542
6912.6426 0.77827951
6912.8028 0.77806344
6912.963 0.77784727
6913.1231 0.77763108
6913.2833 0.77741495
6913.4434 0.77719897
6913.6036 0.77698324
6913.7638 0.77676783
6913.9239 0.77655279
6914.0841 0.77633817
6914.2442 0.77612403
6914.4044 0.77590954
6914.5646 0.77569374
6914.7247 0.77547571
6914.8849 0.77525448
6915.045 0.77502912
6915.2052 0.77479864
6915.3654 0.77456205
6915.5255 0.77431833
6915.6857 0.7740664
6915.8458 0.77380518
6916.006 0.7735336
6916.1662 0.7732506
6916.3263 0.77295508
6916.4865 0.77264593
6916.6466 0.77232198
6916.8068 0.77198204
6916.967 0.77162495
6917.1271 0.77124954
6917.2873 0.77085465
6917.4474 0.7704391
6917.6076 0.77000351
6917.7678 0.76954871
6917.9279 0.76907554
6918.0881 0.76858483
6918.2482 0.76807742
6918.4084 0.76755416
6918.5686 0.7670159
6918.7287 0.76646357
6918.8889 0.76589814
6919.049 0.76532058
6919.2092 0.76473185
6919.3694 0.76413285
6919.5295 0.76352444
6919.6897 0.76290752
6919.8498 0.76228309
6920.01 0.76165217
6920.1702 0.76101575
6920.3303 0.76037486
6920.4905 0.75973049
6920.6507 0.75908357
6920.8108 0.75843407
6920.971 0.75778185
6921.1311 0.75712672
6921.2913 0.75646832
6921.4515 0.7558063
6921.6116 0.75514025
6921.7718 0.75446968
6921.9319 0.75379396
6922.0921 0.75310984
6922.2523 0.75241411
6922.4124 0.75170284
6922.5726 0.75097216
6922.7327 0.75021822
6922.8929 0.74943755
6923.0531 0.74862705
6923.2132 0.74778317
6923.3734 0.74690064
6923.5335 0.74597417
6923.6937 0.7449985
6923.8539 0.74396849
6924.014 0.74287919
6924.1742 0.74172562
6924.3343 0.74050287
6924.4945 0.73920641
6924.6547 0.73783476
6924.8148 0.73638693
6924.975 0.7348621
6925.1351 0.73325965
6925.2953 0.73158274
6925.4555 0.72983245
6925.6156 0.72801121
6925.7758 0.72612166
6925.9359 0.72416643
6926.0961 0.72214739
6926.2563 0.72006552
6926.4164 0.71792274
6926.5766 0.71572446
6926.7367 0.71347606
6926.8969 0.71118397
6927.0571 0.70885615
6927.2172 0.70649979
6927.3774 0.70411815
6927.5375 0.70171448
6927.6977 0.69929183
6927.8579 0.69684716
6928.018 0.69437677
6928.1782 0.69187792
6928.3383 0.68934781
6928.4985 0.68678381
6928.6587 0.68418746
6928.8188 0.68155961
6928.979 0.67890096
6929.1391 0.67621219
6929.2993 0.67349435
6929.4595 0.67074898
6929.6196 0.66797822
6929.7798 0.6651873
6929.9399 0.66237596
6930.1001 0.65954183
6930.2603 0.65667912
6930.4204 0.65378342
6930.5806 0.65085811
6930.7407 0.64790654
6930.9009 0.64493209
6931.0611 0.64194117
6931.2212 0.63894104
6931.3814 0.63594128
6931.5415 0.63295143
6931.7017 0.62997964
6931.8619 0.627032
6932.022 0.62411182
6932.1822 0.62122107
6932.3423 0.6183617
6932.5025 0.6155357
6932.6627 0.61274502
6932.8228 0.60998937
6932.983 0.60725886
6933.1431 0.60455463
6933.3033 0.6018788
6933.4635 0.5992356
6933.6236 0.59662865
6933.7838 0.59405763
6933.9439 0.59152227
6934.1041 0.58902227
6934.2643 0.58655736
6934.4244 0.58412574
6934.5846 0.58171785
6934.7447 0.57931707
6934.9049 0.57690651
6935.0651 0.57446926
6935.2252 0.57199201
6935.3854 0.56946322
6935.5455 0.56687141
6935.7057 0.56420507
6935.8659 0.56145271
6936.026 0.55860392
6936.1862 0.55565312
6936.3463 0.55258922
6936.5065 0.54940114
6936.6667 0.54607585
6936.8268 0.5426002
6936.987 0.53896108
6937.1471 0.5351454
6937.3073 0.53114004
6937.4675 0.52704645
6937.6276 0.52285238
6937.7878 0.51854998
6937.9479 0.5141456
6938.1081 0.50964608
6938.2683 0.5050583
6938.4284 0.50038911
6938.5886 0.49564569
6938.7487 0.4908352
6938.9089 0.48596479
6939.0691 0.48104161
6939.2292 0.47607284
6939.3894 0.47106565
6939.5495 0.4660272
6939.7097 0.46096467
6939.8699 0.45588866
6940.03 0.4508108
6940.1902 0.44575762
6940.3504 0.4407556
6940.5105 0.43582756
6940.6707 0.43075678
6940.8308 0.42555568
6940.991 0.42023672
6941.1512 0.41480522
6941.3113 0.40926625
6941.4715 0.40362744
6941.6316 0.39789729
6941.7918 0.39208373
6941.952 0.38619464
6942.1121 0.38023794
6942.2723 0.37422156
6942.4324 0.36815342
6942.5926 0.36204139
6942.7528 0.35592481
6942.9129 0.34981672
6943.0731 0.34372847
6943.2332 0.33766941
6943.3934 0.33161919
6943.5536 0.32555667
6943.7137 0.31946758
6943.8739 0.31347301
6944.034 0.30757943
6944.1942 0.30179333
6944.3544 0.2961212
6944.5145 0.29056953
6944.6747 0.28513873
6944.8348 0.27982701
6944.995 0.2746324
6945.1552 0.26955293
6945.3153 0.26458667
6945.4755 0.25973163
6945.6356 0.25498586
6945.7958 0.25034741
6945.956 0.24575692
6946.1161 0.24120946
6946.2763 0.23670007
6946.4364 0.23222478
6946.5966 0.22779448
6946.7568 0.2234216
6946.9169 0.21911579
6947.0771 0.21487395
6947.2372 0.21069295
6947.3974 0.20656968
6947.5576 0.20250102
6947.7177 0.19848394
6947.8779 0.19452233
6948.038 0.19062036
6948.1982 0.18678221
6948.3584 0.18301204
6948.5185 0.17931401
6948.6787 0.17569227
6948.8388 0.17215069
6948.999 0.16869306
6949.1592 0.16534378
6949.3193 0.16209719
6949.4795 0.15894885
6949.6396 0.15589593
6949.7998 0.1529356
6949.96 0.15006426
6950.1201 0.14727799
6950.2803 0.14457741
6950.4404 0.14196265
6950.6006 0.13943387
6950.7608 0.1369912
6950.9209 0.13463461
6951.0811 0.13235831
6951.2412 0.13015699
6951.4014 0.12802538
6951.5616 0.12595821
6951.7217 0.12395022
6951.8819 0.12199614
6952.042 0.12009135
6952.2022 0.11823131
6952.3624 0.11641689
6952.5225 0.11465084
6952.6827 0.11293352
6952.8428 0.11126206
6953.003 0.10963364
6953.1632 0.10804552
6953.3233 0.10649485
6953.4835 0.10497693
6953.6436 0.1034881
6953.8038 0.10202471
6953.964 0.10058314
6954.1241 0.099159825
6954.2843 0.097753734
6954.4444 0.096364692
6954.6046 0.094992507
6954.7648 0.093636992
6954.9249 0.092297948
6955.0851 0.090975098
6955.2452 0.089667815
6955.4054 0.088375436
6955.5656 0.087097295
6955.7257 0.085832753
6955.8859 0.084582377
6956.046 0.083348355
6956.2062 0.082132725
6956.3664 0.080937406
6956.5265 0.079764388
6956.6867 0.078615419
6956.8468 0.077491638
6957.007 0.076394108
6957.1672 0.07532389
6957.3273 0.074282047
6957.4875 0.073269733
6957.6476 0.072285859
6957.8078 0.071329335
6957.968 0.070399067
6958.1281 0.069493989
6958.2883 0.068613153
6958.4484 0.067755619
6958.6086 0.066920444
6958.7688 0.066106687
6958.9289 0.065313358
6959.0891 0.064539447
6959.2492 0.063783939
6959.4094 0.063045882
6959.5696 0.062324382
6959.7297 0.061618409
6959.8899 0.06092685
6960.0501 0.060248659
6960.2102 0.059582827
6960.3704 0.058928519
6960.5305 0.05828513
6960.6907 0.057651423
6960.8509 0.057027285
6961.011 0.056412601
6961.1712 0.055807259
6961.3313 0.05521113
6961.4915 0.054624055
6961.6517 0.05404591
6961.8118 0.05347657
6961.972 0.052915912
6962.1321 0.052363836
6962.2923 0.051820252
6962.4525 0.051285076
6962.6126 0.050758262
6962.7728 0.050239771
6962.9329 0.049729636
6963.0931 0.049227931
6963.2533 0.048734727
6963.4134 0.048250098
6963.5736 0.047773776
6963.7337 0.04730502
6963.8939 0.046843477
6964.0541 0.046388769
6964.2142 0.045940515
6964.3744 0.045498337
6964.5345 0.045061856
6964.6947 0.044630665
6964.8549 0.044204332
6965.015 0.043782422
6965.1752 0.043364505
6965.3353 0.04295016
6965.4955 0.042538967
6965.6557 0.042130504
6965.8158 0.041724323
6965.976 0.041319954
6966.1361 0.040916928
6966.2963 0.040514774
6966.4565 0.040113024
6966.6166 0.039711208
6966.7768 0.039309318
6966.9369 0.038907598
6967.0971 0.038506329
6967.2573 0.038105844
6967.4174 0.037706473
6967.5776 0.037308548
6967.7377 0.036912401
6967.8979 0.036518373
6968.0581 0.036126811
6968.2182 0.035738056
6968.3784 0.03535245
6968.5385 0.03497031
6968.6987 0.034591949
6968.8589 0.034217684
6969.019 0.033847834
6969.1792 0.033482732
6969.3393 0.033122708
6969.4995 0.032768093
6969.6597 0.032419251
6969.8198 0.032076607
6969.98 0.031740004
6970.1401 0.031409257
6970.3003 0.031084161
6970.4605 0.030764489
6970.6206 0.030450009
6970.7808 0.030140494
6970.9409 0.029835713
6971.1011 0.029535439
6971.2613 0.029239434
6971.4214 0.028947469
6971.5816 0.028659315
6971.7417 0.028374756
6971.9019 0.028093577
6972.0621 0.027815562
6972.2222 0.027540495
6972.3824 0.027268161
6972.5425 0.026998344
6972.7027 0.026730829
6972.8629 0.026465335
6973.023 0.026201459
6973.1832 0.025939087
6973.3433 0.025678119
6973.5035 0.025418457
6973.6637 0.025160002
6973.8238 0.024902653
6973.984 0.024646313
6974.1441 0.024390881
6974.3043 0.024136258
6974.4645 0.02388236
6974.6246 0.023629102
6974.7848 0.0233764
6974.9449 0.023124169
6975.1051 0.022872324
6975.2653 0.02262078
6975.4254 0.022369453
6975.5856 0.022118257
6975.7457 0.021867108
6975.9059 0.021615922
6976.0661 0.021364645
6976.2262 0.021113287
6976.3864 0.020861858
6976.5465 0.020610367
6976.7067 0.020358826
6976.8669 0.020107242
6977.027 0.019855627
6977.1872 0.01960399
6977.3473 0.01935234
6977.5075 0.019100688
6977.6677 0.018849036
6977.8278 0.018597384
6977.988 0.018345732
6978.1481 0.01809408
6978.3083 0.017842428
6978.4685 0.017590776
6978.6286 0.017339124
6978.7888 0.017087472
6978.9489 0.01683582
6979.1091 0.016584168
6979.2693 0.016332516
6979.4294 0.016080864
6979.5896 0.015829212
6979.7497 0.01557756
6979.9099 0.015325908
6980.0701 0.015074255
6980.2302 0.014822603
6980.3904 0.014570951
6980.5506 0.014319299
6980.7107 0.014067647
6980.8709 0.013815995
6981.031 0.013564343
6981.1912 0.013312691
6981.3514 0.013061039
6981.5115 0.012809387
6981.6717 0.012557735
6981.8318 0.012306083
6981.992 0.012054431
6982.1522 0.011802779
6982.3123 0.011551127
6982.4725 0.011299475
6982.6326 0.011047823
6982.7928 0.010796171
6982.953 0.010544519
6983.1131 0.010292867
6983.2733 0.010041214
6983.4334 0.0097895624
6983.5936 0.0095379104
6983.7538 0.0092862583
6983.9139 0.0090346063
6984.0741 0.0087829542
6984.2342 0.0085313022
6984.3944 0.0082796501
6984.5546 0.0080279981
6984.7147 0.007776346
6984.8749 0.007524694
6985.035 0.0072730419
6985.1952 0.0070213899
6985.3554 0.0067697378
6985.5155 0.0065180858
6985.6757 0.0062664337
6985.8358 0.0060147817
6985.996 0.0057631296
6986.1562 0.0055114776
6986.3163 0.0052598255
6986.4765 0.0050081735
6986.6366 0.0047565214
6986.7968 0.0045048694
6986.957 0.0042532173
6989	 0
