6620	0
6623.2332 0.0026447698
6623.4034 0.0027320612
6623.5736 0.0028193526
6623.7437 0.002906644
6623.9139 0.0029939354
6624.0841 0.0030812268
6624.2543 0.0031685182
6624.4244 0.0032558096
6624.5946 0.003343101
6624.7648 0.0034303924
6624.9349 0.0035176838
6625.1051 0.0036049752
6625.2753 0.0036922665
6625.4454 0.0037795579
6625.6156 0.0038668493
6625.7858 0.0039541407
6625.956 0.0040414321
6626.1261 0.0041287235
6626.2963 0.0042160149
6626.4665 0.0043033063
6626.6366 0.0043905977
6626.8068 0.0044778891
6626.977 0.0045651805
6627.1471 0.0046524719
6627.3173 0.0047397633
6627.4875 0.0048270546
6627.6577 0.004914346
6627.8278 0.0050016374
6627.998 0.0050889288
6628.1682 0.0051762202
6628.3383 0.0052635116
6628.5085 0.005350803
6628.6787 0.0054380944
6628.8488 0.0055253858
6629.019 0.0056126772
6629.1892 0.0056999686
6629.3594 0.00578726
6629.5295 0.0058745514
6629.6997 0.0059618427
6629.8699 0.0060491341
6630.04 0.0061364255
6630.2102 0.0062237169
6630.3804 0.0063110083
6630.5506 0.0063982997
6630.7207 0.0064855911
6630.8909 0.0065728825
6631.0611 0.0066601739
6631.2312 0.0067474653
6631.4014 0.0068347567
6631.5716 0.0069220481
6631.7417 0.0070093395
6631.9119 0.0070966308
6632.0821 0.0071839222
6632.2523 0.0072712136
6632.4224 0.007358505
6632.5926 0.0074457964
6632.7628 0.0075330878
6632.9329 0.0076203792
6633.1031 0.0077076706
6633.2733 0.007794962
6633.4434 0.0078822534
6633.6136 0.0079695448
6633.7838 0.0080568361
6633.954 0.0081441272
6634.1241 0.0082314179
6634.2943 0.0083187083
6634.4645 0.0084059981
6634.6346 0.0084932872
6634.8048 0.0085805755
6634.975 0.0086678629
6635.1451 0.0087551493
6635.3153 0.0088424346
6635.4855 0.0089297185
6635.6557 0.009017
6635.8258 0.0091042782
6635.996 0.009191552
6636.1662 0.0092788204
6636.3363 0.0093660824
6636.5065 0.009453337
6636.6767 0.0095405833
6636.8468 0.0096278201
6637.017 0.0097150466
6637.1872 0.0098022618
6637.3574 0.009889486
6637.5275 0.0099767617
6637.6977 0.010064132
6637.8679 0.010151638
6638.038 0.010239324
6638.2082 0.010327231
6638.3784 0.010415403
6638.5485 0.010503881
6638.7187 0.010592709
6638.8889 0.01068193
6639.0591 0.010771586
6639.2292 0.01086176
6639.3994 0.010952539
6639.5696 0.011044011
6639.7397 0.011136262
6639.9099 0.011229382
6640.0801 0.011323457
6640.2503 0.011418576
6640.4204 0.011514825
6640.5906 0.011612292
6640.7608 0.011711024
6640.9309 0.011811032
6641.1011 0.01191238
6641.2713 0.01201513
6641.4414 0.012119345
6641.6116 0.012225086
6641.7818 0.012332416
6641.952 0.012441398
6642.1221 0.012552095
6642.2923 0.012664568
6642.4625 0.012778879
6642.6326 0.012895022
6642.8028 0.01301304
6642.973 0.013132975
6643.1431 0.013254868
6643.3133 0.013378761
6643.4835 0.013504697
6643.6537 0.013632718
6643.8238 0.013762865
6643.994 0.013895181
6644.1642 0.014029728
6644.3343 0.014166592
6644.5045 0.014305783
6644.6747 0.014447311
6644.8448 0.014591187
6645.015 0.014737421
6645.1852 0.014886022
6645.3554 0.015037003
6645.5255 0.015190371
6645.6957 0.015346139
6645.8659 0.015504317
6646.036 0.015665011
6646.2062 0.015828222
6646.3764 0.015993948
6646.5465 0.016162187
6646.7167 0.016332937
6646.8869 0.016506198
6647.0571 0.016681969
6647.2272 0.016860246
6647.3974 0.01704103
6647.5676 0.017224396
6647.7377 0.017410392
6647.9079 0.01759907
6648.0781 0.017790483
6648.2482 0.017984681
6648.4184 0.018181716
6648.5886 0.018381639
6648.7588 0.018584503
6648.9289 0.018790393
6649.0991 0.018999463
6649.2693 0.019211864
6649.4394 0.019427608
6649.6096 0.019646756
6649.7798 0.01986937
6649.9499 0.02009551
6650.1201 0.020325238
6650.2903 0.020558635
6650.4605 0.02079582
6650.6306 0.021036911
6650.8008 0.021282028
6650.971 0.021531136
6651.1411 0.021784203
6651.3113 0.022041221
6651.4815 0.022302182
6651.6517 0.02256712
6651.8218 0.022836145
6651.992 0.023109367
6652.1622 0.023386893
6652.3323 0.023668764
6652.5025 0.023954886
6652.6727 0.024245166
6652.8428 0.024539587
6653.013 0.024838134
6653.1832 0.025140795
6653.3534 0.025447557
6653.5235 0.025758407
6653.6937 0.02607329
6653.8639 0.026392077
6654.034 0.026714641
6654.2042 0.027040915
6654.3744 0.027370985
6654.5445 0.027704948
6654.7147 0.028042899
6654.8849 0.028384937
6655.0551 0.02873107
6655.2252 0.02908116
6655.3954 0.029435151
6655.5656 0.029793065
6655.7357 0.030154956
6655.9059 0.030520944
6656.0761 0.030891152
6656.2462 0.031265699
6656.4164 0.03164472
6656.5866 0.032028446
6656.7568 0.032417109
6656.9269 0.032810938
6657.0971 0.033210186
6657.2673 0.033615142
6657.4374 0.034026151
6657.6076 0.034443596
6657.7778 0.034867711
6657.9479 0.035298727
6658.1181 0.035736877
6658.2883 0.036182395
6658.4585 0.036635801
6658.6286 0.037097709
6658.7988 0.037568569
6658.969 0.03804868
6659.1391 0.038538365
6659.3093 0.03903815
6659.4795 0.039548557
6659.6496 0.040070111
6659.8198 0.040603309
6659.99 0.041148454
6660.1602 0.041705848
6660.3303 0.042275795
6660.5005 0.042858598
6660.6707 0.043454793
6660.8408 0.044064982
6661.011 0.044689499
6661.1812 0.045328757
6661.3514 0.045983509
6661.5215 0.046654574
6661.6917 0.047342775
6661.8619 0.048048796
6662.032 0.048773497
6662.2022 0.049517819
6662.3724 0.050283573
6662.5425 0.051072567
6662.7127 0.051885537
6662.8829 0.052723046
6663.0531 0.053585656
6663.2232 0.054473947
6663.3934 0.055388596
6663.5636 0.056330648
6663.7337 0.057301621
6663.9039 0.058303037
6664.0741 0.059335947
6664.2442 0.06040111
6664.4144 0.06149945
6664.5846 0.062631893
6664.7548 0.06379868
6664.9249 0.064999914
6665.0951 0.066236886
6665.2653 0.067510648
6665.4354 0.068821843
6665.6056 0.070172836
6665.7758 0.071563971
6665.9459 0.072994226
6666.1161 0.074464128
6666.2863 0.075974553
6666.4565 0.077526373
6666.6266 0.079120447
6666.7968 0.08075764
6666.967 0.082438087
6667.1371 0.084160967
6667.3073 0.085925457
6667.4775 0.087733325
6667.6476 0.08958695
6667.8178 0.091486806
6667.988 0.093432475
6668.1582 0.095423882
6668.3283 0.097461026
6668.4985 0.099541524
6668.6687 0.10166525
6668.8388 0.10383272
6669.009 0.10604102
6669.1792 0.10828892
6669.3493 0.11057778
6669.5195 0.11290831
6669.6897 0.11528104
6669.8599 0.11769579
6670.03 0.1201503
6670.2002 0.12264233
6670.3704 0.12517006
6670.5405 0.12773486
6670.7107 0.13033812
6670.8809 0.13297652
6671.0511 0.13564585
6671.2212 0.13834569
6671.3914 0.14107743
6671.5616 0.14384244
6671.7317 0.1466421
6671.9019 0.1494819
6672.0721 0.15236811
6672.2422 0.15530485
6672.4124 0.15829107
6672.5826 0.16132525
6672.7528 0.16440463
6672.9229 0.16752641
6673.0931 0.17068781
6673.2633 0.17388746
6673.4334 0.17713351
6673.6036 0.18043692
6673.7738 0.18380849
6673.9439 0.18725076
6674.1141 0.19076094
6674.2843 0.19433858
6674.4545 0.19798371
6674.6246 0.20169442
6674.7948 0.20546793
6674.965 0.20930146
6675.1351 0.21319223
6675.3053 0.21713159
6675.4755 0.22110833
6675.6456 0.22511681
6675.8158 0.22916517
6675.986 0.23325402
6676.1562 0.23738335
6676.3263 0.24155316
6676.4965 0.24576345
6676.6667 0.25001352
6676.8368 0.25428986
6677.007 0.25857336
6677.1772 0.26284779
6677.3473 0.26711066
6677.5175 0.27137014
6677.6877 0.27563439
6677.8579 0.27991158
6678.028 0.28420675
6678.1982 0.28851993
6678.3684 0.29285109
6678.5385 0.29720023
6678.7087 0.30157073
6678.8789 0.30596778
6679.049 0.31039014
6679.2192 0.31482966
6679.3894 0.3192933
6679.5596 0.32378922
6679.7297 0.32832556
6679.8999 0.3329105
6680.0701 0.33755218
6680.2402 0.34229066
6680.4104 0.34714227
6680.5806 0.3521177
6680.7508 0.35721412
6680.9209 0.36242336
6681.0911 0.36773727
6681.2613 0.37314766
6681.4314 0.3786526
6681.6016 0.38426023
6681.7718 0.38997873
6681.9419 0.39581626
6682.1121 0.40179778
6682.2823 0.4079207
6682.4525 0.41418502
6682.6226 0.42059071
6682.7928 0.42713021
6682.963 0.43379538
6683.1331 0.44057804
6683.3033 0.44747004
6683.4735 0.45446322
6683.6436 0.46149637
6683.8138 0.46856132
6683.984 0.47566156
6684.1542 0.4827971
6684.3243 0.48996794
6684.4945 0.49717409
6684.6647 0.50441554
6684.8348 0.51168923
6685.005 0.51898696
6685.1752 0.52630059
6685.3453 0.53362196
6685.5155 0.540908
6685.6857 0.54815309
6685.8559 0.55534906
6686.026 0.56248777
6686.1962 0.56956465
6686.3664 0.5765797
6686.5365 0.58353294
6686.7067 0.59042435
6686.8769 0.59725393
6687.047 0.60404822
6687.2172 0.61080722
6687.3874 0.61751324
6687.5576 0.62416629
6687.7277 0.63076985
6687.8979 0.63732312
6688.0681 0.64382528
6688.2382 0.650276
6688.4084 0.65667548
6688.5786 0.66301734
6688.7487 0.66929172
6688.9189 0.67550626
6689.0891 0.68166194
6689.2593 0.6877647
6689.4294 0.69382018
6689.5996 0.69982629
6689.7698 0.70576929
6689.9399 0.71163537
6690.1101 0.71741078
6690.2803 0.72308146
6690.4505 0.72863336
6690.6206 0.73405242
6690.7908 0.73933227
6690.961 0.74445737
6691.1311 0.74940409
6691.3013 0.75415678
6691.4715 0.75870098
6691.6416 0.76302239
6691.8118 0.76710457
6691.982 0.7709441
6692.1522 0.77454446
6692.3223 0.77790953
6692.4925 0.78103761
6692.6627 0.78392453
6692.8328 0.78656667
6693.003 0.78896489
6693.1732 0.79112964
6693.3433 0.79307144
6693.5135 0.79480042
6693.6837 0.79632719
6693.8539 0.79766235
6694.024 0.79881655
6694.1942 0.7998028
6694.3644 0.80063483
6694.5345 0.80133202
6694.7047 0.80191072
6694.8749 0.80238489
6695.045 0.80276663
6695.2152 0.8030709
6695.3854 0.80330629
6695.5556 0.803478
6695.7257 0.80359128
6695.8959 0.80365193
6696.0661 0.80366606
6696.2362 0.80363947
6696.4064 0.80357792
6696.5766 0.8034846
6696.7467 0.8033627
6696.9169 0.80321611
6697.0871 0.80304863
6697.2573 0.80286404
6697.4274 0.80266606
6697.5976 0.80245709
6697.7678 0.80223916
6697.9379 0.80201323
6698.1081 0.8017796
6698.2783 0.80153983
6698.4484 0.80129658
6698.6186 0.80105136
6698.7888 0.80080556
6698.959 0.80056053
6699.1291 0.80031707
6699.2993 0.80007562
6699.4695 0.79983642
6699.6396 0.79959973
6699.8098 0.79936558
6699.98 0.79913404
6700.1502 0.79890519
6700.3203 0.79867874
6700.4905 0.79845436
6700.6607 0.79823159
6700.8308 0.79801007
6701.001 0.79778952
6701.1712 0.79756966
6701.3413 0.79735022
6701.5115 0.79713092
6701.6817 0.79691149
6701.8519 0.79669178
6702.022 0.79647177
6702.1922 0.79625146
6702.3624 0.79603084
6702.5325 0.79581018
6702.7027 0.79558975
6702.8729 0.79536976
6703.043 0.79515029
6703.2132 0.79493128
6703.3834 0.79471267
6703.5536 0.79449438
6703.7237 0.79427635
6703.8939 0.79405849
6704.0641 0.79384088
6704.2342 0.7936236
6704.4044 0.79340678
6704.5746 0.79319053
6704.7447 0.79297499
6704.9149 0.7927603
6705.0851 0.79254657
6705.2553 0.79233372
6705.4254 0.79212144
6705.5956 0.79190922
6705.7658 0.79169648
6705.9359 0.79148263
6706.1061 0.79126711
6706.2763 0.79104935
6706.4464 0.79082902
6706.6166 0.79060604
6706.7868 0.79038029
6706.957 0.79015178
6707.1271 0.78992062
6707.2973 0.78968688
6707.4675 0.78945057
6707.6376 0.7892117
6707.8078 0.78897013
6707.978 0.78872574
6708.1481 0.78847842
6708.3183 0.78822804
6708.4885 0.78797449
6708.6587 0.78771773
6708.8288 0.78745785
6708.999 0.78719526
6709.1692 0.78693058
6709.3393 0.78666438
6709.5095 0.78639675
6709.6797 0.78612765
6709.8498 0.7858569
6710.02 0.78558423
6710.1902 0.78530938
6710.3604 0.78503182
6710.5305 0.7847509
6710.7007 0.78446597
6710.8709 0.7841765
6711.041 0.78388202
6711.2112 0.78358208
6711.3814 0.78327625
6711.5516 0.78296411
6711.7217 0.78264521
6711.8919 0.78231912
6712.0621 0.78198542
6712.2322 0.78164366
6712.4024 0.78129326
6712.5726 0.78093353
6712.7427 0.78056379
6712.9129 0.78018438
6713.0831 0.77979594
6713.2533 0.77939907
6713.4234 0.7789945
6713.5936 0.77858297
6713.7638 0.77816533
6713.9339 0.77774251
6714.1041 0.77731542
6714.2743 0.77688472
6714.4444 0.77645103
6714.6146 0.77601501
6714.7848 0.77557733
6714.955 0.77513865
6715.1251 0.77469964
6715.2953 0.77426098
6715.4655 0.77382332
6715.6356 0.77338738
6715.8058 0.77295391
6715.976 0.77252365
6716.1461 0.77209733
6716.3163 0.77167518
6716.4865 0.77125729
6716.6567 0.77084375
6716.8268 0.77043443
6716.997 0.77002918
6717.1672 0.76962788
6717.3373 0.76923038
6717.5075 0.76883654
6717.6777 0.76844637
6717.8478 0.76805987
6718.018 0.76767694
6718.1882 0.76729749
6718.3584 0.76692142
6718.5285 0.76654861
6718.6987 0.76617898
6718.8689 0.76581241
6719.039 0.76544771
6719.2092 0.76508278
6719.3794 0.76471552
6719.5495 0.76434385
6719.7197 0.76396563
6719.8899 0.76357862
6720.0601 0.7631806
6720.2302 0.76276944
6720.4004 0.76234281
6720.5706 0.76189828
6720.7407 0.76143338
6720.9109 0.76094547
6721.0811 0.76043163
6721.2513 0.75988895
6721.4214 0.75931418
6721.5916 0.75870398
6721.7618 0.75805503
6721.9319 0.75736397
6722.1021 0.75662736
6722.2723 0.75584165
6722.4424 0.75500532
6722.6126 0.7541186
6722.7828 0.75318094
6722.953 0.75219048
6723.1231 0.75114547
6723.2933 0.75004479
6723.4635 0.74888888
6723.6336 0.74767794
6723.8038 0.74641256
6723.974 0.74509359
6724.1441 0.7437219
6724.3143 0.7422985
6724.4845 0.74082459
6724.6547 0.73930138
6724.8248 0.73773084
6724.995 0.73611513
6725.1652 0.73445642
6725.3353 0.73275687
6725.5055 0.73101891
6725.6757 0.72924512
6725.8458 0.72743712
6726.016 0.72559565
6726.1862 0.72372419
6726.3564 0.72182893
6726.5265 0.71991601
6726.6967 0.71799059
6726.8669 0.71605469
6727.037 0.71411085
6727.2072 0.71216139
6727.3774 0.71020851
6727.5475 0.70825439
6727.7177 0.70630153
6727.8879 0.70435281
6728.0581 0.70241115
6728.2282 0.70047906
6728.3984 0.69855895
6728.5686 0.69665279
6728.7387 0.69475971
6728.9089 0.69287874
6729.0791 0.69100883
6729.2492 0.68914889
6729.4194 0.68729787
6729.5896 0.68545231
6729.7598 0.68360727
6729.9299 0.68175784
6730.1001 0.67989954
6730.2703 0.67802947
6730.4404 0.67614447
6730.6106 0.67424116
6730.7808 0.67231602
6730.951 0.67036554
6731.1211 0.66838594
6731.2913 0.66637312
6731.4615 0.66432308
6731.6316 0.66223187
6731.8018 0.66009553
6731.972 0.65791103
6732.1421 0.65568093
6732.3123 0.65341033
6732.4825 0.65110476
6732.6527 0.6487531
6732.8228 0.64634426
6732.993 0.64386681
6733.1632 0.64130929
6733.3333 0.63866071
6733.5035 0.63591005
6733.6737 0.63304631
6733.8438 0.63005849
6734.014 0.62693603
6734.1842 0.62366867
6734.3544 0.62024614
6734.5245 0.61665816
6734.6947 0.61294916
6734.8649 0.60910485
6735.035 0.6051109
6735.2052 0.60095297
6735.3754 0.59661628
6735.5455 0.59208326
6735.7157 0.58733124
6735.8859 0.58233671
6736.0561 0.57710944
6736.2262 0.57165917
6736.3964 0.56600115
6736.5666 0.56015436
6736.7367 0.55413687
6736.9069 0.54796675
6737.0771 0.54166205
6737.2472 0.53524086
6737.4174 0.528721
6737.5876 0.52212015
6737.7578 0.51545601
6737.9279 0.5087399
6738.0981 0.50187222
6738.2683 0.49487038
6738.4384 0.48776
6738.6086 0.48056918
6738.7788 0.47332606
6738.9489 0.46605873
6739.1191 0.45879783
6739.2893 0.45157445
6739.4595 0.44440302
6739.6296 0.43729157
6739.7998 0.43023247
6739.97 0.4232108
6740.1401 0.41621505
6740.3103 0.40923689
6740.4805 0.40226797
6740.6507 0.39529994
6740.8208 0.38832448
6740.991 0.38133325
6741.1612 0.37431789
6741.3313 0.36728284
6741.5015 0.3602903
6741.6717 0.35338217
6741.8418 0.34654586
6742.012 0.33976381
6742.1822 0.3330184
6742.3524 0.32629204
6742.5225 0.31956717
6742.6927 0.31282619
6742.8629 0.30605153
6743.033 0.2992384
6743.2032 0.29239773
6743.3734 0.28554404
6743.5435 0.27868605
6743.7137 0.27184205
6743.8839 0.2650311
6744.0541 0.25826891
6744.2242 0.25157055
6744.3944 0.24495108
6744.5646 0.23842561
6744.7347 0.23200283
6744.9049 0.22568987
6745.0751 0.21941723
6745.2452 0.21319948
6745.4154 0.20705369
6745.5856 0.20099695
6745.7558 0.19504633
6745.9259 0.18921891
6746.0961 0.18353178
6746.2663 0.178002
6746.4364 0.17264067
6746.6066 0.16745562
6746.7768 0.16245469
6746.9469 0.15764861
6747.1171 0.1530217
6747.2873 0.14855878
6747.4575 0.14425145
6747.6276 0.14009252
6747.7978 0.13607479
6747.968 0.13219102
6748.1381 0.12843399
6748.3083 0.12479644
6748.4785 0.12131011
6748.6486 0.11796926
6748.8188 0.11476825
6748.989 0.11170145
6749.1592 0.10876321
6749.3293 0.10594809
6749.4995 0.10325064
6749.6697 0.10066545
6749.8398 0.09818633
6750.01 0.095805569
6750.1802 0.093515444
6750.3504 0.091308252
6750.5205 0.089187565
6750.6907 0.087154825
6750.8609 0.085208189
6751.031 0.083345205
6751.2012 0.08156345
6751.3714 0.079860548
6751.5415 0.078234118
6751.7117 0.076681781
6751.8819 0.075200733
6752.0521 0.073787837
6752.2222 0.072439802
6752.3924 0.071153339
6752.5626 0.069925161
6752.7327 0.068751622
6752.9029 0.067629017
6753.0731 0.066553626
6753.2432 0.065522042
6753.4134 0.064530738
6753.5836 0.063576192
6753.7538 0.062654883
6753.9239 0.061765655
6754.0941 0.060906954
6754.2643 0.060077048
6754.4344 0.059274203
6754.6046 0.058496671
6754.7748 0.057742702
6754.9449 0.057010557
6755.1151 0.056298489
6755.2853 0.055604743
6755.4555 0.054927565
6755.6256 0.054265193
6755.7958 0.053615853
6755.966 0.052977774
6756.1361 0.05234936
6756.3063 0.051729406
6756.4765 0.051117044
6756.6466 0.050511453
6756.8168 0.049911943
6756.987 0.049317823
6757.1572 0.048728403
6757.3273 0.048142993
6757.4975 0.047562142
6757.6677 0.046986496
6757.8378 0.046416698
6758.008 0.045853395
6758.1782 0.045297216
6758.3483 0.044748787
6758.5185 0.044208746
6758.6887 0.043677755
6758.8589 0.043156474
6759.029 0.042645623
6759.1992 0.042145929
6759.3694 0.041658117
6759.5395 0.041182915
6759.7097 0.040720335
6759.8799 0.040269753
6760.0501 0.039830523
6760.2202 0.039401961
6760.3904 0.03898338
6760.5606 0.038574096
6760.7307 0.038173423
6760.9009 0.037780663
6761.0711 0.037395115
6761.2412 0.037016077
6761.4114 0.036642849
6761.5816 0.036274732
6761.7518 0.035911028
6761.9219 0.035551029
6762.0921 0.03519402
6762.2623 0.034839286
6762.4324 0.034486111
6762.6026 0.034133779
6762.7728 0.033781577
6762.9429 0.033428788
6763.1131 0.033075275
6763.2833 0.032721296
6763.4535 0.032367133
6763.6236 0.032013146
6763.7938 0.0316597
6763.964 0.031307154
6764.1341 0.030955871
6764.3043 0.030606213
6764.4745 0.03025854
6764.6446 0.029913204
6764.8148 0.02957055
6764.985 0.029230922
6765.1552 0.028894661
6765.3253 0.028562107
6765.4955 0.028233602
6765.6657 0.027909487
6765.8358 0.027590101
6766.006 0.027275785
6766.1762 0.026966894
6766.3463 0.026663863
6766.5165 0.026366686
6766.6867 0.02607519
6766.8569 0.025789188
6767.027 0.025508454
6767.1972 0.025232762
6767.3674 0.024961884
6767.5375 0.024695594
6767.7077 0.024433667
6767.8779 0.024175838
6768.048 0.023921839
6768.2182 0.023671409
6768.3884 0.023424289
6768.5586 0.02318022
6768.7287 0.022938945
6768.8989 0.022700205
6769.0691 0.022463742
6769.2392 0.022229299
6769.4094 0.021996616
6769.5796 0.021765487
6769.7497 0.021535621
6769.9199 0.021306946
6770.0901 0.021079478
6770.2603 0.020853231
6770.4304 0.020628218
6770.6006 0.020404454
6770.7708 0.020181952
6770.9409 0.019960728
6771.1111 0.019740794
6771.2813 0.019522177
6771.4515 0.01930494
6771.6216 0.019089141
6771.7918 0.018874842
6771.962 0.0186621
6772.1321 0.018450975
6772.3023 0.018241527
6772.4725 0.018033815
6772.6426 0.017827897
6772.8128 0.017623834
6772.983 0.017421544
6773.1532 0.017220864
6773.3233 0.017021632
6773.4935 0.016823683
6773.6637 0.016626856
6773.8338 0.016430987
6774.004 0.016235914
6774.1742 0.016041472
6774.3443 0.015847501
6774.5145 0.015653835
6774.6847 0.0154604
6774.8549 0.015267104
6775.025 0.015073854
6775.1952 0.01488056
6775.3654 0.014687128
6775.5355 0.014493468
6775.7057 0.014299487
6775.8759 0.014105094
6776.046 0.013910196
6776.2162 0.013714701
6776.3864 0.013518595
6776.5566 0.013321945
6776.7267 0.013124819
6776.8969 0.012927283
6777.0671 0.012729404
6777.2372 0.012531251
6777.4074 0.01233289
6777.5776 0.012134389
6777.7477 0.011935816
6777.9179 0.011737237
6778.0881 0.011538657
6778.2583 0.011340078
6778.4284 0.011141499
6778.5986 0.01094292
6778.7688 0.010744341
6778.9389 0.010545761
6779.1091 0.010347182
6779.2793 0.010148603
6779.4494 0.0099500238
6779.6196 0.0097514446
6779.7898 0.0095528654
6779.96 0.0093542862
6780.1301 0.0091557071
6780.3003 0.0089571279
6780.4705 0.0087585487
6780.6406 0.0085599695
6780.8108 0.0083613903
6780.981 0.0081628111
6781.1512 0.0079642319
6781.3213 0.0077656527
6781.4915 0.0075670735
6781.6617 0.0073684944
6781.8318 0.0071699152
6782.002 0.006971336
6782.1722 0.0067727568
6782.3423 0.0065741776
6782.5125 0.0063755984
6782.6827 0.0061770192
6782.8529 0.00597844
6783.023 0.0057798608
6783.1932 0.0055812817
6783.3634 0.0053827025
6783.5335 0.0051841233
6783.7037 0.0049855441
6783.8739 0.0047869649
6784.044 0.0045883857
6784.2142 0.0043898065
6784.3844 0.0041912273
6784.5546 0.0039926481
6784.7247 0.003794069
6784.8949 0.0035954898
6785.0651 0.0033969106
6785.2352 0.0031983314
6785.4054 0.0029997522
6785.5756 0.002801173
6785.7457 0.0026025938
6785.9159 0.0024040146
6786.0861 0.0022054355
6786.2563 0.0020068563
6786.4264 0.0018082771
6786.5966 0.0016096979
6786.7668 0.0014111187
