6640.00 0.0001
6645.00 0.0002
6650.00 0.0003
6655.00 0.0004
6660.00 0.0004
6665.00 0.0006
6670.00 0.0007
6675.00 0.0009
6680.00 0.0011
6685.00 0.0013
6690.00 0.0016
6695.00 0.0020
6700.00 0.0024
6705.00 0.0030
6710.00 0.0036
6715.00 0.0043
6720.00 0.0053
6725.00 0.0062
6730.00 0.0076
6735.00 0.0089
6740.00 0.0104
6745.00 0.0124
6750.00 0.0147
6755.00 0.0172
6760.00 0.0201
6765.00 0.0235
6770.00 0.0271
6775.00 0.0316
6780.00 0.0366
6785.00 0.0417
6790.00 0.0478
6795.00 0.0553
6800.00 0.0621
6805.00 0.0707
6810.00 0.0800
6815.00 0.0902
6820.00 0.0997
6825.00 0.1109
6830.00 0.1229
6835.00 0.1349
6840.00 0.1479
6845.00 0.1623
6850.00 0.1757
6855.00 0.1894
6860.00 0.2036
6865.00 0.2174
6870.00 0.2318
6875.00 0.2454
6880.00 0.2602
6885.00 0.2752
6890.00 0.2894
6895.00 0.3044
6900.00 0.3181
6905.00 0.3314
6910.00 0.3443
6915.00 0.3569
6920.00 0.3717
6925.00 0.3858
6930.00 0.3994
6935.00 0.4127
6940.00 0.4259
6945.00 0.4400
6950.00 0.4517
6955.00 0.4650
6960.00 0.4782
6965.00 0.4934
6970.00 0.5050
6975.00 0.5201
6980.00 0.5319
6985.00 0.5451
6990.00 0.5585
6995.00 0.5722
7000.00 0.5847
7005.00 0.5949
7010.00 0.6071
7015.00 0.6177
7020.00 0.6285
7025.00 0.6393
7030.00 0.6465
7035.00 0.6582
7040.00 0.6653
7045.00 0.6748
7050.00 0.6814
7055.00 0.6900
7060.00 0.6973
7065.00 0.7012
7070.00 0.7042
7075.00 0.7084
7080.00 0.7173
7085.00 0.7194
7090.00 0.7239
7095.00 0.7305
7100.00 0.7352
7105.00 0.7361
7110.00 0.7407
7115.00 0.7468
7120.00 0.7511
7125.00 0.7591
7130.00 0.7623
7135.00 0.7682
7140.00 0.7725
7145.00 0.7807
7150.00 0.7863
7155.00 0.7948
7160.00 0.7981
7165.00 0.8056
7170.00 0.8098
7175.00 0.8234
7180.00 0.8249
7185.00 0.8339
7190.00 0.8402
7195.00 0.8455
7200.00 0.8538
7205.00 0.8585
7210.00 0.8640
7215.00 0.8694
7220.00 0.8708
7225.00 0.8765
7230.00 0.8741
7235.00 0.8782
7240.00 0.8790
7245.00 0.8777
7250.00 0.8807
7255.00 0.8808
7260.00 0.8720
7265.00 0.8746
7270.00 0.8689
7275.00 0.8637
7280.00 0.8629
7285.00 0.8525
7290.00 0.8518
7295.00 0.8419
7300.00 0.8379
7305.00 0.8402
7310.00 0.8317
7315.00 0.8276
7320.00 0.8192
7325.00 0.8161
7330.00 0.8131
7335.00 0.8115
7340.00 0.8089
7345.00 0.8069
7350.00 0.8047
7355.00 0.8070
7360.00 0.8059
7365.00 0.8041
7370.00 0.8071
7375.00 0.8052
7380.00 0.8089
7385.00 0.8125
7390.00 0.8170
7395.00 0.8220
7400.00 0.8267
7405.00 0.8301
7410.00 0.8342
7415.00 0.8442
7420.00 0.8468
7425.00 0.8584
7430.00 0.8581
7435.00 0.8710
7440.00 0.8701
7445.00 0.8812
7450.00 0.8914
7455.00 0.8951
7460.00 0.9049
7465.00 0.9085
7470.00 0.9166
7475.00 0.9204
7480.00 0.9213
7485.00 0.9258
7490.00 0.9318
7495.00 0.9314
7500.00 0.9326
7505.00 0.9334
7510.00 0.9333
7515.00 0.9324
7520.00 0.9335
7525.00 0.9339
7530.00 0.9309
7535.00 0.9259
7540.00 0.9200
7545.00 0.9240
7550.00 0.9183
7555.00 0.9131
7560.00 0.9093
7565.00 0.9126
7570.00 0.9013
7575.00 0.9017
7580.00 0.9051
7585.00 0.8988
7590.00 0.8918
7595.00 0.8953
7600.00 0.8908
7605.00 0.8903
7610.00 0.8875
7615.00 0.8904
7620.00 0.8882
7625.00 0.8961
7630.00 0.8969
7635.00 0.8947
7640.00 0.8877
7645.00 0.9003
7650.00 0.8941
7655.00 0.8994
7660.00 0.8975
7665.00 0.9009
7670.00 0.9154
7675.00 0.9154
7680.00 0.9172
7685.00 0.9192
7690.00 0.9228
7695.00 0.9304
7700.00 0.9261
7705.00 0.9280
7710.00 0.9286
7715.00 0.9351
7720.00 0.9410
7725.00 0.9347
7730.00 0.9369
7735.00 0.9358
7740.00 0.9387
7745.00 0.9402
7750.00 0.9456
7755.00 0.9390
7760.00 0.9339
7765.00 0.9375
7770.00 0.9308
7775.00 0.9339
7780.00 0.9284
7785.00 0.9300
7790.00 0.9218
7795.00 0.9197
7800.00 0.9169
7805.00 0.9117
7810.00 0.9091
7815.00 0.9139
7820.00 0.9093
7825.00 0.9081
7830.00 0.9078
7835.00 0.9031
7840.00 0.9067
7845.00 0.9050
7850.00 0.9069
7855.00 0.9046
7860.00 0.8975
7865.00 0.9075
7870.00 0.9003
7875.00 0.9072
7880.00 0.9055
7885.00 0.9037
7890.00 0.9169
7895.00 0.9151
7900.00 0.9169
7905.00 0.9147
7910.00 0.9198
7915.00 0.9106
7920.00 0.9181
7925.00 0.9169
7930.00 0.9245
7935.00 0.9147
7940.00 0.9228
7945.00 0.9152
7950.00 0.9166
7955.00 0.9128
7960.00 0.9056
7965.00 0.9136
7970.00 0.9048
7975.00 0.9036
7980.00 0.9041
7985.00 0.8967
7990.00 0.8878
7995.00 0.8902
8000.00 0.8749
8005.00 0.8767
8010.00 0.8730
8015.00 0.8618
8020.00 0.8642
8025.00 0.8619
8030.00 0.8599
8035.00 0.8500
8040.00 0.8472
8045.00 0.8355
8050.00 0.8316
8055.00 0.8414
8060.00 0.8439
8065.00 0.8464
8070.00 0.8357
8075.00 0.8428
8080.00 0.8399
8085.00 0.8489
8090.00 0.8515
8095.00 0.8583
8100.00 0.8583
8105.00 0.8586
8110.00 0.8703
8115.00 0.8786
8120.00 0.8831
8125.00 0.8861
8130.00 0.8903
8135.00 0.9075
8140.00 0.8979
8145.00 0.9178
8150.00 0.9147
8155.00 0.9184
8160.00 0.9126
8165.00 0.9217
8170.00 0.9311
8175.00 0.9283
8180.00 0.9241
8185.00 0.9209
8190.00 0.9148
8195.00 0.9034
8200.00 0.9039
8205.00 0.8876
8210.00 0.9014
8215.00 0.8772
8220.00 0.8760
8225.00 0.8631
8230.00 0.8435
8235.00 0.8447
8240.00 0.8443
8245.00 0.8323
8250.00 0.8208
8255.00 0.8276
8260.00 0.8169
8265.00 0.8102
8270.00 0.8112
8275.00 0.8071
8280.00 0.8006
8285.00 0.8067
8290.00 0.8093
8295.00 0.8089
8300.00 0.8193
8305.00 0.8353
8310.00 0.8449
8315.00 0.8464
8320.00 0.8570
8325.00 0.8740
8330.00 0.8832
8335.00 0.8850
8340.00 0.9031
8345.00 0.8962
8350.00 0.8916
8355.00 0.8877
8360.00 0.8923
8365.00 0.8658
8370.00 0.8391
8375.00 0.8153
8380.00 0.7961
8385.00 0.7522
8390.00 0.7258
8395.00 0.6972
8400.00 0.6722
8405.00 0.6434
8410.00 0.6100
8415.00 0.5766
8420.00 0.5535
8425.00 0.5532
8430.00 0.5340
8435.00 0.5360
8440.00 0.5315
8445.00 0.5299
8450.00 0.5524
8455.00 0.5744
8460.00 0.6034
8465.00 0.6478
8470.00 0.7075
8475.00 0.7697
8480.00 0.8508
8485.00 0.9158
8490.00 0.9271
8495.00 0.7936
8500.00 0.6533
8505.00 0.4874
8510.00 0.3385
8515.00 0.2371
8520.00 0.1616
8525.00 0.1166
8530.00 0.0801
8535.00 0.0598
8540.00 0.0444
8545.00 0.0323
8550.00 0.0248
8555.00 0.0190
8560.00 0.0164
8565.00 0.0120
8570.00 0.0085
8575.00 0.0069
8580.00 0.0054
8585.00 0.0053
8590.00 0.0027
8595.00 0.0041
8600.00 0.0006
8605.00 0.0049
8610.00 0.0195
8615.00 0.0152
8620.00 0.0116
8625.00 0.0093
8630.00 0.0076
8635.00 0.0054
8640.00 0.0044
8645.00 0.0035
8650.00 0.0030
8655.00 0.0022
8660.00 0.0017
8665.00 0.0014
8670.00 0.0009
8675.00 0.0006
8680.00 0.0004
8685.00 0.0007
8690.00 0.0006
8695.00 0.0001
8700.00 0.0004
