22350.00 0.0005
22360.00 0.0011
22370.00 0.0003
22380.00 0.0009
22390.00 0.0003
22400.00 0.0010
22410.00 0.0010
22420.00 0.0013
22430.00 0.0019
22440.00 0.0018
22450.00 0.0018
22460.00 0.0024
22470.00 0.0024
22480.00 0.0027
22490.00 0.0037
22500.00 0.0043
22510.00 0.0054
22520.00 0.0063
22530.00 0.0076
22540.00 0.0090
22550.00 0.0113
22560.00 0.0140
22570.00 0.0168
22580.00 0.0211
22590.00 0.0255
22600.00 0.0318
22610.00 0.0399
22620.00 0.0504
22630.00 0.0628
22640.00 0.0785
22650.00 0.0979
22660.00 0.1229
22670.00 0.1537
22680.00 0.1854
22690.00 0.2236
22700.00 0.2637
22710.00 0.3059
22720.00 0.3497
22730.00 0.3932
22740.00 0.4340
22750.00 0.4746
22760.00 0.5098
22770.00 0.5464
22780.00 0.5784
22790.00 0.6105
22800.00 0.6396
22810.00 0.6656
22820.00 0.6851
22830.00 0.6990
22840.00 0.7067
22850.00 0.7065
22860.00 0.6984
22870.00 0.6865
22880.00 0.6706
22890.00 0.6531
22900.00 0.6370
22910.00 0.6219
22920.00 0.6107
22930.00 0.6041
22940.00 0.6042
22950.00 0.6089
22960.00 0.6201
22970.00 0.6357
22980.00 0.6548
22990.00 0.6720
23000.00 0.6794
23010.00 0.6655
23020.00 0.6251
23030.00 0.5572
23040.00 0.4672
23050.00 0.3729
23060.00 0.2873
23070.00 0.2159
23080.00 0.1587
23090.00 0.1202
23100.00 0.0896
23110.00 0.0684
23120.00 0.0514
23130.00 0.0404
23140.00 0.0321
23150.00 0.0256
23160.00 0.0199
23170.00 0.0163
23180.00 0.0132
23190.00 0.0107
23200.00 0.0092
23210.00 0.0074
23220.00 0.0063
23230.00 0.0053
23240.00 0.0047
23250.00 0.0043
23260.00 0.0043
23270.00 0.0037
23280.00 0.0027
23290.00 0.0018
23300.00 0.0023
23310.00 0.0019
23320.00 0.0015
23330.00 0.0016
23340.00 0.0015
23350.00 0.0013
23360.00 0.0010
23370.00 0.0009
23380.00 0.0009
23390.00 0.0011
23400.00 0.0003
