11807.10 0.0008
11817.09 0.0022
11827.07 0.0034
11837.05 0.0043
11847.03 0.0053
11857.01 0.0067
11866.99 0.0091
11876.97 0.0118
11886.96 0.0158
11896.94 0.0210
11906.92 0.0296
11916.90 0.0416
11926.88 0.0591
11936.86 0.0850
11946.84 0.1232
11956.83 0.1752
11966.81 0.2409
11976.79 0.3152
11986.77 0.3896
11996.75 0.4572
12006.73 0.5138
12016.71 0.5566
12026.70 0.5862
12036.68 0.6036
12046.66 0.6087
12056.64 0.6028
12066.62 0.5925
12076.60 0.5812
12086.58 0.5767
12096.57 0.5829
12106.55 0.5994
12116.53 0.6169
12126.51 0.6088
12136.49 0.5477
12146.47 0.4359
12156.45 0.3006
12166.44 0.1880
12176.42 0.1132
12186.40 0.0685
12196.38 0.0415
12206.36 0.0271
12216.34 0.0174
12226.32 0.0122
12236.31 0.0087
12246.29 0.0063
12256.27 0.0045
12266.25 0.0036
12276.23 0.0029
12286.21 0.0019
12296.19 0.0019
12306.18 0.0014
12316.16 0.0013
12326.14 0.0009
