3000.000000 0.000008
3100.000000 0.000010
3200.000000 0.000009
3300.000000 0.000014
3400.000000 0.000015
3500.000000 0.000017
3600.000000 0.000029
3700.000000 0.000013
3800.000000 0.000014
3900.000000 0.000012
4000.000000 0.000020
4100.000000 0.000024
4200.000000 0.000019
4300.000000 0.000020
4400.000000 0.000017
4500.000000 0.000018
4600.000000 0.000024
4700.000000 0.000010
4800.000000 0.000012
4900.000000 0.000023
5000.000000 0.000017
5100.000000 0.000027
5200.000000 0.000018
5300.000000 0.000019
5400.000000 0.000019
5500.000000 0.000111
5600.000000 0.074697
5700.000000 0.520189
5800.000000 0.766933
5900.000000 0.822666
6000.000000 0.826028
6100.000000 0.812314
6200.000000 0.789451
6300.000000 0.760837
6400.000000 0.728812
6500.000000 0.693122
6600.000000 0.655886
6700.000000 0.616156
6800.000000 0.573254
6900.000000 0.526043
7000.000000 0.479066
7100.000000 0.431141
7200.000000 0.386028
7300.000000 0.341578
7400.000000 0.299686
7500.000000 0.260055
7600.000000 0.223049
7700.000000 0.189149
7800.000000 0.158575
7900.000000 0.131813
8000.000000 0.107405
8100.000000 0.087958
8200.000000 0.071689
8300.000000 0.057567
8400.000000 0.045808
8500.000000 0.036353
8600.000000 0.028704
8700.000000 0.022587
8800.000000 0.017761
8900.000000 0.013953
9000.000000 0.010974
9100.000000 0.008735
9200.000000 0.006885
9300.000000 0.005454
9400.000000 0.004351
9500.000000 0.003493
9600.000000 0.002798
9700.000000 0.002283
9800.000000 0.001881
9900.000000 0.001553
10000.000000 0.001293
10100.000000 0.001096
10200.000000 0.000931
10300.000000 0.000820
10400.000000 0.000698
10500.000000 0.000608
10600.000000 0.000544
10700.000000 0.000486
10800.000000 0.000441
10900.000000 0.000410
11000.000000 0.000382
11100.000000 0.000332
11200.000000 0.000331
11300.000000 0.000300
11400.000000 0.000295
11500.000000 0.000291
11600.000000 0.000272
11700.000000 0.000266
11800.000000 0.000246
11900.000000 0.000246
12000.000000 0.000247
