3000.000000 0.000015
3100.000000 0.000020
3200.000000 0.000013
3300.000000 0.000017
3400.000000 0.000086
3500.000000 0.000011
3600.000000 0.000019
3700.000000 0.000004
3800.000000 0.000010
3900.000000 0.000016
4000.000000 0.000007
4100.000000 0.000013
4200.000000 0.000014
4300.000000 0.000020
4400.000000 0.000020
4500.000000 0.000018
4600.000000 0.000024
4700.000000 0.000011
4800.000000 0.000020
4900.000000 0.000021
5000.000000 0.000015
5100.000000 0.000020
5200.000000 0.000020
5300.000000 0.000017
5400.000000 0.000022
5500.000000 0.000124
5600.000000 0.076318
5700.000000 0.525153
5800.000000 0.771042
5900.000000 0.826436
6000.000000 0.829685
6100.000000 0.815687
6200.000000 0.793211
6300.000000 0.764766
6400.000000 0.732568
6500.000000 0.697131
6600.000000 0.659777
6700.000000 0.619888
6800.000000 0.577137
6900.000000 0.529715
7000.000000 0.482753
7100.000000 0.434661
7200.000000 0.389355
7300.000000 0.344768
7400.000000 0.302756
7500.000000 0.262841
7600.000000 0.225568
7700.000000 0.191466
7800.000000 0.160632
7900.000000 0.133595
8000.000000 0.108485
8100.000000 0.088934
8200.000000 0.072359
8300.000000 0.058293
8400.000000 0.046439
8500.000000 0.036888
8600.000000 0.029171
8700.000000 0.022990
8800.000000 0.018075
8900.000000 0.014232
9000.000000 0.011214
9100.000000 0.008912
9200.000000 0.007033
9300.000000 0.005572
9400.000000 0.004453
9500.000000 0.003571
9600.000000 0.002873
9700.000000 0.002326
9800.000000 0.001923
9900.000000 0.001596
10000.000000 0.001337
10100.000000 0.001134
10200.000000 0.000967
10300.000000 0.000841
10400.000000 0.000721
10500.000000 0.000629
10600.000000 0.000568
10700.000000 0.000501
10800.000000 0.000458
10900.000000 0.000422
11000.000000 0.000392
11100.000000 0.000357
11200.000000 0.000340
11300.000000 0.000318
11400.000000 0.000292
11500.000000 0.000287
11600.000000 0.000276
11700.000000 0.000268
11800.000000 0.000258
11900.000000 0.000258
12000.000000 0.000269
