6972.700000 0.000760
6976.000000 0.000910
6979.300000 0.000950
6982.700000 0.001310
6986.000000 0.001440
6989.300000 0.001450
6992.600000 0.001530
6995.900000 0.001620
6999.200000 0.001480
7002.500000 0.001620
7005.900000 0.001920
7009.200000 0.002240
7012.500000 0.002410
7015.800000 0.002750
7019.100000 0.003100
7022.400000 0.003340
7025.700000 0.003600
7029.000000 0.003880
7032.400000 0.004150
7035.700000 0.004290
7039.000000 0.004430
7042.300000 0.004630
7045.600000 0.005240
7048.900000 0.006050
7052.200000 0.006930
7055.500000 0.007790
7058.800000 0.008940
7062.100000 0.010130
7065.400000 0.011150
7068.700000 0.012820
7072.000000 0.014590
7075.400000 0.016770
7078.700000 0.018760
7082.000000 0.021380
7085.300000 0.023780
7088.600000 0.026830
7091.900000 0.029720
7095.200000 0.033160
7098.500000 0.036630
7101.800000 0.040590
7105.100000 0.044780
7108.400000 0.049450
7111.700000 0.054260
7115.000000 0.059480
7118.300000 0.065200
7121.600000 0.071230
7124.900000 0.077510
7128.200000 0.084320
7131.500000 0.091470
7134.800000 0.099050
7138.100000 0.106950
7141.400000 0.115340
7144.700000 0.124260
7148.000000 0.133960
7151.200000 0.143840
7154.500000 0.153990
7157.800000 0.164670
7161.100000 0.175790
7164.400000 0.187370
7167.700000 0.199450
7171.000000 0.212350
7174.300000 0.225170
7177.600000 0.238370
7180.900000 0.252330
7184.200000 0.266150
7187.500000 0.280060
7190.800000 0.294950
7194.000000 0.309910
7197.300000 0.324650
7200.600000 0.340120
7203.900000 0.355650
7207.200000 0.370940
7210.500000 0.386440
7213.800000 0.401740
7217.100000 0.416830
7220.300000 0.431320
7223.600000 0.445210
7226.900000 0.458580
7230.200000 0.471690
7233.500000 0.484280
7236.800000 0.496580
7240.000000 0.508930
7243.300000 0.520940
7246.600000 0.532020
7249.900000 0.542600
7253.200000 0.552640
7256.500000 0.562060
7259.700000 0.570960
7263.000000 0.580120
7266.300000 0.588290
7269.600000 0.596240
7272.900000 0.603010
7276.100000 0.610160
7279.400000 0.616680
7282.700000 0.623190
7286.000000 0.629380
7289.200000 0.635970
7292.500000 0.641700
7295.800000 0.647430
7299.100000 0.652920
7302.300000 0.658290
7305.600000 0.663450
7308.900000 0.668620
7312.200000 0.674190
7315.400000 0.679590
7318.700000 0.684920
7322.000000 0.690300
7325.300000 0.695600
7328.500000 0.700540
7331.800000 0.705350
7335.100000 0.710860
7338.300000 0.715400
7341.600000 0.720400
7344.900000 0.725340
7348.100000 0.730280
7351.400000 0.734470
7354.700000 0.739540
7357.900000 0.743930
7361.200000 0.747930
7364.500000 0.751970
7367.700000 0.756800
7371.000000 0.761210
7374.300000 0.765860
7377.500000 0.770570
7380.800000 0.775120
7384.100000 0.779170
7387.300000 0.783960
7390.600000 0.788500
7393.900000 0.793040
7397.100000 0.797410
7400.400000 0.801320
7403.600000 0.805110
7406.900000 0.809400
7410.200000 0.813340
7413.400000 0.817800
7416.700000 0.822280
7419.900000 0.827050
7423.200000 0.831400
7426.500000 0.835770
7429.700000 0.840060
7433.000000 0.845000
7436.200000 0.848710
7439.500000 0.852550
7442.800000 0.856760
7446.000000 0.860760
7449.300000 0.864040
7452.500000 0.868230
7455.800000 0.872690
7459.000000 0.876720
7462.300000 0.880760
7465.500000 0.884900
7468.800000 0.888780
7472.000000 0.892500
7475.300000 0.896070
7478.500000 0.899110
7481.800000 0.902730
7485.000000 0.905620
7488.300000 0.907760
7491.500000 0.909920
7494.800000 0.912280
7498.000000 0.914260
7501.300000 0.916160
7504.500000 0.918590
7507.800000 0.920430
7511.000000 0.922180
7514.300000 0.923080
7517.500000 0.924520
7520.800000 0.925320
7524.000000 0.926450
7527.300000 0.927550
7530.500000 0.928740
7533.700000 0.929440
7537.000000 0.929590
7540.200000 0.930270
7543.500000 0.930180
7546.700000 0.929900
7550.000000 0.930220
7553.200000 0.930860
7556.400000 0.930840
7559.700000 0.931710
7562.900000 0.931860
7566.200000 0.931860
7569.400000 0.931660
7572.600000 0.931100
7575.900000 0.930540
7579.100000 0.930870
7582.400000 0.931190
7585.600000 0.931120
7588.800000 0.932000
7592.100000 0.932400
7595.300000 0.932270
7598.500000 0.932290
7601.800000 0.932620
7605.000000 0.932800
7608.200000 0.933370
7611.500000 0.934190
7614.700000 0.934230
7617.900000 0.935240
7621.200000 0.936070
7624.400000 0.936070
7627.600000 0.937380
7630.900000 0.938640
7634.100000 0.939440
7637.300000 0.940160
7640.600000 0.941440
7643.800000 0.941820
7647.000000 0.942540
7650.200000 0.943300
7653.500000 0.943640
7656.700000 0.944170
7659.900000 0.944640
7663.200000 0.945190
7666.400000 0.945360
7669.600000 0.946100
7672.800000 0.946670
7676.100000 0.947380
7679.300000 0.947610
7682.500000 0.948170
7685.700000 0.948770
7689.000000 0.949770
7692.200000 0.950100
7695.400000 0.951010
7698.600000 0.951380
7701.800000 0.951550
7705.100000 0.951270
7708.300000 0.951680
7711.500000 0.951600
7714.700000 0.951930
7717.900000 0.952160
7721.200000 0.952600
7724.400000 0.952430
7727.600000 0.952400
7730.800000 0.952670
7734.000000 0.952960
7737.200000 0.953140
7740.500000 0.953170
7743.700000 0.953380
7746.900000 0.953740
7750.100000 0.953370
7753.300000 0.953200
7756.500000 0.953720
7759.700000 0.954000
7763.000000 0.953470
7766.200000 0.953950
7769.400000 0.954490
7772.600000 0.954560
7775.800000 0.954140
7779.000000 0.953970
7782.200000 0.953450
7785.400000 0.952410
7788.700000 0.951700
7791.900000 0.951440
7795.100000 0.951320
7798.300000 0.951240
7801.500000 0.951500
7804.700000 0.951760
7807.900000 0.951310
7811.100000 0.951070
7814.300000 0.950610
7817.500000 0.950020
7820.700000 0.949470
7823.900000 0.949560
7827.100000 0.949970
7830.300000 0.949770
7833.500000 0.949530
7836.700000 0.949490
7839.900000 0.949260
7843.100000 0.948710
7846.400000 0.949500
7849.600000 0.949730
7852.800000 0.949290
7856.000000 0.949430
7859.200000 0.949560
7862.400000 0.948750
7865.600000 0.949480
7868.800000 0.950150
7871.900000 0.950600
7875.100000 0.950250
7878.300000 0.951470
7881.500000 0.951130
7884.700000 0.951250
7887.900000 0.952120
7891.100000 0.953140
7894.300000 0.952930
7897.500000 0.953040
7900.700000 0.953320
7903.900000 0.953420
7907.100000 0.953310
7910.300000 0.954160
7913.500000 0.955020
7916.700000 0.955850
7919.900000 0.956150
7923.100000 0.956420
7926.300000 0.955450
7929.400000 0.955530
7932.600000 0.955180
7935.800000 0.954650
7939.000000 0.955020
7942.200000 0.954980
7945.400000 0.954570
7948.600000 0.954020
7951.800000 0.953880
7955.000000 0.953180
7958.100000 0.953130
7961.300000 0.952690
7964.500000 0.952260
7967.700000 0.951670
7970.900000 0.951170
7974.100000 0.951210
7977.300000 0.950360
7980.400000 0.949210
7983.600000 0.948880
7986.800000 0.948400
7990.000000 0.946790
7993.200000 0.946410
7996.300000 0.946460
7999.500000 0.944930
8002.700000 0.943910
8005.900000 0.943230
8009.100000 0.941960
8012.200000 0.940990
8015.400000 0.940350
8018.600000 0.940030
8021.800000 0.939510
8025.000000 0.939190
8028.100000 0.938950
8031.300000 0.938100
8034.500000 0.937840
8037.700000 0.937980
8040.800000 0.937640
8044.000000 0.937310
8047.200000 0.938130
8050.400000 0.937880
8053.500000 0.938130
8056.700000 0.938040
8059.900000 0.938130
8063.100000 0.937910
8066.200000 0.937900
8069.400000 0.937540
8072.600000 0.938410
8075.700000 0.938150
8078.900000 0.938290
8082.100000 0.938990
8085.200000 0.939170
8088.400000 0.938910
8091.600000 0.940200
8094.800000 0.940980
8097.900000 0.941530
8101.100000 0.942940
8104.300000 0.944410
8107.400000 0.945050
8110.600000 0.945860
8113.700000 0.946100
8116.900000 0.946420
8120.100000 0.947120
8123.200000 0.948100
8126.400000 0.948660
8129.600000 0.949870
8132.700000 0.949860
8135.900000 0.950140
8139.100000 0.949310
8142.200000 0.950130
8145.400000 0.950150
8148.500000 0.951310
8151.700000 0.952200
8154.900000 0.953930
8158.000000 0.954830
8161.200000 0.956000
8164.300000 0.956740
8167.500000 0.957590
8170.600000 0.958210
8173.800000 0.958830
8177.000000 0.959170
8180.100000 0.959880
8183.300000 0.959990
8186.400000 0.960510
8189.600000 0.960300
8192.700000 0.960740
8195.900000 0.960460
8199.000000 0.960380
8202.200000 0.960370
8205.400000 0.961070
8208.500000 0.961220
8211.700000 0.961590
8214.800000 0.961300
8218.000000 0.961630
8221.100000 0.961280
8224.300000 0.961370
8227.400000 0.960820
8230.600000 0.960830
8233.700000 0.959770
8236.900000 0.958280
8240.000000 0.957580
8243.200000 0.956440
8246.300000 0.955810
8249.400000 0.955290
8252.600000 0.955640
8255.700000 0.954460
8258.900000 0.953840
8262.000000 0.952700
8265.200000 0.951820
8268.300000 0.950330
8271.500000 0.949780
8274.600000 0.948830
8277.700000 0.947700
8280.900000 0.947070
8284.000000 0.946270
8287.200000 0.945280
8290.300000 0.944910
8293.500000 0.944810
8296.600000 0.944130
8299.700000 0.944230
8302.900000 0.944180
8306.000000 0.944470
8309.100000 0.943320
8312.300000 0.942990
8315.400000 0.943360
8318.600000 0.942170
8321.700000 0.941470
8324.800000 0.942170
8328.000000 0.942070
8331.100000 0.941730
8334.200000 0.943050
8337.400000 0.943760
8340.500000 0.944400
8343.600000 0.945450
8346.800000 0.946050
8349.900000 0.946850
8353.000000 0.948260
8356.200000 0.949180
8359.300000 0.950100
8362.400000 0.951190
8365.600000 0.951910
8368.700000 0.952010
8371.800000 0.952720
8374.900000 0.953190
8378.100000 0.952900
8381.200000 0.953600
8384.300000 0.954420
8387.500000 0.954850
8390.600000 0.955250
8393.700000 0.956340
8396.800000 0.955360
8400.000000 0.955760
8403.100000 0.956380
8406.200000 0.957230
8409.300000 0.956710
8412.500000 0.957890
8415.600000 0.957710
8418.700000 0.957320
8421.800000 0.956220
8425.000000 0.956520
8428.100000 0.956420
8431.200000 0.955750
8434.300000 0.955590
8437.400000 0.955680
8440.600000 0.955090
8443.700000 0.954580
8446.800000 0.954130
8449.900000 0.953930
8453.000000 0.953230
8456.200000 0.953080
8459.300000 0.951950
8462.400000 0.951300
8465.500000 0.950080
8468.600000 0.949390
8471.700000 0.948760
8474.900000 0.948470
8478.000000 0.948040
8481.100000 0.947940
8484.200000 0.947860
8487.300000 0.947780
8490.400000 0.947710
8493.500000 0.947910
8496.600000 0.947560
8499.800000 0.947600
8502.900000 0.946900
8506.000000 0.947070
8509.100000 0.947450
8512.200000 0.948110
8515.300000 0.948810
8518.400000 0.950110
8521.500000 0.951040
8524.600000 0.950840
8527.700000 0.951070
8530.900000 0.951130
8534.000000 0.951070
8537.100000 0.951220
8540.200000 0.951630
8543.300000 0.952570
8546.400000 0.952560
8549.500000 0.953450
8552.600000 0.953300
8555.700000 0.954110
8558.800000 0.954120
8561.900000 0.954910
8565.000000 0.954770
8568.100000 0.954890
8571.200000 0.954530
8574.300000 0.954810
8577.400000 0.954450
8580.500000 0.955220
8583.600000 0.954990
8586.700000 0.955980
8589.800000 0.957000
8592.900000 0.957670
8596.000000 0.956970
8599.100000 0.958060
8602.200000 0.958190
8605.300000 0.957010
8608.400000 0.957080
8611.500000 0.957710
8614.600000 0.957490
8617.700000 0.956930
8620.800000 0.956620
8623.900000 0.956590
8627.000000 0.956450
8630.100000 0.955410
8633.200000 0.953490
8636.200000 0.952890
8639.300000 0.951720
8642.400000 0.949700
8645.500000 0.949210
8648.600000 0.948980
8651.700000 0.947200
8654.800000 0.945770
8657.900000 0.944740
8661.000000 0.942940
8664.100000 0.941080
8667.100000 0.939600
8670.200000 0.938360
8673.300000 0.936060
8676.400000 0.933500
8679.500000 0.931340
8682.600000 0.928800
8685.700000 0.925060
8688.800000 0.922920
8691.800000 0.920750
8694.900000 0.918150
8698.000000 0.916610
8701.100000 0.914730
8704.200000 0.912090
8707.300000 0.909120
8710.300000 0.907210
8713.400000 0.905540
8716.500000 0.903900
8719.600000 0.903000
8722.700000 0.902970
8725.700000 0.903190
8728.800000 0.903280
8731.900000 0.904770
8735.000000 0.906300
8738.100000 0.908490
8741.100000 0.911230
8744.200000 0.914340
8747.300000 0.917690
8750.400000 0.922290
8753.400000 0.926820
8756.500000 0.931310
8759.600000 0.934920
8762.700000 0.938010
8765.700000 0.939510
8768.800000 0.939510
8771.900000 0.938590
8775.000000 0.935290
8778.000000 0.929470
8781.100000 0.920070
8784.200000 0.907170
8787.300000 0.889080
8790.300000 0.866140
8793.400000 0.838550
8796.500000 0.805810
8799.500000 0.768750
8802.600000 0.728720
8805.700000 0.686060
8808.700000 0.640910
8811.800000 0.594370
8814.900000 0.548040
8817.900000 0.501450
8821.000000 0.456440
8824.100000 0.414470
8827.100000 0.374110
8830.200000 0.336440
8833.300000 0.302110
8836.300000 0.270780
8839.400000 0.242170
8842.500000 0.216530
8845.500000 0.193690
8848.600000 0.173170
8851.600000 0.154520
8854.700000 0.138520
8857.800000 0.124640
8860.800000 0.111930
8863.900000 0.100620
8867.000000 0.091120
8870.000000 0.082300
8873.100000 0.074360
8876.100000 0.067800
8879.200000 0.061980
8882.200000 0.056320
8885.300000 0.051080
8888.400000 0.046830
8891.400000 0.042360
8894.500000 0.038500
8897.500000 0.035330
8900.600000 0.033220
8903.600000 0.030560
8906.700000 0.028620
8909.700000 0.026320
8912.800000 0.024380
8915.900000 0.022260
8918.900000 0.021150
8922.000000 0.020310
8925.000000 0.019770
8928.100000 0.019270
8931.100000 0.018310
8934.200000 0.016980
8937.200000 0.015360
8940.300000 0.014020
8943.300000 0.012510
8946.400000 0.011580
8949.400000 0.010900
8952.500000 0.010570
8955.500000 0.010510
8958.500000 0.010540
8961.600000 0.010610
8964.600000 0.010610
8967.700000 0.010650
8970.700000 0.010530
8973.800000 0.010310
8976.800000 0.010140
8979.900000 0.009780
8982.900000 0.009600
8986.000000 0.009330
8989.000000 0.009240
8992.000000 0.008980
8995.100000 0.008640
8998.100000 0.008350
9001.200000 0.008160
9004.200000 0.007850
9007.200000 0.007100
9010.300000 0.007220
9013.300000 0.006330
9016.400000 0.005890
9019.400000 0.005140
9022.400000 0.004730
9025.500000 0.003840
9028.500000 0.004200
9031.500000 0.003660
9034.600000 0.003560
9037.600000 0.003650
9040.700000 0.003350
9043.700000 0.003340
9046.700000 0.003800
9049.800000 0.003680
9052.800000 0.003830
9055.800000 0.004390
9058.900000 0.003740
9061.900000 0.002830
9064.900000 0.002860
9067.900000 0.002060
9071.000000 0.001400
9074.000000 0.001370
9077.000000 0.001850
9080.100000 0.001380
9083.100000 0.001620
9086.100000 0.001710
9089.200000 0.001620
9092.200000 0.001270
9095.200000 0.001290
9098.200000 0.001150
9101.300000 0.000950
9104.300000 0.001160
9107.300000 0.001180
9110.300000 0.001290
9113.400000 0.001540
9116.400000 0.001760
9119.400000 0.001790
9122.400000 0.001660
9125.500000 0.001560
9128.500000 0.001310
9131.500000 0.001100
9134.500000 0.000490
9137.500000 0.000510
9140.600000 0.000730
9143.600000 0.000870
9146.600000 0.000850
9149.600000 0.001000
9152.600000 0.001100
9155.700000 0.001360
9158.700000 0.001460
9161.700000 0.001600
9164.700000 0.001820
9167.700000 0.001710
9170.800000 0.001700
9173.800000 0.001610
9176.800000 0.001470
9179.800000 0.001260
9182.800000 0.001250
9185.800000 0.001140
9188.800000 0.001120
9191.900000 0.001270
9194.900000 0.001130
9197.900000 0.001400
9200.900000 0.001270
9203.900000 0.001290
9206.900000 0.001150
9209.900000 0.001560
9212.900000 0.001290
9215.900000 0.000930
9219.000000 0.000660
9222.000000 0.000680
9225.000000 0.000540
9228.000000 0.000940
9231.000000 0.001180
9234.000000 0.001470
9237.000000 0.001460
9240.000000 0.001230
9243.000000 0.000690
9246.000000 0.000580
9249.000000 0.000970
9252.000000 0.001130
