6122.700000 0.000430
6126.100000 0.000500
6129.600000 0.001390
6133.000000 0.001330
6136.400000 0.001570
6139.800000 0.001170
6143.300000 0.001730
6146.700000 0.001980
6150.100000 0.001780
6153.500000 0.001230
6157.000000 0.001610
6160.400000 0.002750
6163.800000 0.003310
6167.200000 0.003700
6170.600000 0.004050
6174.100000 0.004570
6177.500000 0.004790
6180.900000 0.004740
6184.300000 0.005020
6187.800000 0.004740
6191.200000 0.004970
6194.600000 0.005480
6198.000000 0.007200
6201.400000 0.008530
6204.800000 0.009690
6208.300000 0.009650
6211.700000 0.009700
6215.100000 0.009750
6218.500000 0.011640
6221.900000 0.013020
6225.300000 0.014410
6228.800000 0.015420
6232.200000 0.017330
6235.600000 0.018600
6239.000000 0.020260
6242.400000 0.022160
6245.800000 0.025700
6249.200000 0.028780
6252.600000 0.032490
6256.100000 0.036640
6259.500000 0.040980
6262.900000 0.045690
6266.300000 0.051060
6269.700000 0.057910
6273.100000 0.066010
6276.500000 0.075160
6279.900000 0.086300
6283.300000 0.098640
6286.700000 0.113740
6290.100000 0.130240
6293.500000 0.150500
6297.000000 0.173450
6300.400000 0.199550
6303.800000 0.228980
6307.200000 0.262670
6310.600000 0.301760
6314.000000 0.345670
6317.400000 0.393030
6320.800000 0.442820
6324.200000 0.494920
6327.600000 0.548120
6331.000000 0.600660
6334.400000 0.651520
6337.800000 0.699750
6341.200000 0.743890
6344.600000 0.782330
6348.000000 0.813840
6351.400000 0.838870
6354.800000 0.856540
6358.200000 0.869060
6361.600000 0.878000
6365.000000 0.884390
6368.400000 0.886430
6371.800000 0.887160
6375.200000 0.885090
6378.600000 0.882930
6382.000000 0.878280
6385.400000 0.875350
6388.700000 0.872360
6392.100000 0.869900
6395.500000 0.868780
6398.900000 0.869440
6402.300000 0.871120
6405.700000 0.872610
6409.100000 0.873620
6412.500000 0.876340
6415.900000 0.877640
6419.300000 0.880240
6422.700000 0.881850
6426.100000 0.885010
6429.400000 0.887140
6432.800000 0.889280
6436.200000 0.891730
6439.600000 0.892900
6443.000000 0.892920
6446.400000 0.891470
6449.800000 0.891380
6453.200000 0.889920
6456.500000 0.889960
6459.900000 0.887910
6463.300000 0.886770
6466.700000 0.881880
6470.100000 0.876630
6473.500000 0.869860
6476.800000 0.863010
6480.200000 0.854370
6483.600000 0.844380
6487.000000 0.833210
6490.400000 0.819360
6493.800000 0.802920
6497.100000 0.782930
6500.500000 0.761010
6503.900000 0.736460
6507.300000 0.710890
6510.600000 0.683100
6514.000000 0.651580
6517.400000 0.617330
6520.800000 0.580110
6524.200000 0.543890
6527.500000 0.505490
6530.900000 0.467250
6534.300000 0.429390
6537.700000 0.393830
6541.000000 0.358190
6544.400000 0.323510
6547.800000 0.290700
6551.200000 0.261240
6554.500000 0.234620
6557.900000 0.209380
6561.300000 0.187100
6564.600000 0.167040
6568.000000 0.149210
6571.400000 0.133490
6574.800000 0.119370
6578.100000 0.107210
6581.500000 0.095560
6584.900000 0.085160
6588.200000 0.075620
6591.600000 0.068180
6595.000000 0.061950
6598.300000 0.056430
6601.700000 0.050800
6605.100000 0.045330
6608.400000 0.040530
6611.800000 0.036680
6615.200000 0.032920
6618.500000 0.029970
6621.900000 0.026980
6625.300000 0.025270
6628.600000 0.023160
6632.000000 0.021200
6635.300000 0.019010
6638.700000 0.017340
6642.100000 0.015480
6645.400000 0.014350
6648.800000 0.012850
6652.100000 0.012460
6655.500000 0.010640
6658.900000 0.010190
6662.200000 0.008910
6665.600000 0.008960
6668.900000 0.008520
6672.300000 0.008430
6675.700000 0.007510
6679.000000 0.006540
6682.400000 0.005240
6685.700000 0.004910
6689.100000 0.004290
6692.400000 0.004610
6695.800000 0.004260
6699.100000 0.004470
6702.500000 0.004020
6705.900000 0.004230
6709.200000 0.003890
6712.600000 0.004230
6715.900000 0.003450
6719.300000 0.003400
6722.600000 0.002380
6726.000000 0.002040
6729.300000 0.001100
6732.700000 0.000970
