4487.000000 0.001990
4488.000000 0.001950
4490.000000 0.001930
4491.000000 0.001850
4493.000000 0.001790
4495.000000 0.001850
4496.000000 0.001940
4498.000000 0.001850
4499.000000 0.001980
4501.000000 0.001970
4502.000000 0.002030
4504.000000 0.002050
4505.000000 0.002030
4507.000000 0.002140
4508.000000 0.002280
4510.000000 0.002160
4511.000000 0.002210
4513.000000 0.002100
4514.000000 0.002380
4516.000000 0.002290
4517.000000 0.002360
4519.000000 0.002230
4520.000000 0.002210
4522.000000 0.002220
4523.000000 0.002060
4525.000000 0.001930
4526.000000 0.002090
4528.000000 0.002000
4529.000000 0.002050
4531.000000 0.001930
4532.000000 0.002020
4534.000000 0.001970
4536.000000 0.001990
4537.000000 0.001980
4539.000000 0.001990
4540.000000 0.002280
4542.000000 0.002360
4543.000000 0.002420
4545.000000 0.002450
4546.000000 0.002540
4548.000000 0.002540
4549.000000 0.002490
4551.000000 0.002580
4552.000000 0.002720
4554.000000 0.002790
4555.000000 0.002790
4557.000000 0.002580
4558.000000 0.002660
4560.000000 0.002680
4561.000000 0.002720
4563.000000 0.002670
4564.000000 0.002710
4566.000000 0.002890
4567.000000 0.002980
4569.000000 0.003180
4570.000000 0.003370
4572.000000 0.003500
4573.000000 0.003920
4575.000000 0.004080
4576.000000 0.004310
4578.000000 0.004580
4579.000000 0.004890
4581.000000 0.005170
4582.000000 0.005380
4584.000000 0.005570
4585.000000 0.005900
4587.000000 0.006080
4588.000000 0.006470
4590.000000 0.006570
4591.000000 0.006960
4593.000000 0.007140
4594.000000 0.007430
4596.000000 0.007680
4597.000000 0.008030
4599.000000 0.008350
4600.000000 0.008610
4602.000000 0.008590
4603.000000 0.008910
4605.000000 0.009070
4606.000000 0.009170
4608.000000 0.009090
4610.000000 0.009290
4611.000000 0.009730
4613.000000 0.010050
4614.000000 0.010310
4616.000000 0.010810
4617.000000 0.011280
4619.000000 0.011790
4620.000000 0.012240
4622.000000 0.012780
4623.000000 0.013290
4625.000000 0.013870
4626.000000 0.014300
4628.000000 0.014540
4629.000000 0.014930
4631.000000 0.015420
4632.000000 0.015780
4634.000000 0.016350
4635.000000 0.016820
4637.000000 0.017200
4638.000000 0.017670
4640.000000 0.018270
4641.000000 0.018810
4643.000000 0.019500
4644.000000 0.020290
4646.000000 0.021120
4647.000000 0.021740
4649.000000 0.022270
4650.000000 0.022900
4652.000000 0.023650
4653.000000 0.024410
4655.000000 0.025290
4656.000000 0.026080
4658.000000 0.026940
4659.000000 0.027980
4661.000000 0.029020
4662.000000 0.029820
4664.000000 0.030740
4665.000000 0.031810
4667.000000 0.032910
4668.000000 0.034050
4670.000000 0.035140
4671.000000 0.036070
4673.000000 0.037300
4674.000000 0.038620
4675.000000 0.039630
4677.000000 0.040560
4678.000000 0.041860
4680.000000 0.043250
4681.000000 0.044580
4683.000000 0.045900
4684.000000 0.047170
4686.000000 0.048660
4687.000000 0.050360
4689.000000 0.051990
4690.000000 0.053520
4692.000000 0.055200
4693.000000 0.057070
4695.000000 0.058780
4696.000000 0.060640
4698.000000 0.062470
4699.000000 0.064370
4701.000000 0.066510
4702.000000 0.068550
4704.000000 0.070670
4705.000000 0.072980
4707.000000 0.075310
4708.000000 0.077670
4710.000000 0.080070
4711.000000 0.082680
4713.000000 0.085260
4714.000000 0.088030
4716.000000 0.091140
4717.000000 0.094050
4719.000000 0.097100
4720.000000 0.100140
4722.000000 0.103380
4723.000000 0.106740
4725.000000 0.110310
4726.000000 0.114080
4728.000000 0.117860
4729.000000 0.121860
4731.000000 0.126070
4732.000000 0.130410
4734.000000 0.134940
4735.000000 0.139540
4737.000000 0.144300
4738.000000 0.149540
4740.000000 0.154840
4741.000000 0.160110
4743.000000 0.165870
4744.000000 0.171600
4746.000000 0.177730
4747.000000 0.183800
4748.000000 0.190350
4750.000000 0.197070
4751.000000 0.203990
4753.000000 0.211220
4754.000000 0.219000
4756.000000 0.226730
4757.000000 0.234570
4759.000000 0.242720
4760.000000 0.251520
4762.000000 0.260430
4763.000000 0.269580
4765.000000 0.278680
4766.000000 0.288140
4768.000000 0.297780
4769.000000 0.307690
4771.000000 0.318390
4772.000000 0.329680
4774.000000 0.341030
4775.000000 0.352750
4777.000000 0.363950
4778.000000 0.375350
4780.000000 0.386280
4781.000000 0.397630
4783.000000 0.409210
4784.000000 0.421680
4786.000000 0.434160
4787.000000 0.445700
4788.000000 0.457680
4790.000000 0.470510
4791.000000 0.482220
4793.000000 0.495420
4794.000000 0.508560
4796.000000 0.522090
4797.000000 0.535040
4799.000000 0.548130
4800.000000 0.561240
4802.000000 0.573910
4803.000000 0.586610
4805.000000 0.598560
4806.000000 0.610500
4808.000000 0.623000
4809.000000 0.634180
4811.000000 0.645830
4812.000000 0.656950
4814.000000 0.668050
4815.000000 0.678390
4817.000000 0.688180
4818.000000 0.697520
4819.000000 0.707450
4821.000000 0.717190
4822.000000 0.726100
4824.000000 0.734510
4825.000000 0.742890
4827.000000 0.750780
4828.000000 0.758810
4830.000000 0.766070
4831.000000 0.773130
4833.000000 0.779680
4834.000000 0.786010
4836.000000 0.791700
4837.000000 0.797050
4839.000000 0.801920
4840.000000 0.806890
4842.000000 0.811530
4843.000000 0.815670
4845.000000 0.819400
4846.000000 0.823310
4847.000000 0.826900
4849.000000 0.829960
4850.000000 0.833180
4852.000000 0.835960
4853.000000 0.838550
4855.000000 0.841070
4856.000000 0.843410
4858.000000 0.845550
4859.000000 0.847720
4861.000000 0.849750
4862.000000 0.851530
4864.000000 0.853100
4865.000000 0.854660
4867.000000 0.856170
4868.000000 0.857540
4869.000000 0.858830
4871.000000 0.859930
4872.000000 0.860720
4874.000000 0.861670
4875.000000 0.862160
4877.000000 0.863070
4878.000000 0.863920
4880.000000 0.864790
4881.000000 0.865560
4883.000000 0.866150
4884.000000 0.866730
4886.000000 0.867360
4887.000000 0.868000
4889.000000 0.868860
4890.000000 0.869310
4891.000000 0.869940
4893.000000 0.870250
4894.000000 0.870700
4896.000000 0.870990
4897.000000 0.871620
4899.000000 0.872040
4900.000000 0.872680
4902.000000 0.873370
4903.000000 0.874180
4905.000000 0.874620
4906.000000 0.875190
4908.000000 0.875770
4909.000000 0.876340
4910.000000 0.876940
4912.000000 0.877680
4913.000000 0.878250
4915.000000 0.878950
4916.000000 0.879790
4918.000000 0.880240
4919.000000 0.880710
4921.000000 0.881260
4922.000000 0.882030
4924.000000 0.882990
4925.000000 0.883770
4927.000000 0.884430
4928.000000 0.885100
4929.000000 0.885790
4931.000000 0.886760
4932.000000 0.887500
4934.000000 0.888710
4935.000000 0.889720
4937.000000 0.890860
4938.000000 0.891390
4940.000000 0.892030
4941.000000 0.893030
4943.000000 0.893860
4944.000000 0.894670
4945.000000 0.895480
4947.000000 0.896270
4948.000000 0.896930
4950.000000 0.897330
4951.000000 0.897800
4953.000000 0.898520
4954.000000 0.899460
4956.000000 0.900110
4957.000000 0.900740
4959.000000 0.901780
4960.000000 0.902760
4961.000000 0.903480
4963.000000 0.903990
4964.000000 0.904760
4966.000000 0.905810
4967.000000 0.906720
4969.000000 0.907150
4970.000000 0.907880
4972.000000 0.908570
4973.000000 0.909030
4975.000000 0.909300
4976.000000 0.909550
4977.000000 0.909890
4979.000000 0.910400
4980.000000 0.910420
4982.000000 0.910430
4983.000000 0.910620
4985.000000 0.910980
4986.000000 0.911300
4988.000000 0.911710
4989.000000 0.911810
4990.000000 0.911880
4992.000000 0.912010
4993.000000 0.912200
4995.000000 0.912210
4996.000000 0.912660
4998.000000 0.912860
4999.000000 0.912870
5001.000000 0.912910
5002.000000 0.912850
5003.000000 0.912730
5005.000000 0.912710
5006.000000 0.912440
5008.000000 0.912160
5009.000000 0.912000
5011.000000 0.911860
5012.000000 0.911500
5014.000000 0.911240
5015.000000 0.911030
5017.000000 0.910910
5018.000000 0.910700
5019.000000 0.910430
5021.000000 0.910580
5022.000000 0.910690
5024.000000 0.910850
5025.000000 0.910910
5027.000000 0.910900
5028.000000 0.910990
5029.000000 0.911030
5031.000000 0.911070
5032.000000 0.911040
5034.000000 0.911280
5035.000000 0.911400
5037.000000 0.911600
5038.000000 0.911810
5040.000000 0.911960
5041.000000 0.911930
5042.000000 0.912010
5044.000000 0.912080
5045.000000 0.912190
5047.000000 0.912440
5048.000000 0.912460
5050.000000 0.912240
5051.000000 0.912030
5053.000000 0.911870
5054.000000 0.911730
5055.000000 0.911690
5057.000000 0.911970
5058.000000 0.912070
5060.000000 0.912410
5061.000000 0.912520
5063.000000 0.912780
5064.000000 0.913180
5065.000000 0.913570
5067.000000 0.914050
5068.000000 0.914370
5070.000000 0.914770
5071.000000 0.915120
5073.000000 0.915320
5074.000000 0.915640
5076.000000 0.915760
5077.000000 0.916080
5078.000000 0.916040
5080.000000 0.915800
5081.000000 0.915650
5083.000000 0.915790
5084.000000 0.915920
5086.000000 0.916100
5087.000000 0.916090
5088.000000 0.916020
5090.000000 0.915880
5091.000000 0.916000
5093.000000 0.915920
5094.000000 0.915960
5096.000000 0.916400
5097.000000 0.916500
5098.000000 0.916480
5100.000000 0.916430
5101.000000 0.916560
5103.000000 0.916540
5104.000000 0.916610
5106.000000 0.916870
5107.000000 0.916940
5109.000000 0.916970
5110.000000 0.916990
5111.000000 0.916920
5113.000000 0.917260
5114.000000 0.917320
5116.000000 0.917280
5117.000000 0.917320
5119.000000 0.917500
5120.000000 0.917840
5121.000000 0.917920
5123.000000 0.917880
5124.000000 0.917870
5126.000000 0.918220
5127.000000 0.918430
5129.000000 0.918360
5130.000000 0.918640
5131.000000 0.918860
5133.000000 0.918830
5134.000000 0.918770
5136.000000 0.918680
5137.000000 0.918790
5139.000000 0.918690
5140.000000 0.918930
5141.000000 0.918690
5143.000000 0.918390
5144.000000 0.918360
5146.000000 0.918100
5147.000000 0.917970
5148.000000 0.918000
5150.000000 0.917820
5151.000000 0.917750
5153.000000 0.917470
5154.000000 0.917550
5156.000000 0.917330
5157.000000 0.917450
5158.000000 0.917370
5160.000000 0.917500
5161.000000 0.917510
5163.000000 0.917350
5164.000000 0.917050
5166.000000 0.917200
5167.000000 0.916820
5168.000000 0.916520
5170.000000 0.916090
5171.000000 0.915830
5173.000000 0.915500
5174.000000 0.915560
5176.000000 0.915080
5177.000000 0.914670
5178.000000 0.914530
5180.000000 0.914330
5181.000000 0.913850
5183.000000 0.913430
5184.000000 0.913130
5185.000000 0.913090
5187.000000 0.912400
5188.000000 0.911940
5190.000000 0.911340
5191.000000 0.910810
5193.000000 0.910470
5194.000000 0.909810
5195.000000 0.909740
5197.000000 0.909370
5198.000000 0.909230
5200.000000 0.908980
5201.000000 0.908680
5202.000000 0.908960
5204.000000 0.908700
5205.000000 0.908520
5207.000000 0.908330
5208.000000 0.908180
5210.000000 0.908080
5211.000000 0.907710
5212.000000 0.907910
5214.000000 0.907910
5215.000000 0.907840
5217.000000 0.907590
5218.000000 0.907380
5219.000000 0.907320
5221.000000 0.907100
5222.000000 0.907240
5224.000000 0.907250
5225.000000 0.907430
5227.000000 0.907220
5228.000000 0.906920
5229.000000 0.906870
5231.000000 0.906680
5232.000000 0.906550
5234.000000 0.906700
5235.000000 0.906650
5236.000000 0.906800
5238.000000 0.906930
5239.000000 0.907130
5241.000000 0.907280
5242.000000 0.907490
5243.000000 0.907870
5245.000000 0.908140
5246.000000 0.908750
5248.000000 0.909100
5249.000000 0.908800
5250.000000 0.909210
5252.000000 0.909490
5253.000000 0.909530
5255.000000 0.909520
5256.000000 0.909480
5258.000000 0.909500
5259.000000 0.909750
5260.000000 0.909920
5262.000000 0.909890
5263.000000 0.910110
5265.000000 0.910500
5266.000000 0.910680
5267.000000 0.910950
5269.000000 0.911150
5270.000000 0.911360
5272.000000 0.911620
5273.000000 0.911760
5274.000000 0.911330
5276.000000 0.911160
5277.000000 0.911740
5279.000000 0.911850
5280.000000 0.911800
5281.000000 0.911650
5283.000000 0.911690
5284.000000 0.911340
5286.000000 0.911470
5287.000000 0.911230
5288.000000 0.911320
5290.000000 0.911390
5291.000000 0.911600
5293.000000 0.910860
5294.000000 0.910550
5295.000000 0.910680
5297.000000 0.910750
5298.000000 0.910140
5300.000000 0.910420
5301.000000 0.910410
5302.000000 0.910870
5304.000000 0.910810
5305.000000 0.910860
5307.000000 0.910220
5308.000000 0.910180
5309.000000 0.910100
5311.000000 0.909840
5312.000000 0.909320
5314.000000 0.909390
5315.000000 0.909250
5316.000000 0.908680
5318.000000 0.907970
5319.000000 0.907580
5321.000000 0.907060
5322.000000 0.907150
5323.000000 0.906620
5325.000000 0.906190
5326.000000 0.906280
5328.000000 0.905760
5329.000000 0.905290
5330.000000 0.904630
5332.000000 0.904120
5333.000000 0.903930
5335.000000 0.903580
5336.000000 0.902970
5337.000000 0.902570
5339.000000 0.902360
5340.000000 0.901920
5342.000000 0.900920
5343.000000 0.900870
5344.000000 0.900490
5346.000000 0.900220
5347.000000 0.900010
5349.000000 0.899390
5350.000000 0.898930
5351.000000 0.898870
5353.000000 0.898540
5354.000000 0.898170
5356.000000 0.897950
5357.000000 0.897700
5358.000000 0.897610
5360.000000 0.897380
5361.000000 0.897280
5363.000000 0.896720
5364.000000 0.896370
5365.000000 0.896130
5367.000000 0.895780
5368.000000 0.895600
5369.000000 0.895230
5371.000000 0.895140
5372.000000 0.894860
5374.000000 0.893820
5375.000000 0.893110
5376.000000 0.892150
5378.000000 0.891910
5379.000000 0.891800
5381.000000 0.891020
5382.000000 0.890800
5383.000000 0.890360
5385.000000 0.890190
5386.000000 0.889610
5388.000000 0.889490
5389.000000 0.889860
5390.000000 0.890090
5392.000000 0.890420
5393.000000 0.890420
5394.000000 0.890000
5396.000000 0.890150
5397.000000 0.889980
5399.000000 0.889970
5400.000000 0.889910
5401.000000 0.889640
5403.000000 0.889330
5404.000000 0.888820
5406.000000 0.888320
5407.000000 0.888250
5408.000000 0.887910
5410.000000 0.887640
5411.000000 0.887760
5412.000000 0.887870
5414.000000 0.887500
5415.000000 0.887500
5417.000000 0.887940
5418.000000 0.888080
5419.000000 0.888760
5421.000000 0.889300
5422.000000 0.889350
5424.000000 0.889690
5425.000000 0.890270
5426.000000 0.890420
5428.000000 0.890120
5429.000000 0.890200
5430.000000 0.889980
5432.000000 0.890020
5433.000000 0.890360
5435.000000 0.889740
5436.000000 0.889520
5437.000000 0.889640
5439.000000 0.889550
5440.000000 0.889830
5441.000000 0.890260
5443.000000 0.891230
5444.000000 0.891770
5446.000000 0.892410
5447.000000 0.893140
5448.000000 0.893540
5450.000000 0.894490
5451.000000 0.894620
5453.000000 0.895310
5454.000000 0.895620
5455.000000 0.895230
5457.000000 0.895430
5458.000000 0.895560
5459.000000 0.895760
5461.000000 0.896380
5462.000000 0.896880
5464.000000 0.897870
5465.000000 0.898340
5466.000000 0.899730
5468.000000 0.900500
5469.000000 0.901820
5470.000000 0.903350
5472.000000 0.903450
5473.000000 0.903960
5475.000000 0.904180
5476.000000 0.904320
5477.000000 0.904420
5479.000000 0.904370
5480.000000 0.905040
5481.000000 0.904990
5483.000000 0.904810
5484.000000 0.904490
5485.000000 0.904570
5487.000000 0.904970
5488.000000 0.905530
5490.000000 0.906970
5491.000000 0.907380
5492.000000 0.907770
5494.000000 0.908390
5495.000000 0.909020
5496.000000 0.910140
5498.000000 0.910910
5499.000000 0.912020
5501.000000 0.912960
5502.000000 0.913930
5503.000000 0.914180
5505.000000 0.914590
5506.000000 0.915400
5507.000000 0.915890
5509.000000 0.915900
5510.000000 0.916130
5512.000000 0.916300
5513.000000 0.917050
5514.000000 0.917420
5516.000000 0.917570
5517.000000 0.917880
5518.000000 0.918890
5520.000000 0.918970
5521.000000 0.919400
5522.000000 0.919300
5524.000000 0.919950
5525.000000 0.920130
5527.000000 0.919870
5528.000000 0.920060
5529.000000 0.920860
5531.000000 0.920900
5532.000000 0.921760
5533.000000 0.921650
5535.000000 0.921240
5536.000000 0.921460
5537.000000 0.922480
5539.000000 0.922520
5540.000000 0.922260
5542.000000 0.922710
5543.000000 0.921870
5544.000000 0.921420
5546.000000 0.922200
5547.000000 0.921690
5548.000000 0.921440
5550.000000 0.921840
5551.000000 0.921910
5552.000000 0.921560
5554.000000 0.921640
5555.000000 0.922470
5557.000000 0.922830
5558.000000 0.923880
5559.000000 0.924130
5561.000000 0.923530
5562.000000 0.923040
5563.000000 0.923040
5565.000000 0.923490
5566.000000 0.923150
5567.000000 0.922750
5569.000000 0.921890
5570.000000 0.921670
5572.000000 0.921160
5573.000000 0.920360
5574.000000 0.919880
5576.000000 0.919660
5577.000000 0.920390
5578.000000 0.919850
5580.000000 0.919720
5581.000000 0.920260
5582.000000 0.920770
5584.000000 0.922070
5585.000000 0.922260
5586.000000 0.923540
5588.000000 0.924250
5589.000000 0.923970
5591.000000 0.923740
5592.000000 0.924300
5593.000000 0.925800
5595.000000 0.926340
5596.000000 0.926100
5597.000000 0.926190
5599.000000 0.925250
5600.000000 0.923230
5601.000000 0.922000
5603.000000 0.921550
5604.000000 0.922430
5605.000000 0.922870
5607.000000 0.922190
5608.000000 0.920880
5609.000000 0.920130
5611.000000 0.919680
5612.000000 0.920050
5614.000000 0.920110
5615.000000 0.921600
5616.000000 0.921080
5618.000000 0.921460
5619.000000 0.920460
5620.000000 0.920520
5622.000000 0.920720
5623.000000 0.920770
5624.000000 0.920900
5626.000000 0.920760
5627.000000 0.919560
5628.000000 0.919680
5630.000000 0.920090
5631.000000 0.921170
5632.000000 0.920330
5634.000000 0.920750
5635.000000 0.920460
5636.000000 0.920430
5638.000000 0.920600
5639.000000 0.920310
5641.000000 0.921200
5642.000000 0.921370
5643.000000 0.922250
5645.000000 0.922100
5646.000000 0.921370
5647.000000 0.921520
5649.000000 0.921900
5650.000000 0.921830
5651.000000 0.921570
5653.000000 0.921850
5654.000000 0.922860
5655.000000 0.922880
5657.000000 0.922750
5658.000000 0.923060
5659.000000 0.922390
5661.000000 0.922910
5662.000000 0.923500
5663.000000 0.923690
5665.000000 0.924310
5666.000000 0.923950
5667.000000 0.923800
5669.000000 0.922720
5670.000000 0.922730
5671.000000 0.924100
5673.000000 0.923990
5674.000000 0.924960
5675.000000 0.925650
5677.000000 0.925540
5678.000000 0.924270
5679.000000 0.924380
5681.000000 0.925340
5682.000000 0.924950
5684.000000 0.924910
5685.000000 0.923630
5686.000000 0.922490
5688.000000 0.921200
5689.000000 0.920130
5690.000000 0.918690
5692.000000 0.919930
5693.000000 0.921670
5694.000000 0.921900
5696.000000 0.921780
5697.000000 0.922400
5698.000000 0.923090
5700.000000 0.923730
5701.000000 0.924130
5702.000000 0.926050
5704.000000 0.927260
5705.000000 0.927960
5706.000000 0.927190
5708.000000 0.926110
5709.000000 0.925990
5710.000000 0.925560
5712.000000 0.926300
5713.000000 0.926980
5714.000000 0.928420
5716.000000 0.929800
5717.000000 0.928790
5718.000000 0.928760
5720.000000 0.929450
5721.000000 0.929430
5722.000000 0.928570
5724.000000 0.927630
5725.000000 0.926610
5726.000000 0.924940
5728.000000 0.925070
5729.000000 0.923520
5730.000000 0.921910
5732.000000 0.920980
5733.000000 0.921190
5734.000000 0.921170
5736.000000 0.921170
5737.000000 0.923800
5738.000000 0.924830
5740.000000 0.926420
5741.000000 0.929420
5742.000000 0.929370
5744.000000 0.930480
5745.000000 0.930790
5746.000000 0.932120
5748.000000 0.932210
5749.000000 0.933280
5750.000000 0.933430
5752.000000 0.932170
5753.000000 0.931670
5754.000000 0.931080
5756.000000 0.929960
5757.000000 0.928590
5758.000000 0.927420
5760.000000 0.929100
5761.000000 0.929850
5762.000000 0.930120
5764.000000 0.928620
5765.000000 0.928510
5766.000000 0.927940
5768.000000 0.928840
5769.000000 0.929840
5770.000000 0.928950
5772.000000 0.927420
5773.000000 0.926310
5774.000000 0.924820
5775.000000 0.921880
5777.000000 0.920470
5778.000000 0.919830
5779.000000 0.919670
5781.000000 0.921460
5782.000000 0.920170
5783.000000 0.919130
5785.000000 0.918030
5786.000000 0.919190
5787.000000 0.919420
5789.000000 0.919390
5790.000000 0.920200
5791.000000 0.920640
5793.000000 0.923130
5794.000000 0.921810
5795.000000 0.919740
5797.000000 0.920550
5798.000000 0.918360
5799.000000 0.919290
5801.000000 0.919230
5985.200000 0.907180
5988.700000 0.908120
5992.100000 0.908280
5995.600000 0.908960
5999.000000 0.909300
6002.500000 0.909050
6005.900000 0.908950
6009.300000 0.908410
6012.800000 0.908130
6016.200000 0.907840
6019.700000 0.907580
6023.100000 0.907200
6026.600000 0.906600
6030.000000 0.906200
6033.400000 0.905480
6036.900000 0.904560
6040.300000 0.904330
6043.700000 0.903640
6047.200000 0.903390
6050.600000 0.902870
6054.100000 0.902340
6057.500000 0.901780
6060.900000 0.901780
6064.400000 0.901670
6067.800000 0.901520
6071.200000 0.901700
6074.700000 0.901920
6078.100000 0.901940
6081.500000 0.902200
6085.000000 0.902430
6088.400000 0.902740
6091.800000 0.903350
6095.300000 0.903950
6098.700000 0.904430
6102.100000 0.905030
6105.600000 0.905450
6109.000000 0.905570
6112.400000 0.906020
6115.800000 0.906370
6119.300000 0.906930
6122.700000 0.907260
6126.100000 0.907630
6129.600000 0.908050
6133.000000 0.908130
6136.400000 0.908250
6139.800000 0.908290
6143.300000 0.908120
6146.700000 0.908220
6150.100000 0.908040
6153.500000 0.907850
6157.000000 0.907780
6160.400000 0.907690
6163.800000 0.907670
6167.200000 0.907310
6170.600000 0.906910
6174.100000 0.906280
6177.500000 0.905350
6180.900000 0.904980
6184.300000 0.904090
6187.800000 0.903460
6191.200000 0.902590
6194.600000 0.901580
6198.000000 0.900730
6201.400000 0.899830
6204.800000 0.899130
6208.300000 0.898610
6211.700000 0.897990
6215.100000 0.897600
6218.500000 0.897040
6221.900000 0.896850
6225.300000 0.896580
6228.800000 0.896530
6232.200000 0.896390
6235.600000 0.896420
6239.000000 0.896140
6242.400000 0.895790
6245.800000 0.895460
6249.200000 0.895250
6252.600000 0.895100
6256.100000 0.895140
6259.500000 0.894850
6262.900000 0.894410
6266.300000 0.894320
6269.700000 0.894310
6273.100000 0.893970
6276.500000 0.893920
6279.900000 0.893790
6283.300000 0.893780
6286.700000 0.894110
6290.100000 0.894300
6293.500000 0.893990
6297.000000 0.894240
6300.400000 0.894420
6303.800000 0.894450
6307.200000 0.894660
6310.600000 0.894980
6314.000000 0.895230
6317.400000 0.895230
6320.800000 0.895140
6324.200000 0.894170
6327.600000 0.892910
6331.000000 0.891050
6334.400000 0.888110
6337.800000 0.884140
6341.200000 0.878870
6344.600000 0.871950
6348.000000 0.863240
6351.400000 0.852540
6354.800000 0.839600
6358.200000 0.824500
6361.600000 0.807260
6365.000000 0.787570
6368.400000 0.765490
6371.800000 0.741280
6375.200000 0.715080
6378.600000 0.686350
6382.000000 0.656150
6385.400000 0.624530
6388.700000 0.592340
6392.100000 0.559570
6395.500000 0.526290
6398.900000 0.493070
6402.300000 0.460700
6405.700000 0.428590
6409.100000 0.397940
6412.500000 0.368320
6415.900000 0.340560
6419.300000 0.314050
6422.700000 0.288750
6426.100000 0.265290
6429.400000 0.243550
6432.800000 0.223310
6436.200000 0.204560
6439.600000 0.187300
6443.000000 0.171610
6446.400000 0.157380
6449.800000 0.144260
6453.200000 0.132340
6456.500000 0.121620
6459.900000 0.111970
6463.300000 0.102960
6466.700000 0.094710
6470.100000 0.087200
6473.500000 0.080340
6476.800000 0.074080
6480.200000 0.068300
6483.600000 0.062960
6487.000000 0.058230
6490.400000 0.053800
6493.800000 0.049820
6497.100000 0.046040
6500.500000 0.042650
6503.900000 0.039490
6507.300000 0.036580
6510.600000 0.033800
6514.000000 0.031450
6517.400000 0.029260
6520.800000 0.027170
6524.200000 0.025230
6527.500000 0.023440
6530.900000 0.021670
6534.300000 0.020140
6537.700000 0.018660
6541.000000 0.017470
6544.400000 0.016320
6547.800000 0.015380
6551.200000 0.014250
6554.500000 0.013150
6557.900000 0.012260
6561.300000 0.011460
6564.600000 0.010730
6568.000000 0.010080
6571.400000 0.009430
6574.800000 0.008850
6578.100000 0.008230
6581.500000 0.007500
6584.900000 0.006850
6588.200000 0.006400
6591.600000 0.006030
6595.000000 0.005640
6598.300000 0.005290
6601.700000 0.004950
6605.100000 0.004650
6608.400000 0.004400
6611.800000 0.004240
6615.200000 0.004060
6618.500000 0.004010
6621.900000 0.003920
6625.300000 0.003860
6628.600000 0.003810
6632.000000 0.003690
6635.300000 0.003500
6638.700000 0.003310
6642.100000 0.003040
6645.400000 0.002860
6648.800000 0.002650
6652.100000 0.002420
6655.500000 0.002190
6658.900000 0.001970
6662.200000 0.001820
6665.600000 0.001640
6668.900000 0.001510
6672.300000 0.001420
6675.700000 0.001260
6679.000000 0.001190
6682.400000 0.001060
6685.700000 0.000930
6689.100000 0.000880
6692.400000 0.000880
6695.800000 0.000840
6699.100000 0.000730
6702.500000 0.000580
