4177.000000 0.000100
4178.000000 0.000100
4180.000000 0.000100
4181.000000 0.000100
4183.000000 0.000100
4184.000000 0.000100
4186.000000 0.000100
4187.000000 0.000200
4189.000000 0.000300
4191.000000 0.000300
4192.000000 0.000300
4194.000000 0.000200
4195.000000 0.000200
4197.000000 0.000600
4198.000000 0.000900
4200.000000 0.001400
4202.000000 0.002500
4203.000000 0.003400
4205.000000 0.004200
4206.000000 0.005300
4208.000000 0.006500
4209.000000 0.007300
4211.000000 0.008100
4213.000000 0.008800
4214.000000 0.009400
4216.000000 0.011100
4217.000000 0.013000
4219.000000 0.015700
4220.000000 0.019500
4222.000000 0.024100
4223.000000 0.029400
4225.000000 0.036300
4227.000000 0.044200
4228.000000 0.055500
4230.000000 0.069000
4231.000000 0.085700
4233.000000 0.106200
4234.000000 0.131700
4236.000000 0.163100
4237.000000 0.200300
4239.000000 0.244100
4241.000000 0.294200
4242.000000 0.349400
4244.000000 0.407000
4245.000000 0.466500
4247.000000 0.521700
4248.000000 0.575100
4250.000000 0.621200
4251.000000 0.660900
4253.000000 0.692700
4255.000000 0.719900
4256.000000 0.739900
4258.000000 0.754400
4259.000000 0.765000
4261.000000 0.773200
4262.000000 0.779200
4264.000000 0.782800
4265.000000 0.786300
4267.000000 0.788900
4269.000000 0.791200
4270.000000 0.792400
4272.000000 0.793400
4273.000000 0.794100
4275.000000 0.794500
4276.000000 0.794800
4278.000000 0.795100
4279.000000 0.795100
4281.000000 0.796500
4283.000000 0.797100
4284.000000 0.797800
4286.000000 0.798300
4287.000000 0.799500
4289.000000 0.798700
4290.000000 0.798400
4292.000000 0.798000
4293.000000 0.796800
4295.000000 0.795700
4296.000000 0.794400
4298.000000 0.793700
4300.000000 0.792400
4301.000000 0.790700
4303.000000 0.788100
4304.000000 0.786200
4306.000000 0.783900
4307.000000 0.781200
4309.000000 0.780700
4310.000000 0.780500
4312.000000 0.781100
4314.000000 0.781600
4315.000000 0.783500
4317.000000 0.783900
4318.000000 0.783500
4320.000000 0.781300
4321.000000 0.775800
4323.000000 0.764600
4324.000000 0.747000
4326.000000 0.721600
4327.000000 0.687000
4329.000000 0.643300
4331.000000 0.590200
4332.000000 0.530700
4334.000000 0.468100
4335.000000 0.409200
4337.000000 0.350300
4338.000000 0.293800
4340.000000 0.244800
4341.000000 0.202000
4343.000000 0.166200
4344.000000 0.136400
4346.000000 0.109800
4347.000000 0.089400
4349.000000 0.072700
4351.000000 0.059100
4352.000000 0.048100
4354.000000 0.039000
4355.000000 0.032000
4357.000000 0.026200
4358.000000 0.021900
4360.000000 0.017900
4361.000000 0.014900
4363.000000 0.012300
4364.000000 0.010800
4366.000000 0.009000
4368.000000 0.008000
4369.000000 0.007400
4371.000000 0.006800
4372.000000 0.005700
4374.000000 0.004800
4375.000000 0.003600
4377.000000 0.002500
4378.000000 0.001500
4380.000000 0.001100
4381.000000 0.001500
4383.000000 0.001200
4384.000000 0.001100
4386.000000 0.001000
4388.000000 0.000800
4389.000000 0.000000
