8078.900000 0.000830
8082.100000 0.000890
8085.200000 0.000640
8088.400000 0.000610
8091.600000 0.000930
8094.800000 0.000990
8097.900000 0.001100
8101.100000 0.001760
8104.300000 0.002170
8107.400000 0.002470
8110.600000 0.002840
8113.700000 0.003340
8116.900000 0.004190
8120.100000 0.004980
8123.200000 0.005640
8126.400000 0.006790
8129.600000 0.008040
8132.700000 0.008310
8135.900000 0.008840
8139.100000 0.009530
8142.200000 0.009680
8145.400000 0.009720
8148.500000 0.009870
8151.700000 0.010020
8154.900000 0.010270
8158.000000 0.011330
8161.200000 0.012790
8164.300000 0.014230
8167.500000 0.016040
8170.600000 0.017780
8173.800000 0.018960
8177.000000 0.019560
8180.100000 0.020460
8183.300000 0.022300
8186.400000 0.024190
8189.600000 0.025950
8192.700000 0.027810
8195.900000 0.029840
8199.000000 0.031990
8202.200000 0.034020
8205.400000 0.036510
8208.500000 0.039170
8211.700000 0.042680
8214.800000 0.044940
8218.000000 0.047520
8221.100000 0.051180
8224.300000 0.055450
8227.400000 0.059570
8230.600000 0.063720
8233.700000 0.069220
8236.900000 0.074900
8240.000000 0.080370
8243.200000 0.086920
8246.300000 0.093700
8249.400000 0.100330
8252.600000 0.107120
8255.700000 0.115820
8258.900000 0.123630
8262.000000 0.133530
8265.200000 0.144340
8268.300000 0.155460
8271.500000 0.166130
8274.600000 0.178670
8277.700000 0.191370
8280.900000 0.204820
8284.000000 0.218440
8287.200000 0.234670
8290.300000 0.250420
8293.500000 0.267280
8296.600000 0.284550
8299.700000 0.303840
8302.900000 0.322900
8306.000000 0.343600
8309.100000 0.364460
8312.300000 0.385500
8315.400000 0.408500
8318.600000 0.431290
8321.700000 0.453050
8324.800000 0.475230
8328.000000 0.497610
8331.100000 0.519400
8334.200000 0.541790
8337.400000 0.565100
8340.500000 0.588080
8343.600000 0.611250
8346.800000 0.633620
8349.900000 0.654140
8353.000000 0.673110
8356.200000 0.692350
8359.300000 0.710940
8362.400000 0.727630
8365.600000 0.745580
8368.700000 0.761320
8371.800000 0.776050
8374.900000 0.790860
8378.100000 0.804350
8381.200000 0.816590
8384.300000 0.829460
8387.500000 0.840700
8390.600000 0.849570
8393.700000 0.858900
8396.800000 0.867810
8400.000000 0.875360
8403.100000 0.882150
8406.200000 0.890430
8409.300000 0.897900
8412.500000 0.902700
8415.600000 0.908120
8418.700000 0.914200
8421.800000 0.917680
8425.000000 0.921170
8428.100000 0.925600
8431.200000 0.927510
8434.300000 0.929490
8437.400000 0.932510
8440.600000 0.933720
8443.700000 0.934580
8446.800000 0.935790
8449.900000 0.937650
8453.000000 0.938270
8456.200000 0.939310
8459.300000 0.939390
8462.400000 0.940800
8465.500000 0.941500
8468.600000 0.941860
8471.700000 0.942440
8474.900000 0.944530
8478.000000 0.946330
8481.100000 0.946530
8484.200000 0.946380
8487.300000 0.947860
8490.400000 0.948020
8493.500000 0.947530
8496.600000 0.946720
8499.800000 0.946620
8502.900000 0.946160
8506.000000 0.946070
8509.100000 0.945910
8512.200000 0.946300
8515.300000 0.947910
8518.400000 0.948290
8521.500000 0.947920
8524.600000 0.947300
8527.700000 0.947530
8530.900000 0.947930
8534.000000 0.947110
8537.100000 0.947000
8540.200000 0.947010
8543.300000 0.945520
8546.400000 0.943930
8549.500000 0.944390
8552.600000 0.944980
8555.700000 0.944340
8558.800000 0.945890
8561.900000 0.945750
8565.000000 0.945190
8568.100000 0.944480
8571.200000 0.944680
8574.300000 0.943610
8577.400000 0.943720
8580.500000 0.943950
8583.600000 0.944330
8586.700000 0.944960
8589.800000 0.945030
8592.900000 0.944960
8596.000000 0.944950
8599.100000 0.943980
8602.200000 0.942140
8605.300000 0.942530
8608.400000 0.942100
8611.500000 0.941380
8614.600000 0.942470
8617.700000 0.944180
8620.800000 0.946540
8623.900000 0.946900
8627.000000 0.947310
8630.100000 0.946350
8633.200000 0.947720
8636.200000 0.945600
8639.300000 0.944790
8642.400000 0.944690
8645.500000 0.946280
8648.600000 0.944090
8651.700000 0.943500
8654.800000 0.944030
8657.900000 0.944340
8661.000000 0.943640
8664.100000 0.943970
8667.100000 0.943630
8670.200000 0.944360
8673.300000 0.942860
8676.400000 0.942760
8679.500000 0.942750
8682.600000 0.943000
8685.700000 0.942090
8688.800000 0.944030
8691.800000 0.942450
8694.900000 0.939960
8698.000000 0.941190
8701.100000 0.940770
8704.200000 0.939540
8707.300000 0.939580
8710.300000 0.942390
8713.400000 0.940160
8716.500000 0.939750
8719.600000 0.940470
8722.700000 0.940360
8725.700000 0.941000
8728.800000 0.942730
8731.900000 0.943430
8735.000000 0.944640
8738.100000 0.944410
8741.100000 0.944390
8744.200000 0.943150
8747.300000 0.945290
8750.400000 0.944050
8753.400000 0.945090
8756.500000 0.943030
8759.600000 0.943960
8762.700000 0.942410
8765.700000 0.941250
8768.800000 0.943680
8771.900000 0.945170
8775.000000 0.945710
8778.000000 0.945250
8781.100000 0.945080
8784.200000 0.943770
8787.300000 0.943720
8790.300000 0.943520
8793.400000 0.943990
8796.500000 0.943980
8799.500000 0.943440
8802.600000 0.944010
8805.700000 0.943580
8808.700000 0.944230
8811.800000 0.944650
8814.900000 0.943350
8817.900000 0.941460
8821.000000 0.940260
8824.100000 0.939580
8827.100000 0.941670
8830.200000 0.939540
8833.300000 0.940700
8836.300000 0.941580
8839.400000 0.941250
8842.500000 0.939040
8845.500000 0.941190
8848.600000 0.941010
8851.600000 0.940970
8854.700000 0.941360
8857.800000 0.941440
8860.800000 0.942350
8863.900000 0.941760
8867.000000 0.942210
8870.000000 0.941020
8873.100000 0.942410
8876.100000 0.941200
8879.200000 0.941720
8882.200000 0.940810
8885.300000 0.942400
8888.400000 0.939240
8891.400000 0.940510
8894.500000 0.940850
8897.500000 0.941630
8900.600000 0.941000
8903.600000 0.941750
8906.700000 0.942200
8909.700000 0.941760
8912.800000 0.941880
8915.900000 0.941910
8918.900000 0.942100
8922.000000 0.941460
8925.000000 0.941970
8928.100000 0.942620
8931.100000 0.943500
8934.200000 0.943560
8937.200000 0.943360
8940.300000 0.942560
8943.300000 0.940690
8946.400000 0.939520
8949.400000 0.939430
8952.500000 0.938410
8955.500000 0.939490
8958.500000 0.941580
8961.600000 0.943010
8964.600000 0.944980
8967.700000 0.948340
8970.700000 0.949280
8973.800000 0.947050
8976.800000 0.946730
8979.900000 0.946560
8982.900000 0.942560
8986.000000 0.939620
8989.000000 0.940140
8992.000000 0.939370
8995.100000 0.938420
8998.100000 0.939910
9001.200000 0.941430
9004.200000 0.942360
9007.200000 0.942620
9010.300000 0.944980
9013.300000 0.944770
9016.400000 0.946610
9019.400000 0.946500
9022.400000 0.945920
9025.500000 0.944960
9028.500000 0.946170
9031.500000 0.944780
9034.600000 0.943890
9037.600000 0.944480
9040.700000 0.945090
9043.700000 0.944990
9046.700000 0.944480
9049.800000 0.944050
9052.800000 0.945250
9055.800000 0.946090
9058.900000 0.946610
9061.900000 0.945770
9064.900000 0.946730
9067.900000 0.946800
9071.000000 0.946500
9074.000000 0.947640
9077.000000 0.948300
9080.100000 0.949160
9083.100000 0.949080
9086.100000 0.947420
9089.200000 0.946540
9092.200000 0.946960
9095.200000 0.947970
9098.200000 0.946950
9101.300000 0.945990
9104.300000 0.946050
9107.300000 0.945920
9110.300000 0.943240
9113.400000 0.943200
9116.400000 0.943350
9119.400000 0.942620
9122.400000 0.944930
9125.500000 0.947320
9128.500000 0.947950
9131.500000 0.949230
9134.500000 0.948030
9137.500000 0.946000
9140.600000 0.942610
9143.600000 0.940970
9146.600000 0.940740
9149.600000 0.940310
9152.600000 0.940930
9155.700000 0.944480
9158.700000 0.947710
9161.700000 0.948220
9164.700000 0.951160
9167.700000 0.951200
9170.800000 0.950210
9173.800000 0.948700
9176.800000 0.948080
9179.800000 0.948240
9182.800000 0.949090
9185.800000 0.948260
9188.800000 0.948920
9191.900000 0.948530
9194.900000 0.947310
9197.900000 0.946220
9200.900000 0.948440
9203.900000 0.948660
9206.900000 0.947330
9209.900000 0.944210
9212.900000 0.942850
9215.900000 0.941730
9219.000000 0.938780
9222.000000 0.941300
9225.000000 0.944380
9228.000000 0.944270
9231.000000 0.943900
9234.000000 0.943010
9237.000000 0.941680
9240.000000 0.941570
9243.000000 0.942670
9246.000000 0.942960
9249.000000 0.945890
9252.000000 0.946710
9255.000000 0.947580
9258.000000 0.945970
9261.000000 0.945620
9264.000000 0.943340
9267.100000 0.943360
9270.100000 0.942990
9273.100000 0.943750
9276.100000 0.942780
9279.100000 0.945460
9282.100000 0.946230
9285.100000 0.945010
9288.100000 0.945020
9291.100000 0.945680
9294.100000 0.945400
9297.100000 0.944440
9300.000000 0.945400
9303.000000 0.947830
9306.000000 0.948650
9309.000000 0.948330
9312.000000 0.948560
9315.000000 0.947770
9318.000000 0.946170
9321.000000 0.944520
9324.000000 0.942960
9327.000000 0.941500
9330.000000 0.944380
9333.000000 0.945680
9336.000000 0.946080
9339.000000 0.947750
9342.000000 0.949890
9345.000000 0.949440
9348.000000 0.950640
9350.900000 0.952200
9353.900000 0.951180
9356.900000 0.950190
9359.900000 0.949130
9362.900000 0.946640
9365.900000 0.945010
9368.900000 0.943250
9371.900000 0.943400
9374.900000 0.942980
9377.800000 0.943340
9380.800000 0.942920
9383.800000 0.946070
9386.800000 0.943260
9389.800000 0.943030
9392.800000 0.945420
9395.700000 0.946480
9398.700000 0.946160
9401.700000 0.948830
9404.700000 0.948820
9407.700000 0.947190
9410.700000 0.952970
9413.600000 0.950530
9416.600000 0.952700
9419.600000 0.946490
9422.600000 0.944740
9425.600000 0.937830
9428.500000 0.940220
9431.500000 0.933450
9434.500000 0.933030
9437.500000 0.928320
9440.500000 0.927650
9443.400000 0.925810
9446.400000 0.931280
9449.400000 0.937020
9452.400000 0.937570
9455.300000 0.937850
9458.300000 0.941630
9461.300000 0.942900
9464.300000 0.943490
9467.200000 0.944830
9470.200000 0.948280
9473.200000 0.941720
9476.100000 0.940710
9479.100000 0.938820
9482.100000 0.941470
9485.100000 0.939800
9488.000000 0.942590
9491.000000 0.947260
9494.000000 0.946000
9496.900000 0.944500
9499.900000 0.950190
9502.900000 0.945990
9505.800000 0.942900
9508.800000 0.946850
9511.800000 0.946960
9514.700000 0.939080
9517.700000 0.944480
9520.700000 0.941940
9523.600000 0.941860
9526.600000 0.944370
9529.600000 0.946440
9532.500000 0.944540
9535.500000 0.946780
9538.500000 0.946450
9541.400000 0.944570
9544.400000 0.943990
9547.300000 0.944480
9550.300000 0.943500
9553.300000 0.943440
9556.200000 0.942800
9559.200000 0.943670
9562.100000 0.941980
9565.100000 0.942870
9568.100000 0.941600
9571.000000 0.943100
9574.000000 0.942640
9576.900000 0.945240
9579.900000 0.945650
9582.900000 0.944530
9585.800000 0.942270
9588.800000 0.945770
9591.700000 0.948020
9594.700000 0.947720
9597.600000 0.950360
9600.600000 0.954930
9603.500000 0.955820
9606.500000 0.954110
9609.400000 0.952540
9612.400000 0.951090
9615.300000 0.947220
9618.300000 0.945490
9621.200000 0.947010
9624.200000 0.948950
9627.100000 0.950700
9630.100000 0.952720
9633.000000 0.953680
9636.000000 0.951790
9638.900000 0.951740
9641.900000 0.952090
9644.800000 0.954920
9647.800000 0.952780
9650.700000 0.954170
9653.700000 0.954540
9656.600000 0.957180
9659.600000 0.953670
9662.500000 0.954630
9665.500000 0.952590
9668.400000 0.952430
9671.300000 0.949850
9674.300000 0.950520
9677.200000 0.949790
9680.200000 0.949740
9683.100000 0.947830
9686.100000 0.948400
9689.000000 0.947890
9691.900000 0.946930
9694.900000 0.949180
9697.800000 0.951670
9700.800000 0.950490
9703.700000 0.950140
9706.600000 0.950140
9709.600000 0.950130
9712.500000 0.945280
9715.400000 0.945060
9718.400000 0.948850
9721.300000 0.950910
9724.300000 0.948050
9727.200000 0.952810
9730.100000 0.952740
9733.100000 0.948660
9736.000000 0.948760
9738.900000 0.951430
9741.900000 0.948720
9744.800000 0.949210
9747.700000 0.950440
9750.700000 0.950750
9753.600000 0.951470
9756.500000 0.953390
9759.400000 0.954370
9762.400000 0.955310
9765.300000 0.956740
9768.200000 0.954860
9771.200000 0.954330
9774.100000 0.951570
9777.000000 0.949420
9779.900000 0.945620
9782.900000 0.946400
9785.800000 0.947980
9788.700000 0.950900
9791.600000 0.953050
9794.600000 0.956690
9797.500000 0.956500
9800.400000 0.957460
9803.300000 0.956500
9806.300000 0.954620
9809.200000 0.951100
9812.100000 0.949370
9815.000000 0.944850
9818.000000 0.943200
9820.900000 0.942790
9823.800000 0.941340
9826.700000 0.945270
9829.600000 0.948500
9832.600000 0.946640
9835.500000 0.945140
9838.400000 0.949290
9841.300000 0.948970
9844.200000 0.949340
9847.200000 0.955070
9850.100000 0.957070
9853.000000 0.955240
9855.900000 0.952890
9858.800000 0.951220
9861.700000 0.949050
9864.600000 0.948830
9867.600000 0.950670
9870.500000 0.950660
9873.400000 0.951390
9876.300000 0.950580
9879.200000 0.952910
9882.100000 0.951630
9885.000000 0.951370
9887.900000 0.952840
9890.900000 0.954750
9893.800000 0.956610
9896.700000 0.958960
9899.600000 0.962530
9902.500000 0.963930
9905.400000 0.963110
9908.300000 0.960740
9911.200000 0.957940
9914.100000 0.956760
9917.000000 0.954780
9919.900000 0.955410
9922.800000 0.954610
9925.800000 0.959100
9928.700000 0.957970
9931.600000 0.954680
9934.500000 0.953520
9937.400000 0.954890
9940.300000 0.951500
9943.200000 0.951910
9946.100000 0.956660
9949.000000 0.956220
9951.900000 0.957930
9954.800000 0.962770
9957.700000 0.964820
9960.600000 0.963470
9963.500000 0.963120
9966.400000 0.963910
9969.300000 0.960690
9972.200000 0.959030
9975.100000 0.956750
9978.000000 0.956400
9980.900000 0.951680
9983.800000 0.948920
9986.700000 0.947720
9989.600000 0.948180
9992.500000 0.949410
9995.400000 0.955720
9998.300000 0.962600
10001.100000 0.964730
10004.000000 0.967350
10006.900000 0.967730
10009.800000 0.963120
10012.700000 0.956780
10015.600000 0.956560
10018.500000 0.952370
10021.400000 0.957630
10024.300000 0.958210
10027.200000 0.965500
10030.100000 0.966610
10033.000000 0.967980
10035.800000 0.963200
10038.700000 0.962210
10041.600000 0.955470
10044.500000 0.955290
10047.400000 0.959850
10050.300000 0.961100
10053.200000 0.960120
10056.100000 0.956980
10058.900000 0.954730
10061.800000 0.951470
10064.700000 0.949840
10067.600000 0.949660
10070.500000 0.954550
10073.400000 0.959270
10076.200000 0.957950
10079.100000 0.962220
10082.000000 0.963120
10084.900000 0.958840
10087.800000 0.955140
10090.700000 0.957540
10093.500000 0.952350
10096.400000 0.949250
10099.300000 0.954320
10102.200000 0.960420
10105.000000 0.966240
10107.900000 0.972510
10110.800000 0.980600
10113.700000 0.979160
10116.600000 0.972040
10119.400000 0.960830
10122.300000 0.948970
10125.200000 0.943630
10128.100000 0.947870
10130.900000 0.949370
10133.800000 0.958540
10136.700000 0.967090
10139.600000 0.969790
10142.400000 0.957860
10145.300000 0.949960
10148.200000 0.941070
10151.000000 0.929740
10153.900000 0.927740
10156.800000 0.937640
10159.700000 0.943390
10162.500000 0.950490
10165.400000 0.959920
10168.300000 0.961440
10171.100000 0.961550
10174.000000 0.969910
10176.900000 0.969530
10179.700000 0.968510
10182.600000 0.964190
10185.500000 0.951530
10188.300000 0.942300
10191.200000 0.939400
10194.100000 0.935650
10196.900000 0.941030
10199.800000 0.953210
10202.700000 0.959150
10205.500000 0.963530
10208.400000 0.968910
10211.200000 0.960590
10214.100000 0.951330
10217.000000 0.948360
10219.800000 0.940770
10222.700000 0.942520
10225.600000 0.950230
10228.400000 0.958890
10231.300000 0.955050
10234.100000 0.963920
10237.000000 0.963560
10239.800000 0.966070
10242.700000 0.970120
10245.600000 0.971040
10248.400000 0.965420
10251.300000 0.960370
10254.100000 0.959680
10257.000000 0.947450
10259.800000 0.941510
10262.700000 0.939610
10265.600000 0.941700
10268.400000 0.930160
10271.300000 0.938520
10274.100000 0.946280
10277.000000 0.953540
10279.800000 0.950950
10282.700000 0.954200
10285.500000 0.955090
10288.400000 0.955420
10291.200000 0.947010
10294.100000 0.946020
10296.900000 0.943500
10299.800000 0.930960
10302.600000 0.921660
10305.500000 0.920450
10308.300000 0.914830
10311.200000 0.915630
10314.000000 0.924000
10316.900000 0.936150
10319.700000 0.948110
10322.500000 0.964900
10325.400000 0.978380
10328.200000 0.981020
10331.100000 0.986060
10333.900000 0.984620
10336.800000 0.978660
10339.600000 0.974610
10342.500000 0.982080
10345.300000 0.966640
10348.100000 0.947020
10351.000000 0.935250
10353.800000 0.921010
10356.700000 0.895340
10359.500000 0.890030
10362.300000 0.891650
10365.200000 0.896200
10368.000000 0.907980
10370.900000 0.930040
10373.700000 0.949900
10376.500000 0.973200
10379.400000 0.986970
10382.200000 0.995910
10385.000000 0.997910
10387.900000 0.995580
10390.700000 0.987660
10393.500000 0.988550
10396.400000 0.968060
10399.200000 0.965490
10402.000000 0.963850
10404.900000 0.958970
10407.700000 0.945640
10410.500000 0.953300
10413.400000 0.935690
10416.200000 0.932300
10419.000000 0.926930
10421.900000 0.918510
10424.700000 0.925620
10427.500000 0.933900
10430.400000 0.930750
10433.200000 0.930970
10436.000000 0.942580
10438.800000 0.946620
10441.700000 0.955040
10444.500000 0.965880
10447.300000 0.973780
10450.100000 0.989010
10453.000000 0.988180
10455.800000 0.993910
10458.600000 0.997700
10461.400000 1.003510
10464.300000 0.992390
10467.100000 0.997890
10469.900000 0.994860
10472.700000 0.986000
10475.600000 0.978980
10478.400000 0.980480
10481.200000 0.960220
10484.000000 0.916940
10486.800000 0.905350
10489.700000 0.892400
10492.500000 0.883960
10495.300000 0.888700
10498.100000 0.937230
10500.900000 0.942360
10503.800000 0.944610
10506.600000 0.924560
10509.400000 0.922480
10512.200000 0.901030
10515.000000 0.904800
10517.800000 0.922190
10520.600000 0.948900
10523.500000 0.925950
10526.300000 0.941560
10529.100000 0.953240
10531.900000 0.950890
10534.700000 0.963710
10537.500000 0.994100
10540.300000 0.996850
10543.200000 0.997350
10546.000000 1.006340
10548.800000 1.003140
10551.600000 1.011310
10554.400000 0.996510
10557.200000 0.983180
10560.000000 0.975860
10562.800000 0.965840
10565.600000 0.949510
10568.400000 0.943490
10571.200000 0.941400
10574.100000 0.940850
10576.900000 0.919080
10579.700000 0.921300
10582.500000 0.940420
10585.300000 0.934830
10588.100000 0.899220
10590.900000 0.920790
10593.700000 0.884720
10596.500000 0.846290
10599.300000 0.853860
10602.100000 0.910160
10604.900000 0.911860
10607.700000 0.945810
10610.500000 0.997520
10613.300000 0.989150
10616.100000 0.943330
10618.900000 0.937820
10621.700000 0.944040
10624.500000 0.936410
10627.300000 0.943140
10630.100000 0.980950
10632.900000 0.995200
10635.700000 1.014180
10638.500000 1.012250
10641.300000 1.010340
10644.100000 0.997330
10646.900000 0.997740
10649.700000 0.997880
10652.500000 1.000170
10655.300000 1.009730
10658.100000 1.013330
10660.800000 0.997270
10663.600000 0.998940
10666.400000 0.997890
10669.200000 0.992850
10672.000000 0.988160
10674.800000 1.003880
10677.600000 1.002200
10680.400000 0.992770
10683.200000 1.000980
10686.000000 0.992090
10688.800000 0.980390
10691.500000 0.982680
10694.300000 0.991580
10697.100000 0.992050
10699.900000 1.002870
10702.700000 1.018990
10705.500000 0.984690
10708.300000 0.988910
10711.100000 0.985950
10713.800000 0.960160
10716.600000 0.954080
10719.400000 0.978320
10722.200000 0.952090
10725.000000 0.945460
10727.800000 0.950650
10730.500000 0.952560
10733.300000 0.961830
10736.100000 0.996950
10738.900000 0.982940
10741.700000 0.986870
10744.400000 0.941050
10747.200000 0.930290
10750.000000 0.864000
10752.800000 0.886300
10755.600000 0.934730
10758.300000 0.970140
10761.100000 0.930530
10763.900000 0.913820
10766.700000 0.853990
10769.400000 0.815150
10772.200000 0.771790
10775.000000 0.803400
10777.800000 0.845800
10780.500000 0.825990
10783.300000 0.786230
10786.100000 0.818280
10788.900000 0.799010
10791.600000 0.767050
10794.400000 0.882410
10797.200000 0.922720
10800.000000 0.893810
10802.700000 0.922740
10805.500000 0.916810
10808.300000 0.870520
10811.000000 0.850480
10813.800000 0.848430
10816.600000 0.834640
10819.300000 0.827800
10822.100000 0.829880
10824.900000 0.811670
10827.600000 0.814950
10830.400000 0.788920
10833.200000 0.845580
10835.900000 0.801570
10838.700000 0.810140
10841.500000 0.840180
10844.200000 0.873700
10847.000000 0.903870
10849.800000 0.901480
10852.500000 0.934530
10855.300000 0.931560
10858.100000 0.958690
10860.800000 0.940130
10863.600000 1.031180
10866.300000 1.049710
10869.100000 1.071940
10871.900000 1.048900
10874.600000 1.031700
10877.400000 0.971500
10880.100000 0.938550
10882.900000 0.939540
10885.700000 0.945940
10888.400000 0.958080
10891.200000 1.002790
10893.900000 1.033580
10896.700000 1.035480
10899.400000 1.026950
10902.200000 1.032690
10905.000000 1.005610
10907.700000 1.016300
10910.500000 1.012990
10913.200000 1.010150
10916.000000 1.008060
10918.700000 1.034100
10921.500000 1.025800
10924.200000 1.025320
10927.000000 1.024480
10929.700000 1.029140
10932.500000 1.021900
10935.200000 1.030390
10938.000000 1.025800
10940.700000 1.039550
10943.500000 1.036340
10946.200000 1.046100
10949.000000 1.013390
10951.700000 1.037780
10954.500000 1.002010
10957.200000 1.001640
10960.000000 0.988180
10962.700000 1.017850
10965.500000 0.994560
10968.200000 1.000350
10970.900000 1.000700
10973.700000 1.014190
10976.400000 1.009550
10979.200000 1.017990
10981.900000 1.036150
10984.700000 1.019270
10987.400000 1.030210
10990.100000 0.973440
10992.900000 0.949000
10995.600000 0.936190
10998.400000 0.948180
11001.100000 0.892410
11003.800000 0.905590
11006.600000 0.908410
11009.300000 0.883430
11012.100000 0.887820
11014.800000 0.928680
11017.500000 1.017730
11020.300000 1.014110
11023.000000 1.032810
11025.700000 1.029860
11028.500000 0.967440
11031.200000 0.924310
11033.900000 0.942010
11036.700000 0.982470
11039.400000 0.945900
11042.100000 0.982760
11044.900000 0.965140
11047.600000 0.900820
11050.300000 0.825370
11053.100000 0.817360
11055.800000 0.828510
11058.500000 0.832570
11061.300000 0.895370
11064.000000 0.924180
11066.700000 0.837340
11069.500000 0.889470
11072.200000 0.906320
11074.900000 0.832200
11077.600000 0.906810
11080.400000 1.025430
11083.100000 0.860840
11085.800000 0.792210
11088.500000 0.875710
11091.300000 0.815520
11094.000000 0.756900
11096.700000 0.822330
11099.400000 0.820970
11102.200000 0.796050
11104.900000 0.726500
11107.600000 0.763940
11110.300000 0.702730
11113.100000 0.692050
11115.800000 0.669260
11118.500000 0.619210
11121.200000 0.744750
11123.900000 0.780960
11126.700000 0.750670
11129.400000 0.663190
11132.100000 0.714330
11134.800000 0.557660
11137.500000 0.501670
11140.300000 0.587170
11143.000000 0.660700
11145.700000 0.622060
11148.400000 0.534110
11151.100000 0.576420
11153.800000 0.603770
11156.600000 0.640230
11159.300000 0.790800
11162.000000 0.981430
11164.700000 0.991090
11167.400000 1.173950
11170.100000 0.989950
11172.800000 0.696140
11175.500000 0.624440
11178.300000 0.476910
11181.000000 0.438330
11183.700000 0.569770
11186.400000 0.491220
11189.100000 0.494690
11191.800000 0.617200
11194.500000 0.547300
11197.200000 0.445160
11199.900000 0.523690
11202.600000 0.463040
