5998.000000 0.000000
6001.000000 -0.000010
6004.000000 -0.000010
6007.000000 0.000010
6010.000000 0.000010
6013.000000 0.000000
6016.000000 -0.000010
6019.000000 -0.000010
6022.000000 0.000000
6025.000000 -0.000010
6028.000000 0.000000
6031.000000 0.000000
6034.000000 0.000000
6037.000000 0.000000
6040.000000 0.000000
6043.000000 0.000000
6046.000000 -0.000010
6049.000000 0.000010
6052.000000 -0.000010
6055.000000 0.000000
6058.000000 0.000000
6061.000000 0.000020
6064.000000 0.000000
6067.000000 0.000000
6070.000000 0.000010
6073.000000 0.000010
6076.000000 0.000000
6079.000000 0.000000
6082.000000 0.000030
6085.000000 -0.000010
6088.000000 0.000000
6091.000000 0.000010
6094.000000 0.000000
6097.000000 0.000000
6100.000000 0.000000
6103.000000 0.000020
6106.000000 0.000000
6109.000000 0.000000
6112.000000 -0.000020
6115.000000 0.000000
6118.000000 0.000000
6121.000000 0.000010
6124.000000 0.000020
6127.000000 0.000000
6130.000000 -0.000010
6133.000000 -0.000010
6136.000000 0.000000
6139.000000 0.000010
6142.000000 -0.000010
6145.000000 -0.000010
6148.000000 0.000000
6151.000000 0.000000
6154.000000 0.000000
6157.000000 0.000000
6160.000000 0.000000
6163.000000 0.000010
6166.000000 0.000000
6169.000000 0.000000
6172.000000 0.000000
6175.000000 0.000000
6178.000000 0.000010
6181.000000 0.000010
6184.000000 0.000000
6187.000000 0.000020
6190.000000 0.000000
6193.000000 0.000000
6196.000000 -0.000010
6199.000000 -0.000010
6202.000000 0.000010
6205.000000 -0.000010
6208.000000 -0.000010
6211.000000 0.000000
6214.000000 0.000010
6217.000000 0.000000
6220.000000 -0.000010
6223.000000 0.000000
6226.000000 -0.000010
6229.000000 0.000000
6232.000000 0.000000
6235.000000 0.000000
6238.000000 0.000000
6241.000000 0.000000
6244.000000 0.000000
6247.000000 0.000010
6250.000000 0.000000
6253.000000 0.000000
6256.000000 -0.000010
6259.000000 -0.000020
6262.000000 0.000010
6265.000000 0.000010
6268.000000 0.000000
6271.000000 0.000000
6274.000000 0.000000
6277.000000 0.000000
6280.000000 -0.000010
6283.000000 0.000010
6286.000000 -0.000010
6289.000000 0.000010
6292.000000 0.000010
6295.000000 0.000010
6298.000000 0.000000
6301.000000 0.000010
6304.000000 0.000000
6307.000000 0.000000
6310.000000 0.000000
6313.000000 0.000010
6316.000000 -0.000010
6319.000000 0.000000
6322.000000 0.000000
6325.000000 -0.000010
6328.000000 0.000000
6331.000000 0.000000
6334.000000 -0.000010
6337.000000 -0.000010
6340.000000 -0.000010
6343.000000 0.000000
6346.000000 0.000010
6349.000000 0.000010
6352.000000 0.000010
6355.000000 0.000010
6358.000000 0.000000
6361.000000 0.000000
6364.000000 0.000000
6367.000000 0.000010
6370.000000 0.000000
6373.000000 0.000000
6376.000000 0.000000
6379.000000 -0.000020
6382.000000 0.000000
6385.000000 0.000010
6388.000000 -0.000010
6391.000000 0.000000
6394.000000 -0.000010
6397.000000 0.000000
6400.000000 -0.000010
6403.000000 -0.000010
6406.000000 0.000020
6409.000000 -0.000010
6412.000000 0.000000
6415.000000 0.000010
6418.000000 0.000030
6421.000000 0.000010
6424.000000 -0.000010
6427.000000 0.000010
6430.000000 0.000020
6433.000000 -0.000010
6436.000000 0.000010
6439.000000 -0.000010
6442.000000 0.000020
6445.000000 -0.000020
6448.000000 0.000010
6451.000000 0.000010
6454.000000 0.000010
6457.000000 -0.000020
6460.000000 0.000010
6463.000000 0.000020
6466.000000 0.000010
6469.000000 0.000020
6472.000000 0.000010
6475.000000 0.000010
6478.000000 -0.000010
6481.000000 0.000020
6484.000000 -0.000010
6487.000000 0.000010
6490.000000 0.000000
6493.000000 0.000000
6496.000000 -0.000020
6499.000000 -0.000020
6502.000000 0.000000
6505.000000 -0.000010
6508.000000 0.000020
6511.000000 -0.000010
6514.000000 0.000010
6517.000000 0.000000
6520.000000 0.000000
6523.000000 0.000070
6526.000000 0.000010
6529.000000 0.000000
6532.000000 0.000000
6535.000000 0.000000
6538.000000 0.000000
6541.000000 0.000000
6544.000000 0.000000
6547.000000 0.000000
6550.000000 0.000020
6553.000000 0.000020
6556.000000 0.000000
6559.000000 0.000010
6562.000000 0.000010
6565.000000 0.000020
6568.000000 0.000020
6571.000000 0.000030
6574.000000 0.000010
6577.000000 0.000010
6580.000000 0.000020
6583.000000 0.000040
6586.000000 0.000000
6589.000000 0.000030
6592.000000 0.000020
6595.000000 0.000030
6598.000000 0.000020
6601.000000 0.000000
6604.000000 0.000020
6607.000000 0.000030
6610.000000 0.000020
6613.000000 0.000030
6616.000000 0.000020
6619.000000 0.000050
6622.000000 0.000050
6625.000000 0.000020
6628.000000 0.000030
6631.000000 0.000020
6634.000000 0.000020
6637.000000 0.000030
6640.000000 0.000020
6643.000000 0.000030
6646.000000 0.000030
6649.000000 0.000040
6652.000000 0.000030
6655.000000 0.000030
6658.000000 0.000030
6661.000000 0.000040
6664.000000 0.000040
6667.000000 0.000040
6670.000000 0.000030
6673.000000 0.000010
6676.000000 0.000040
6679.000000 0.000020
6682.000000 0.000040
6685.000000 0.000030
6688.000000 0.000050
6691.000000 0.000040
6694.000000 0.000040
6697.000000 0.000040
6700.000000 0.000040
6703.000000 0.000040
6706.000000 0.000050
6709.000000 0.000050
6712.000000 0.000050
6715.000000 0.000050
6718.000000 0.000030
6721.000000 0.000060
6724.000000 0.000050
6727.000000 0.000050
6730.000000 0.000050
6733.000000 0.000060
6736.000000 0.000060
6739.000000 0.000050
6742.000000 0.000060
6745.000000 0.000050
6748.000000 0.000060
6751.000000 0.000040
6754.000000 0.000050
6757.000000 0.000050
6760.000000 0.000060
6763.000000 0.000050
6766.000000 0.000050
6769.000000 0.000070
6772.000000 0.000060
6775.000000 0.000070
6778.000000 0.000070
6781.000000 0.000070
6784.000000 0.000070
6787.000000 0.000080
6790.000000 0.000070
6793.000000 0.000070
6796.000000 0.000070
6799.000000 0.000080
6802.000000 0.000080
6805.000000 0.000080
6808.000000 0.000080
6811.000000 0.000080
6814.000000 0.000090
6817.000000 0.000090
6820.000000 0.000090
6823.000000 0.000090
6826.000000 0.000110
6829.000000 0.000090
6832.000000 0.000100
6835.000000 0.000100
6838.000000 0.000110
6841.000000 0.000110
6844.000000 0.000100
6847.000000 0.000120
6850.000000 0.000110
6853.000000 0.000120
6856.000000 0.000120
6859.000000 0.000130
6862.000000 0.000130
6865.000000 0.000140
6868.000000 0.000130
6871.000000 0.000150
6874.000000 0.000140
6877.000000 0.000140
6880.000000 0.000160
6883.000000 0.000160
6886.000000 0.000160
6889.000000 0.000160
6892.000000 0.000180
6895.000000 0.000180
6898.000000 0.000200
6901.000000 0.000190
6904.000000 0.000190
6907.000000 0.000210
6910.000000 0.000210
6913.000000 0.000220
6916.000000 0.000230
6919.000000 0.000240
6922.000000 0.000260
6925.000000 0.000250
6928.000000 0.000270
6931.000000 0.000280
6934.000000 0.000280
6937.000000 0.000300
6940.000000 0.000310
6943.000000 0.000330
6946.000000 0.000330
6949.000000 0.000350
6952.000000 0.000370
6955.000000 0.000370
6958.000000 0.000390
6961.000000 0.000430
6964.000000 0.000420
6967.000000 0.000450
6970.000000 0.000460
6973.000000 0.000480
6976.000000 0.000520
6979.000000 0.000530
6982.000000 0.000550
6985.000000 0.000590
6988.000000 0.000600
6991.000000 0.000640
6994.000000 0.000670
6997.000000 0.000690
7000.000000 0.000740
7003.000000 0.000770
7006.000000 0.000810
7009.000000 0.000840
7012.000000 0.000890
7015.000000 0.000940
7018.000000 0.001000
7021.000000 0.001070
7024.000000 0.001080
7027.000000 0.001150
7030.000000 0.001230
7033.000000 0.001280
7036.000000 0.001360
7039.000000 0.001430
7042.000000 0.001500
7045.000000 0.001590
7048.000000 0.001690
7051.000000 0.001780
7054.000000 0.001880
7057.000000 0.002000
7060.000000 0.002120
7063.000000 0.002270
7066.000000 0.002380
7069.000000 0.002540
7072.000000 0.002680
7075.000000 0.002860
7078.000000 0.002990
7081.000000 0.003220
7084.000000 0.003420
7087.000000 0.003630
7090.000000 0.003860
7093.000000 0.004100
7096.000000 0.004380
7099.000000 0.004670
7102.000000 0.004990
7105.000000 0.005320
7108.000000 0.005670
7111.000000 0.006070
7114.000000 0.006490
7117.000000 0.006930
7120.000000 0.007400
7123.000000 0.007920
7126.000000 0.008490
7129.000000 0.009080
7132.000000 0.009790
7135.000000 0.010500
7138.000000 0.011330
7141.000000 0.012140
7144.000000 0.013040
7147.000000 0.014010
7150.000000 0.015160
7153.000000 0.016380
7156.000000 0.017690
7159.000000 0.019090
7162.000000 0.020640
7165.000000 0.022270
7168.000000 0.024130
7171.000000 0.026130
7174.000000 0.028220
7177.000000 0.030650
7180.000000 0.033230
7183.000000 0.036220
7186.000000 0.039180
7189.000000 0.042850
7192.000000 0.046320
7195.000000 0.050640
7198.000000 0.055060
7201.000000 0.059870
7204.000000 0.065570
7207.000000 0.071390
7210.000000 0.078180
7213.000000 0.085110
7216.000000 0.093130
7219.000000 0.102140
7222.000000 0.111670
7225.000000 0.122300
7228.000000 0.133520
7231.000000 0.146600
7234.000000 0.160310
7237.000000 0.176200
7240.000000 0.191870
7243.000000 0.210530
7246.000000 0.230580
7249.000000 0.251360
7252.000000 0.275130
7255.000000 0.298730
7258.000000 0.326370
7261.000000 0.354620
7264.000000 0.383170
7267.000000 0.413780
7270.000000 0.446230
7273.000000 0.478380
7276.000000 0.512730
7279.000000 0.546900
7282.000000 0.579900
7285.000000 0.615480
7288.000000 0.650030
7291.000000 0.682120
7294.000000 0.714110
7297.000000 0.745370
7300.000000 0.774700
7303.000000 0.802770
7306.000000 0.826450
7309.000000 0.850460
7312.000000 0.871710
7315.000000 0.890680
7318.000000 0.907440
7321.000000 0.921460
7324.000000 0.933410
7327.000000 0.945220
7330.000000 0.952600
7333.000000 0.959550
7336.000000 0.964560
7339.000000 0.967570
7342.000000 0.969160
7345.000000 0.970390
7348.000000 0.970020
7351.000000 0.967590
7354.000000 0.966250
7357.000000 0.963790
7360.000000 0.960120
7363.000000 0.958130
7366.000000 0.954200
7369.000000 0.950580
7372.000000 0.948740
7375.000000 0.943960
7378.000000 0.942030
7381.000000 0.940560
7384.000000 0.936350
7387.000000 0.935550
7390.000000 0.934200
7393.000000 0.932280
7396.000000 0.931760
7399.000000 0.932030
7402.000000 0.931800
7405.000000 0.932030
7408.000000 0.931590
7411.000000 0.930160
7414.000000 0.931880
7417.000000 0.932660
7420.000000 0.932010
7423.000000 0.932630
7426.000000 0.930650
7429.000000 0.930510
7432.000000 0.930570
7435.000000 0.928310
7438.000000 0.928590
7441.000000 0.926440
7444.000000 0.924480
7447.000000 0.924020
7450.000000 0.923070
7453.000000 0.920670
7456.000000 0.918610
7459.000000 0.917700
7462.000000 0.915330
7465.000000 0.915500
7468.000000 0.913670
7471.000000 0.912620
7474.000000 0.913640
7477.000000 0.912060
7480.000000 0.912800
7483.000000 0.914030
7486.000000 0.914430
7489.000000 0.915400
7492.000000 0.917720
7495.000000 0.919790
7498.000000 0.922890
7501.000000 0.925260
7504.000000 0.927330
7507.000000 0.930040
7510.000000 0.933920
7513.000000 0.933440
7516.000000 0.936450
7519.000000 0.938720
7522.000000 0.938230
7525.000000 0.940840
7528.000000 0.942420
7531.000000 0.940360
7534.000000 0.942090
7537.000000 0.940630
7540.000000 0.939790
7543.000000 0.940450
7546.000000 0.938270
7549.000000 0.934900
7552.000000 0.934490
7555.000000 0.933040
7558.000000 0.931710
7561.000000 0.930630
7564.000000 0.928980
7567.000000 0.929640
7570.000000 0.928400
7573.000000 0.927800
7576.000000 0.929340
7579.000000 0.929220
7582.000000 0.928310
7585.000000 0.930800
7588.000000 0.933660
7591.000000 0.935300
7594.000000 0.938900
7597.000000 0.941270
7600.000000 0.942500
7603.000000 0.946590
7606.000000 0.949590
7609.000000 0.953670
7612.000000 0.956750
7615.000000 0.959980
7618.000000 0.963230
7621.000000 0.966350
7624.000000 0.969200
7627.000000 0.969060
7630.000000 0.970860
7633.000000 0.971500
7636.000000 0.971600
7639.000000 0.972090
7642.000000 0.969160
7645.000000 0.969010
7648.000000 0.967160
7651.000000 0.964000
7654.000000 0.963450
7657.000000 0.961010
7660.000000 0.957660
7663.000000 0.953910
7666.000000 0.952760
7669.000000 0.949950
7672.000000 0.947590
7675.000000 0.945370
7678.000000 0.943620
7681.000000 0.942840
7684.000000 0.941150
7687.000000 0.939430
7690.000000 0.940830
7693.000000 0.940430
7696.000000 0.940950
7699.000000 0.941840
7702.000000 0.942540
7705.000000 0.944320
7708.000000 0.948120
7711.000000 0.947330
7714.000000 0.951160
7717.000000 0.954810
7720.000000 0.955520
7723.000000 0.957760
7726.000000 0.960980
7729.000000 0.960470
7732.000000 0.963630
7735.000000 0.963840
7738.000000 0.963370
7741.000000 0.964480
7744.000000 0.963200
7747.000000 0.962400
7750.000000 0.961530
7753.000000 0.958700
7756.000000 0.957490
7759.000000 0.956050
7762.000000 0.950900
7765.000000 0.948430
7768.000000 0.944620
7771.000000 0.941890
7774.000000 0.938500
7777.000000 0.934840
7780.000000 0.931560
7783.000000 0.927800
7786.000000 0.925690
7789.000000 0.921170
7792.000000 0.921360
7795.000000 0.918620
7798.000000 0.917760
7801.000000 0.917530
7804.000000 0.917070
7807.000000 0.917690
7810.000000 0.918910
7813.000000 0.919970
7816.000000 0.919220
7819.000000 0.923770
7822.000000 0.924420
7825.000000 0.926000
7828.000000 0.932300
7831.000000 0.933380
7834.000000 0.936010
7837.000000 0.939480
7840.000000 0.941060
7843.000000 0.944290
7846.000000 0.946830
7849.000000 0.948420
7852.000000 0.951020
7855.000000 0.955090
7858.000000 0.954360
7861.000000 0.956650
7864.000000 0.957640
7867.000000 0.957850
7870.000000 0.960310
7873.000000 0.960010
7876.000000 0.958110
7879.000000 0.959840
7882.000000 0.958970
7885.000000 0.957030
7888.000000 0.957850
7891.000000 0.955350
7894.000000 0.952530
7897.000000 0.953980
7900.000000 0.953520
7903.000000 0.951070
7906.000000 0.951850
7909.000000 0.951290
7912.000000 0.951040
7915.000000 0.950410
7918.000000 0.950320
7921.000000 0.950160
7924.000000 0.951570
7927.000000 0.950080
7930.000000 0.952110
7933.000000 0.952580
7936.000000 0.953140
7939.000000 0.953960
7942.000000 0.956860
7945.000000 0.956090
7948.000000 0.959040
7951.000000 0.959860
7954.000000 0.960570
7957.000000 0.962830
7960.000000 0.963850
7963.000000 0.963440
7966.000000 0.964700
7969.000000 0.966100
7972.000000 0.967800
7975.000000 0.969020
7978.000000 0.967490
7981.000000 0.968080
7984.000000 0.969240
7987.000000 0.966800
7990.000000 0.968580
7993.000000 0.967840
7996.000000 0.966150
7999.000000 0.965210
8002.000000 0.965750
8005.000000 0.966230
8008.000000 0.965680
8011.000000 0.966460
8014.000000 0.964940
8017.000000 0.962200
8020.000000 0.965210
8023.000000 0.964960
8026.000000 0.963600
8029.000000 0.964810
8032.000000 0.964120
8035.000000 0.964580
8038.000000 0.967800
8041.000000 0.968500
8044.000000 0.967960
8047.000000 0.970810
8050.000000 0.970150
8053.000000 0.971130
8056.000000 0.971930
8059.000000 0.972500
8062.000000 0.971940
8065.000000 0.973900
8068.000000 0.973310
8071.000000 0.976160
8074.000000 0.976730
8077.000000 0.974780
8080.000000 0.975000
8083.000000 0.975660
8086.000000 0.973800
8089.000000 0.973580
8092.000000 0.973360
8095.000000 0.972890
8098.000000 0.971240
8101.000000 0.969880
8104.000000 0.965390
8107.000000 0.966890
8110.000000 0.965750
8113.000000 0.961640
8116.000000 0.963810
8119.000000 0.960480
8122.000000 0.958480
8125.000000 0.958830
8128.000000 0.956120
8131.000000 0.954790
8134.000000 0.955860
8137.000000 0.953970
8140.000000 0.952400
8143.000000 0.953170
8146.000000 0.950490
8149.000000 0.950480
8152.000000 0.952410
8155.000000 0.950390
8158.000000 0.951930
8161.000000 0.950520
8164.000000 0.949030
8167.000000 0.947290
8170.000000 0.949700
8173.000000 0.948660
8176.000000 0.950510
8179.000000 0.950870
8182.000000 0.947510
8185.000000 0.951550
8188.000000 0.947820
8191.000000 0.947680
8194.000000 0.949470
8197.000000 0.947120
8200.000000 0.946680
8203.000000 0.947930
8206.000000 0.945900
8209.000000 0.946610
8212.000000 0.943940
8215.000000 0.942360
8218.000000 0.942580
8221.000000 0.939880
8224.000000 0.940470
8227.000000 0.938490
8230.000000 0.937870
8233.000000 0.935450
8236.000000 0.935990
8239.000000 0.935650
8242.000000 0.932830
8245.000000 0.933510
8248.000000 0.933970
8251.000000 0.933730
8254.000000 0.935310
8257.000000 0.933750
8260.000000 0.934900
8263.000000 0.937280
8266.000000 0.935820
8269.000000 0.938030
8272.000000 0.938480
8275.000000 0.940020
8278.000000 0.940310
8281.000000 0.944140
8284.000000 0.941890
8287.000000 0.947760
8290.000000 0.950440
8293.000000 0.947780
8296.000000 0.953200
8299.000000 0.952170
8302.000000 0.955490
8305.000000 0.955470
8308.000000 0.958750
8311.000000 0.957900
8314.000000 0.960670
8317.000000 0.959540
8320.000000 0.959030
8323.000000 0.957870
8326.000000 0.959690
8329.000000 0.959460
8332.000000 0.957680
8335.000000 0.955080
8338.000000 0.952480
8341.000000 0.954410
8344.000000 0.950780
8347.000000 0.952100
8350.000000 0.949330
8353.000000 0.947480
8356.000000 0.946820
8359.000000 0.946360
8362.000000 0.944750
8365.000000 0.942440
8368.000000 0.942060
8371.000000 0.937620
8374.000000 0.940490
8377.000000 0.938770
8380.000000 0.936230
8383.000000 0.938440
8386.000000 0.938780
8389.000000 0.935820
8392.000000 0.939290
8395.000000 0.939270
8398.000000 0.938160
8401.000000 0.941120
8404.000000 0.941860
8407.000000 0.941800
8410.000000 0.947520
8413.000000 0.948760
8416.000000 0.945790
8419.000000 0.949220
8422.000000 0.948460
8425.000000 0.949080
8428.000000 0.954570
8431.000000 0.952830
8434.000000 0.958400
8437.000000 0.956640
8440.000000 0.956150
8443.000000 0.963050
8446.000000 0.959400
8449.000000 0.956460
8452.000000 0.960750
8455.000000 0.959830
8458.000000 0.961040
8461.000000 0.957400
8464.000000 0.959170
8467.000000 0.958060
8470.000000 0.957720
8473.000000 0.958050
8476.000000 0.958270
8479.000000 0.958790
8482.000000 0.953570
8485.000000 0.952490
8488.000000 0.954400
8491.000000 0.950420
8494.000000 0.956120
8497.000000 0.953690
8500.000000 0.954510
8503.000000 0.953850
8506.000000 0.950490
8509.000000 0.949600
8512.000000 0.955740
8515.000000 0.953200
8518.000000 0.951250
8521.000000 0.954940
8524.000000 0.953740
8527.000000 0.955190
8530.000000 0.961050
8533.000000 0.960420
8536.000000 0.956690
8539.000000 0.956520
8542.000000 0.959310
8545.000000 0.958700
8548.000000 0.962360
8551.000000 0.957490
8554.000000 0.959460
8557.000000 0.963750
8560.000000 0.962060
8563.000000 0.960200
8566.000000 0.964380
8569.000000 0.956860
8572.000000 0.955790
8575.000000 0.960750
8578.000000 0.956230
8581.000000 0.947830
8584.000000 0.958500
8587.000000 0.948960
8590.000000 0.953190
8593.000000 0.948430
8596.000000 0.943290
8599.000000 0.940500
8602.000000 0.938880
8605.000000 0.936840
8608.000000 0.937230
8611.000000 0.937280
8614.000000 0.934840
8617.000000 0.934160
8620.000000 0.937610
8623.000000 0.931720
8626.000000 0.931600
8629.000000 0.923360
8632.000000 0.920080
8635.000000 0.927680
8638.000000 0.934120
8641.000000 0.928230
8644.000000 0.931280
8647.000000 0.927370
8650.000000 0.929130
8653.000000 0.928770
8656.000000 0.923190
8659.000000 0.927240
8662.000000 0.932370
8665.000000 0.932280
8668.000000 0.933970
8671.000000 0.940800
8674.000000 0.936270
8677.000000 0.942910
8680.000000 0.939870
8683.000000 0.942380
8686.000000 0.944570
8689.000000 0.938060
8692.000000 0.941990
8695.000000 0.951920
8698.000000 0.949990
8701.000000 0.953830
8704.000000 0.940700
8707.000000 0.948810
8710.000000 0.945610
8713.000000 0.938840
8716.000000 0.940800
8719.000000 0.943040
8722.000000 0.944470
8725.000000 0.943480
8728.000000 0.951920
8731.000000 0.943540
8734.000000 0.933940
8737.000000 0.936230
8740.000000 0.940050
8743.000000 0.941540
8746.000000 0.935590
8749.000000 0.937540
8752.000000 0.937930
8755.000000 0.944260
8758.000000 0.939340
8761.000000 0.936970
8764.000000 0.940240
8767.000000 0.941390
8770.000000 0.954960
8773.000000 0.943310
8776.000000 0.935870
8779.000000 0.949250
8782.000000 0.950390
8785.000000 0.942420
8788.000000 0.951520
8791.000000 0.952230
8794.000000 0.947440
8797.000000 0.947750
8800.000000 0.946770
8803.000000 0.948330
8806.000000 0.949740
8809.000000 0.949350
8812.000000 0.950530
8815.000000 0.951850
8818.000000 0.949990
8821.000000 0.951220
8824.000000 0.951840
8827.000000 0.950460
8830.000000 0.951260
8833.000000 0.951230
8836.000000 0.949250
8839.000000 0.949820
8842.000000 0.948690
8845.000000 0.946410
8848.000000 0.947670
8851.000000 0.945800
8854.000000 0.943810
8857.000000 0.944110
8860.000000 0.942660
8863.000000 0.940690
8866.000000 0.941030
8869.000000 0.939180
8872.000000 0.938360
8875.000000 0.939320
8878.000000 0.936160
8881.000000 0.936020
8884.000000 0.936860
8887.000000 0.934890
8890.000000 0.936330
8893.000000 0.936880
8896.000000 0.935190
8899.000000 0.936570
8902.000000 0.936640
8905.000000 0.936310
8908.000000 0.937940
8911.000000 0.939140
8914.000000 0.938350
8917.000000 0.941560
8920.000000 0.940590
8923.000000 0.941770
8926.000000 0.944230
8929.000000 0.943060
8932.000000 0.944860
8935.000000 0.946410
8938.000000 0.945980
8941.000000 0.946930
8944.000000 0.948180
8947.000000 0.947950
8950.000000 0.948140
8953.000000 0.949820
8956.000000 0.948730
8959.000000 0.949560
8962.000000 0.950970
8965.000000 0.949160
8968.000000 0.950860
8971.000000 0.951070
8974.000000 0.948940
8977.000000 0.951760
8980.000000 0.950980
8983.000000 0.950500
8986.000000 0.951860
8989.000000 0.951070
8992.000000 0.950600
8995.000000 0.951700
8998.000000 0.950720
9001.000000 0.949950
9004.000000 0.951640
9007.000000 0.949800
9010.000000 0.949830
9013.000000 0.950710
9016.000000 0.949220
9019.000000 0.948900
9022.000000 0.949490
9025.000000 0.947250
9028.000000 0.947530
9031.000000 0.946810
9034.000000 0.944980
9037.000000 0.944800
9040.000000 0.944060
9043.000000 0.941290
9046.000000 0.941650
9049.000000 0.939980
9052.000000 0.937760
9055.000000 0.937460
9058.000000 0.936280
9061.000000 0.933100
9064.000000 0.933950
9067.000000 0.931510
9070.000000 0.929560
9073.000000 0.929860
9076.000000 0.927280
9079.000000 0.926100
9082.000000 0.926090
9085.000000 0.923900
9088.000000 0.923490
9091.000000 0.924180
9094.000000 0.921190
9097.000000 0.922360
9100.000000 0.922200
9103.000000 0.921220
9106.000000 0.921560
9109.000000 0.922380
9112.000000 0.920980
9115.000000 0.922210
9118.000000 0.921530
9121.000000 0.921050
9124.000000 0.922990
9127.000000 0.922700
9130.000000 0.921080
9133.000000 0.922300
9136.000000 0.920790
9139.000000 0.919080
9142.000000 0.919440
9145.000000 0.917290
9148.000000 0.915360
9151.000000 0.914910
9154.000000 0.911580
9157.000000 0.909000
9160.000000 0.907730
9163.000000 0.902870
9166.000000 0.901020
9169.000000 0.898000
9172.000000 0.894800
9175.000000 0.892860
9178.000000 0.889780
9181.000000 0.886350
9184.000000 0.884820
9187.000000 0.883270
9190.000000 0.880880
9193.000000 0.880840
9196.000000 0.880220
9199.000000 0.879350
9202.000000 0.881620
9205.000000 0.882060
9208.000000 0.883940
9211.000000 0.887390
9214.000000 0.889230
9217.000000 0.892440
9220.000000 0.897680
9223.000000 0.899260
9226.000000 0.903880
9229.000000 0.908040
9232.000000 0.909220
9235.000000 0.910680
9238.000000 0.910320
9241.000000 0.906450
9244.000000 0.902030
9247.000000 0.892820
9250.000000 0.878210
9253.000000 0.865140
9256.000000 0.839390
9259.000000 0.810120
9262.000000 0.783010
9265.000000 0.742690
9268.000000 0.696450
9271.000000 0.653720
9274.000000 0.608280
9277.000000 0.550240
9280.000000 0.502030
9283.000000 0.458300
9286.000000 0.402590
9289.000000 0.357040
9292.000000 0.320080
9295.000000 0.276620
9298.000000 0.239380
9301.000000 0.210890
9304.000000 0.183770
9307.000000 0.156990
9310.000000 0.136440
9313.000000 0.120270
9316.000000 0.101520
9319.000000 0.087680
9322.000000 0.078230
9325.000000 0.066700
9328.000000 0.057650
9331.000000 0.051300
9334.000000 0.044490
9337.000000 0.038230
9340.000000 0.034350
9343.000000 0.030410
9346.000000 0.026490
9349.000000 0.024210
9352.000000 0.021150
9355.000000 0.018480
9358.000000 0.016660
9361.000000 0.014760
9364.000000 0.013890
9367.000000 0.012400
9370.000000 0.011590
9373.000000 0.010460
9376.000000 0.009730
9379.000000 0.008700
9382.000000 0.008150
9385.000000 0.007500
9388.000000 0.007380
9391.000000 0.006490
9394.000000 0.006190
9397.000000 0.005870
9400.000000 0.005230
9403.000000 0.005430
9406.000000 0.004970
9409.000000 0.004660
9412.000000 0.004660
9415.000000 0.004490
9418.000000 0.004380
9421.000000 0.003990
9424.000000 0.003380
9427.000000 0.003970
9430.000000 0.003440
9433.000000 0.003220
9436.000000 0.003160
9439.000000 0.003490
9442.000000 0.003290
9445.000000 0.003170
9448.000000 0.003520
9451.000000 0.003330
9454.000000 0.003020
9457.000000 0.003040
9460.000000 0.003290
9463.000000 0.003240
9466.000000 0.002580
9469.000000 0.002880
9472.000000 0.002510
9475.000000 0.002740
9478.000000 0.002360
9481.000000 0.002110
9484.000000 0.002670
9487.000000 0.003150
9490.000000 0.002990
9493.000000 0.002230
9496.000000 0.002530
9499.000000 0.002120
9502.000000 0.002210
9505.000000 0.002130
9508.000000 0.002920
9511.000000 0.002740
9514.000000 0.002150
9517.000000 0.002420
9520.000000 0.002530
9523.000000 0.002680
9526.000000 0.002370
9529.000000 0.002250
9532.000000 0.002120
9535.000000 0.002650
9538.000000 0.002220
9541.000000 0.002300
9544.000000 0.002310
9547.000000 0.002080
9550.000000 0.002530
9553.000000 0.002130
9556.000000 0.001880
9559.000000 0.001990
9562.000000 0.002060
9565.000000 0.002240
9568.000000 0.002570
9571.000000 0.002570
9574.000000 0.002370
9577.000000 0.002270
9580.000000 0.002220
9583.000000 0.002720
9586.000000 0.002540
9589.000000 0.002420
9592.000000 0.002310
9595.000000 0.002270
9598.000000 0.002460
9601.000000 0.001970
9604.000000 0.002360
9607.000000 0.002940
9610.000000 0.002140
9613.000000 0.002360
9616.000000 0.003160
9619.000000 0.002190
9622.000000 0.002710
9625.000000 0.001870
9628.000000 0.002560
9631.000000 0.002380
9634.000000 0.001880
9637.000000 0.002410
9640.000000 0.002720
9643.000000 0.001610
9646.000000 0.001800
9649.000000 0.001970
9652.000000 0.002190
9655.000000 0.002370
9658.000000 0.002370
9661.000000 0.001900
9664.000000 0.002380
9667.000000 0.002200
9670.000000 0.002740
9673.000000 0.002460
9676.000000 0.001960
9679.000000 0.002060
9682.000000 0.002400
9685.000000 0.002440
9688.000000 0.002280
9691.000000 0.002740
9694.000000 0.002530
9697.000000 0.002190
9700.000000 0.002560
9703.000000 0.002800
9706.000000 0.002370
9709.000000 0.001980
9712.000000 0.002390
9715.000000 0.001950
9718.000000 0.001780
9721.000000 0.002310
9724.000000 0.002280
9727.000000 0.002600
9730.000000 0.002470
9733.000000 0.002210
9736.000000 0.002280
9739.000000 0.002440
9742.000000 0.002340
9745.000000 0.002280
9748.000000 0.002240
9751.000000 0.002400
9754.000000 0.002200
9757.000000 0.002010
9760.000000 0.002040
9763.000000 0.002530
9766.000000 0.002190
9769.000000 0.002290
9772.000000 0.002580
9775.000000 0.002330
9778.000000 0.001940
9781.000000 0.002710
9784.000000 0.001990
9787.000000 0.002280
9790.000000 0.002620
9793.000000 0.002590
9796.000000 0.002430
9799.000000 0.002350
9802.000000 0.002840
9805.000000 0.002470
9808.000000 0.002290
9811.000000 0.002290
9814.000000 0.001920
9817.000000 0.002300
9820.000000 0.002910
9823.000000 0.002020
9826.000000 0.002320
9829.000000 0.002280
9832.000000 0.002440
9835.000000 0.002310
9838.000000 0.001740
9841.000000 0.002310
9844.000000 0.001890
9847.000000 0.002060
9850.000000 0.002280
9853.000000 0.002260
9856.000000 0.002600
9859.000000 0.002360
9862.000000 0.002770
9865.000000 0.001770
9868.000000 0.002050
9871.000000 0.002470
9874.000000 0.002420
9877.000000 0.002440
9880.000000 0.002310
9883.000000 0.002420
9886.000000 0.002410
9889.000000 0.002750
9892.000000 0.002510
9895.000000 0.002390
9898.000000 0.002430
9901.000000 0.002390
9904.000000 0.002060
9907.000000 0.002410
9910.000000 0.002630
9913.000000 0.002570
9916.000000 0.002020
9919.000000 0.002610
9922.000000 0.002410
9925.000000 0.001680
9928.000000 0.002580
9931.000000 0.002080
9934.000000 0.001740
9937.000000 0.001980
9940.000000 0.002350
9943.000000 0.002050
9946.000000 0.002400
9949.000000 0.002090
9952.000000 0.002370
9955.000000 0.002040
9958.000000 0.002030
9961.000000 0.002730
9964.000000 0.002690
9967.000000 0.002420
9970.000000 0.001940
9973.000000 0.002550
9976.000000 0.002540
9979.000000 0.002400
9982.000000 0.002450
9985.000000 0.002450
9988.000000 0.002730
9991.000000 0.002490
9994.000000 0.001690
9997.000000 0.002630
10000.000000 0.002590
