7800.000000 0.000010
7803.000000 0.000010
7806.000000 0.000000
7809.000000 0.000010
7812.000000 0.000010
7815.000000 0.000030
7818.000000 0.000030
7821.000000 0.000020
7824.000000 0.000010
7827.000000 0.000020
7830.000000 0.000020
7833.000000 0.000010
7836.000000 0.000030
7839.000000 0.000010
7842.000000 0.000010
7845.000000 0.000020
7848.000000 0.000020
7851.000000 0.000030
7854.000000 0.000020
7857.000000 0.000030
7860.000000 0.000030
7863.000000 0.000020
7866.000000 0.000030
7869.000000 0.000030
7872.000000 0.000030
7875.000000 0.000030
7878.000000 0.000030
7881.000000 0.000030
7884.000000 0.000030
7887.000000 0.000040
7890.000000 0.000030
7893.000000 0.000040
7896.000000 0.000050
7899.000000 0.000040
7902.000000 0.000050
7905.000000 0.000040
7908.000000 0.000050
7911.000000 0.000060
7914.000000 0.000050
7917.000000 0.000050
7920.000000 0.000040
7923.000000 0.000090
7926.000000 0.000040
7929.000000 0.000060
7932.000000 0.000070
7935.000000 0.000070
7938.000000 0.000070
7941.000000 0.000060
7944.000000 0.000090
7947.000000 0.000080
7950.000000 0.000080
7953.000000 0.000090
7956.000000 0.000090
7959.000000 0.000090
7962.000000 0.000100
7965.000000 0.000090
7968.000000 0.000110
7971.000000 0.000110
7974.000000 0.000110
7977.000000 0.000130
7980.000000 0.000120
7983.000000 0.000120
7986.000000 0.000140
7989.000000 0.000140
7992.000000 0.000150
7995.000000 0.000150
7998.000000 0.000170
8001.000000 0.000160
8004.000000 0.000180
8007.000000 0.000190
8010.000000 0.000190
8013.000000 0.000210
8016.000000 0.000220
8019.000000 0.000230
8022.000000 0.000240
8025.000000 0.000260
8028.000000 0.000260
8031.000000 0.000280
8034.000000 0.000280
8037.000000 0.000300
8040.000000 0.000330
8043.000000 0.000340
8046.000000 0.000360
8049.000000 0.000370
8052.000000 0.000390
8055.000000 0.000410
8058.000000 0.000430
8061.000000 0.000450
8064.000000 0.000470
8067.000000 0.000490
8070.000000 0.000520
8073.000000 0.000540
8076.000000 0.000590
8079.000000 0.000610
8082.000000 0.000630
8085.000000 0.000680
8088.000000 0.000700
8091.000000 0.000720
8094.000000 0.000790
8097.000000 0.000820
8100.000000 0.000870
8103.000000 0.000920
8106.000000 0.000970
8109.000000 0.001050
8112.000000 0.001100
8115.000000 0.001150
8118.000000 0.001220
8121.000000 0.001290
8124.000000 0.001340
8127.000000 0.001460
8130.000000 0.001510
8133.000000 0.001630
8136.000000 0.001710
8139.000000 0.001800
8142.000000 0.001930
8145.000000 0.002050
8148.000000 0.002180
8151.000000 0.002290
8154.000000 0.002430
8157.000000 0.002590
8160.000000 0.002730
8163.000000 0.002890
8166.000000 0.003080
8169.000000 0.003270
8172.000000 0.003480
8175.000000 0.003700
8178.000000 0.003950
8181.000000 0.004190
8184.000000 0.004430
8187.000000 0.004760
8190.000000 0.005090
8193.000000 0.005400
8196.000000 0.005750
8199.000000 0.006100
8202.000000 0.006500
8205.000000 0.006980
8208.000000 0.007480
8211.000000 0.007980
8214.000000 0.008500
8217.000000 0.009080
8220.000000 0.009750
8223.000000 0.010410
8226.000000 0.011140
8229.000000 0.011890
8232.000000 0.012810
8235.000000 0.013790
8238.000000 0.014760
8241.000000 0.015800
8244.000000 0.017060
8247.000000 0.018330
8250.000000 0.019630
8253.000000 0.021180
8256.000000 0.022820
8259.000000 0.024540
8262.000000 0.026500
8265.000000 0.028530
8268.000000 0.030860
8271.000000 0.033140
8274.000000 0.035820
8277.000000 0.038570
8280.000000 0.041560
8283.000000 0.044900
8286.000000 0.048610
8289.000000 0.052450
8292.000000 0.056620
8295.000000 0.061320
8298.000000 0.066320
8301.000000 0.071870
8304.000000 0.077760
8307.000000 0.084160
8310.000000 0.091230
8313.000000 0.099320
8316.000000 0.107230
8319.000000 0.116270
8322.000000 0.125870
8325.000000 0.136980
8328.000000 0.148410
8331.000000 0.160870
8334.000000 0.174490
8337.000000 0.188670
8340.000000 0.205360
8343.000000 0.221780
8346.000000 0.240090
8349.000000 0.259150
8352.000000 0.280710
8355.000000 0.302170
8358.000000 0.325240
8361.000000 0.348550
8364.000000 0.375370
8367.000000 0.401800
8370.000000 0.429310
8373.000000 0.457920
8376.000000 0.486730
8379.000000 0.518550
8382.000000 0.549260
8385.000000 0.579660
8388.000000 0.609670
8391.000000 0.642400
8394.000000 0.671070
8397.000000 0.700930
8400.000000 0.728960
8403.000000 0.755200
8406.000000 0.782580
8409.000000 0.806300
8412.000000 0.828780
8415.000000 0.849000
8418.000000 0.870990
8421.000000 0.887940
8424.000000 0.902380
8427.000000 0.917230
8430.000000 0.930970
8433.000000 0.940600
8436.000000 0.948560
8439.000000 0.957270
8442.000000 0.962230
8445.000000 0.967820
8448.000000 0.973930
8451.000000 0.975490
8454.000000 0.979140
8457.000000 0.980020
8460.000000 0.980650
8463.000000 0.982360
8466.000000 0.980240
8469.000000 0.980470
8472.000000 0.980280
8475.000000 0.979750
8478.000000 0.980110
8481.000000 0.976770
8484.000000 0.976890
8487.000000 0.973890
8490.000000 0.972870
8493.000000 0.970030
8496.000000 0.968920
8499.000000 0.969300
8502.000000 0.966720
8505.000000 0.964830
8508.000000 0.964600
8511.000000 0.963590
8514.000000 0.962570
8517.000000 0.962260
8520.000000 0.959520
8523.000000 0.958620
8526.000000 0.956630
8529.000000 0.957640
8532.000000 0.957790
8535.000000 0.957550
8538.000000 0.957250
8541.000000 0.955610
8544.000000 0.954300
8547.000000 0.955490
8550.000000 0.958550
8553.000000 0.958750
8556.000000 0.957040
8559.000000 0.957050
8562.000000 0.959280
8565.000000 0.957180
8568.000000 0.958360
8571.000000 0.959500
8574.000000 0.959420
8577.000000 0.960030
8580.000000 0.960830
8583.000000 0.961630
8586.000000 0.960900
8589.000000 0.961660
8592.000000 0.960800
8595.000000 0.960520
8598.000000 0.961320
8601.000000 0.960530
8604.000000 0.964820
8607.000000 0.964090
8610.000000 0.964660
8613.000000 0.966400
8616.000000 0.966450
8619.000000 0.965890
8622.000000 0.966670
8625.000000 0.966140
8628.000000 0.967640
8631.000000 0.967600
8634.000000 0.968830
8637.000000 0.969980
8640.000000 0.968670
8643.000000 0.970650
8646.000000 0.968920
8649.000000 0.974420
8652.000000 0.971090
8655.000000 0.973360
8658.000000 0.971790
8661.000000 0.973450
8664.000000 0.971620
8667.000000 0.971480
8670.000000 0.974500
8673.000000 0.973380
8676.000000 0.974580
8679.000000 0.974920
8682.000000 0.975180
8685.000000 0.975540
8688.000000 0.975970
8691.000000 0.976950
8694.000000 0.975390
8697.000000 0.975630
8700.000000 0.970200
8703.000000 0.973560
8706.000000 0.973750
8709.000000 0.982550
8712.000000 0.979180
8715.000000 0.979680
8718.000000 0.978550
8721.000000 0.972280
8724.000000 0.971550
8727.000000 0.975050
8730.000000 0.974280
8733.000000 0.978870
8736.000000 0.973950
8739.000000 0.971610
8742.000000 0.976770
8745.000000 0.978460
8748.000000 0.974950
8751.000000 0.980690
8754.000000 0.976610
8757.000000 0.980340
8760.000000 0.974870
8763.000000 0.975140
8766.000000 0.983270
8769.000000 0.976610
8772.000000 0.974290
8775.000000 0.976610
8778.000000 0.975740
8781.000000 0.976170
8784.000000 0.974480
8787.000000 0.975820
8790.000000 0.977560
8793.000000 0.969520
8796.000000 0.970670
8799.000000 0.973400
8802.000000 0.972440
8805.000000 0.972320
8808.000000 0.972040
8811.000000 0.971950
8814.000000 0.970600
8817.000000 0.970130
8820.000000 0.969530
8823.000000 0.968560
8826.000000 0.968000
8829.000000 0.967210
8832.000000 0.966500
8835.000000 0.966550
8838.000000 0.965990
8841.000000 0.965100
8844.000000 0.965300
8847.000000 0.964560
8850.000000 0.964540
8853.000000 0.964070
8856.000000 0.963320
8859.000000 0.963950
8862.000000 0.963820
8865.000000 0.964330
8868.000000 0.963800
8871.000000 0.963740
8874.000000 0.964120
8877.000000 0.963520
8880.000000 0.964640
8883.000000 0.963130
8886.000000 0.962580
8889.000000 0.961830
8892.000000 0.962100
8895.000000 0.961830
8898.000000 0.960930
8901.000000 0.960740
8904.000000 0.960750
8907.000000 0.960640
8910.000000 0.960690
8913.000000 0.960870
8916.000000 0.960530
8919.000000 0.961270
8922.000000 0.962030
8925.000000 0.962290
8928.000000 0.962420
8931.000000 0.963200
8934.000000 0.963950
8937.000000 0.964310
8940.000000 0.964660
8943.000000 0.965770
8946.000000 0.965980
8949.000000 0.966120
8952.000000 0.967100
8955.000000 0.966890
8958.000000 0.966920
8961.000000 0.967200
8964.000000 0.966880
8967.000000 0.967870
8970.000000 0.968590
8973.000000 0.968380
8976.000000 0.968760
8979.000000 0.969190
8982.000000 0.969820
8985.000000 0.969450
8988.000000 0.970740
8991.000000 0.971310
8994.000000 0.971650
8997.000000 0.972840
9000.000000 0.973100
9003.000000 0.973550
9006.000000 0.974550
9009.000000 0.975250
9012.000000 0.975980
9015.000000 0.975760
9018.000000 0.976080
9021.000000 0.976460
9024.000000 0.976850
9027.000000 0.976360
9030.000000 0.975870
9033.000000 0.975680
9036.000000 0.976020
9039.000000 0.975240
9042.000000 0.975550
9045.000000 0.975440
9048.000000 0.974960
9051.000000 0.974960
9054.000000 0.974440
9057.000000 0.974540
9060.000000 0.973820
9063.000000 0.973370
9066.000000 0.974060
9069.000000 0.973360
9072.000000 0.973580
9075.000000 0.973500
9078.000000 0.972660
9081.000000 0.972190
9084.000000 0.972420
9087.000000 0.971330
9090.000000 0.971660
9093.000000 0.971400
9096.000000 0.970160
9099.000000 0.968610
9102.000000 0.968460
9105.000000 0.967510
9108.000000 0.966860
9111.000000 0.965660
9114.000000 0.964660
9117.000000 0.964910
9120.000000 0.963370
9123.000000 0.962090
9126.000000 0.962260
9129.000000 0.962060
9132.000000 0.960980
9135.000000 0.960200
9138.000000 0.959640
9141.000000 0.959710
9144.000000 0.960330
9147.000000 0.960000
9150.000000 0.959490
9153.000000 0.958780
9156.000000 0.958960
9159.000000 0.959370
9162.000000 0.958600
9165.000000 0.957200
9168.000000 0.957890
9171.000000 0.957600
9174.000000 0.956690
9177.000000 0.956540
9180.000000 0.956350
9183.000000 0.956290
9186.000000 0.956490
9189.000000 0.955500
9192.000000 0.956270
9195.000000 0.956150
9198.000000 0.956170
9201.000000 0.956280
9204.000000 0.956980
9207.000000 0.956360
9210.000000 0.957320
9213.000000 0.958250
9216.000000 0.959040
9219.000000 0.960160
9222.000000 0.959840
9225.000000 0.961350
9228.000000 0.961730
9231.000000 0.961720
9234.000000 0.962060
9237.000000 0.963130
9240.000000 0.963290
9243.000000 0.963350
9246.000000 0.963550
9249.000000 0.963680
9252.000000 0.963750
9255.000000 0.964730
9258.000000 0.965180
9261.000000 0.964360
9264.000000 0.966100
9267.000000 0.965110
9270.000000 0.965710
9273.000000 0.966080
9276.000000 0.966490
9279.000000 0.966960
9282.000000 0.967660
9285.000000 0.967810
9288.000000 0.968500
9291.000000 0.969160
9294.000000 0.970240
9297.000000 0.970300
9300.000000 0.970410
9303.000000 0.970230
9306.000000 0.970480
9309.000000 0.969610
9312.000000 0.969770
9315.000000 0.970120
9318.000000 0.969580
9321.000000 0.968630
9324.000000 0.969070
9327.000000 0.968100
9330.000000 0.968300
9333.000000 0.968190
9336.000000 0.967410
9339.000000 0.967220
9342.000000 0.966520
9345.000000 0.966190
9348.000000 0.966300
9351.000000 0.965930
9354.000000 0.966080
9357.000000 0.966280
9360.000000 0.965850
9363.000000 0.965550
9366.000000 0.965730
9369.000000 0.964760
9372.000000 0.963910
9375.000000 0.964170
9378.000000 0.963480
9381.000000 0.962140
9384.000000 0.962400
9387.000000 0.961830
9390.000000 0.961080
9393.000000 0.960620
9396.000000 0.959700
9399.000000 0.959400
9402.000000 0.959380
9405.000000 0.958330
9408.000000 0.957600
9411.000000 0.958070
9414.000000 0.957950
9417.000000 0.957630
9420.000000 0.958330
9423.000000 0.957470
9426.000000 0.957370
9429.000000 0.958460
9432.000000 0.958050
9435.000000 0.958220
9438.000000 0.958190
9441.000000 0.957630
9444.000000 0.957570
9447.000000 0.957640
9450.000000 0.957950
9453.000000 0.958020
9456.000000 0.957660
9459.000000 0.956960
9462.000000 0.957040
9465.000000 0.957150
9468.000000 0.957020
9471.000000 0.956110
9474.000000 0.956290
9477.000000 0.956290
9480.000000 0.956720
9483.000000 0.956570
9486.000000 0.956940
9489.000000 0.957080
9492.000000 0.957550
9495.000000 0.957790
9498.000000 0.957740
9501.000000 0.957360
9504.000000 0.958690
9507.000000 0.958980
9510.000000 0.958630
9513.000000 0.959340
9516.000000 0.958500
9519.000000 0.958860
9522.000000 0.959130
9525.000000 0.958030
9528.000000 0.957540
9531.000000 0.958510
9534.000000 0.957900
9537.000000 0.957990
9540.000000 0.957660
9543.000000 0.957570
9546.000000 0.957380
9549.000000 0.956450
9552.000000 0.956260
9555.000000 0.956430
9558.000000 0.956200
9561.000000 0.956170
9564.000000 0.956270
9567.000000 0.956590
9570.000000 0.955830
9573.000000 0.955470
9576.000000 0.955320
9579.000000 0.954490
9582.000000 0.953700
9585.000000 0.953240
9588.000000 0.953170
9591.000000 0.952600
9594.000000 0.950890
9597.000000 0.949270
9600.000000 0.948260
9603.000000 0.947870
9606.000000 0.946040
9609.000000 0.944830
9612.000000 0.942970
9615.000000 0.942380
9618.000000 0.940280
9621.000000 0.938400
9624.000000 0.937880
9627.000000 0.935920
9630.000000 0.934930
9633.000000 0.933900
9636.000000 0.931470
9639.000000 0.929060
9642.000000 0.928670
9645.000000 0.926940
9648.000000 0.925930
9651.000000 0.923840
9654.000000 0.922570
9657.000000 0.921010
9660.000000 0.920570
9663.000000 0.919230
9666.000000 0.917820
9669.000000 0.917180
9672.000000 0.916400
9675.000000 0.916550
9678.000000 0.916760
9681.000000 0.916730
9684.000000 0.917080
9687.000000 0.918410
9690.000000 0.920880
9693.000000 0.921590
9696.000000 0.923880
9699.000000 0.926830
9702.000000 0.929600
9705.000000 0.933590
9708.000000 0.936990
9711.000000 0.940420
9714.000000 0.944380
9717.000000 0.947950
9720.000000 0.951120
9723.000000 0.953450
9726.000000 0.955420
9729.000000 0.956300
9732.000000 0.955290
9735.000000 0.952370
9738.000000 0.947660
9741.000000 0.940760
9744.000000 0.930550
9747.000000 0.914870
9750.000000 0.895780
9753.000000 0.876020
9756.000000 0.845300
9759.000000 0.815830
9762.000000 0.786430
9765.000000 0.741190
9768.000000 0.696140
9771.000000 0.659590
9774.000000 0.609700
9777.000000 0.559380
9780.000000 0.517580
9783.000000 0.472110
9786.000000 0.422290
9789.000000 0.380900
9792.000000 0.348140
9795.000000 0.306060
9798.000000 0.273630
9801.000000 0.247860
9804.000000 0.215800
9807.000000 0.190900
9810.000000 0.172180
9813.000000 0.150780
9816.000000 0.132440
9819.000000 0.118490
9822.000000 0.105300
9825.000000 0.092270
9828.000000 0.082700
9831.000000 0.074860
9834.000000 0.065560
9837.000000 0.057860
9840.000000 0.052870
9843.000000 0.047100
9846.000000 0.042120
9849.000000 0.038420
9852.000000 0.034660
9855.000000 0.030360
9858.000000 0.027690
9861.000000 0.026000
9864.000000 0.022490
9867.000000 0.020980
9870.000000 0.019040
9873.000000 0.017410
9876.000000 0.015860
9879.000000 0.015180
9882.000000 0.013420
9885.000000 0.012880
9888.000000 0.011730
9891.000000 0.010880
9894.000000 0.010200
9897.000000 0.009280
9900.000000 0.008480
9903.000000 0.007930
9906.000000 0.007330
9909.000000 0.007450
9912.000000 0.006780
9915.000000 0.006520
9918.000000 0.006140
9921.000000 0.006170
9924.000000 0.005580
9927.000000 0.005670
9930.000000 0.005430
9933.000000 0.004550
9936.000000 0.004330
9939.000000 0.004480
9942.000000 0.004670
9945.000000 0.004250
9948.000000 0.003890
9951.000000 0.003680
9954.000000 0.003380
9957.000000 0.003400
9960.000000 0.004070
9963.000000 0.003110
9966.000000 0.003420
9969.000000 0.003630
9972.000000 0.002750
9975.000000 0.003510
9978.000000 0.003080
9981.000000 0.003190
9984.000000 0.002500
9987.000000 0.003130
9990.000000 0.003430
9993.000000 0.003440
9996.000000 0.002500
9999.000000 0.002050
10002.000000 0.002360
10005.000000 0.002810
10008.000000 0.002720
10011.000000 0.002910
10014.000000 0.002880
10017.000000 0.002630
10020.000000 0.003170
10023.000000 0.002980
10026.000000 0.002750
10029.000000 0.002430
10032.000000 0.002620
10035.000000 0.002700
10038.000000 0.002650
10041.000000 0.002660
10044.000000 0.002110
10047.000000 0.002540
10050.000000 0.002600
10053.000000 0.002420
10056.000000 0.002740
10059.000000 0.003100
10062.000000 0.002270
10065.000000 0.002870
10068.000000 0.002220
10071.000000 0.002350
10074.000000 0.002540
10077.000000 0.002670
10080.000000 0.002690
10083.000000 0.002480
10086.000000 0.002650
10089.000000 0.002210
10092.000000 0.002540
10095.000000 0.002830
10098.000000 0.002100
10101.000000 0.002510
10104.000000 0.001990
10107.000000 0.002810
10110.000000 0.002380
10113.000000 0.002230
10116.000000 0.002110
10119.000000 0.002890
10122.000000 0.002080
10125.000000 0.001980
10128.000000 0.002310
10131.000000 0.002920
10134.000000 0.002640
10137.000000 0.002210
10140.000000 0.002810
10143.000000 0.002220
10146.000000 0.002610
10149.000000 0.002630
10152.000000 0.002300
10155.000000 0.002440
10158.000000 0.002370
10161.000000 0.002180
10164.000000 0.002390
10167.000000 0.002720
10170.000000 0.002450
10173.000000 0.002450
10176.000000 0.001850
10179.000000 0.002410
10182.000000 0.002580
10185.000000 0.002490
10188.000000 0.002220
10191.000000 0.002140
10194.000000 0.002560
10197.000000 0.002240
10200.000000 0.002400
