8000.000000 0.000000
8010.000000 0.000029
8020.000000 0.000002
8030.000000 -0.000010
8040.000000 0.000015
8050.000000 0.000034
8060.000000 0.000053
8070.000000 0.000062
8080.000000 0.000219
8090.000000 0.000169
8100.000000 0.000007
8110.000000 0.000017
8120.000000 0.000037
8130.000000 0.000074
8140.000000 0.000016
8150.000000 0.000000
8160.000000 -0.000010
8170.000000 0.000008
8180.000000 0.000039
8190.000000 0.000000
8200.000000 0.000009
8210.000000 0.000013
8220.000000 0.000050
8230.000000 0.000053
8240.000000 -0.000010
8250.000000 0.000009
8260.000000 0.000004
8270.000000 0.000037
8280.000000 0.000054
8290.000000 -0.000020
8300.000000 0.000000
8310.000000 0.000000
8320.000000 0.000021
8330.000000 0.000039
8340.000000 -0.000010
8350.000000 0.000000
8360.000000 -0.000030
8370.000000 0.000035
8380.000000 0.000051
8390.000000 0.000003
8400.000000 0.000043
8410.000000 0.000030
8420.000000 0.000069
8430.000000 0.000051
8440.000000 -0.000010
8450.000000 0.000013
8460.000000 0.000000
8470.000000 0.000042
8480.000000 0.000048
8490.000000 0.000000
8500.000000 0.000031
8510.000000 0.000015
8520.000000 0.000060
8530.000000 0.000086
8540.000000 0.000064
8550.000000 0.000096
8560.000000 0.000088
8570.000000 0.000138
8580.000000 0.000194
8590.000000 0.000349
8600.000000 0.000891
8610.000000 0.000574
8620.000000 0.000245
8630.000000 -0.000110
8640.000000 -0.000220
8650.000000 0.000072
8660.000000 0.000125
8670.000000 0.000163
8680.000000 0.000297
8690.000000 0.000285
8700.000000 0.000501
8710.000000 0.000448
8720.000000 0.000607
8730.000000 0.000293
8740.000000 0.000024
8750.000000 0.000123
8760.000000 0.000258
8770.000000 0.000396
8780.000000 0.000195
8790.000000 0.000519
8800.000000 0.000475
8810.000000 -0.000100
8820.000000 -0.000030
8830.000000 0.000226
8840.000000 0.000319
8850.000000 0.000078
8860.000000 0.000499
8870.000000 0.000455
8880.000000 -0.000180
8890.000000 -0.000060
8900.000000 0.000195
8910.000000 0.000262
8920.000000 0.000170
8930.000000 0.000489
8940.000000 0.000503
8950.000000 0.000064
8960.000000 0.000147
8970.000000 0.000075
8980.000000 0.000294
8990.000000 0.000502
9000.000000 0.000695
9010.000000 0.000398
9020.000000 0.000048
9030.000000 0.000328
9040.000000 0.000428
9050.000000 0.000585
9060.000000 0.000359
9070.000000 0.000381
9080.000000 0.000380
9090.000000 0.000218
9100.000000 0.000348
9110.000000 0.000350
9120.000000 0.000494
9130.000000 0.000418
9140.000000 0.000573
9150.000000 0.000386
9160.000000 0.000572
9170.000000 0.000465
9180.000000 0.000571
9190.000000 0.000580
9200.000000 0.000386
9210.000000 0.000639
9220.000000 0.001060
9230.000000 0.001284
9240.000000 0.000945
9250.000000 0.000875
9260.000000 0.001018
9270.000000 0.001263
9280.000000 0.001158
9290.000000 0.001406
9300.000000 0.001520
9310.000000 0.001645
9320.000000 0.001884
9330.000000 0.002381
9340.000000 0.002612
9350.000000 0.002938
9360.000000 0.003207
9370.000000 0.004142
9380.000000 0.004854
9390.000000 0.005626
9400.000000 0.006387
9410.000000 0.007664
9420.000000 0.009122
9430.000000 0.010335
9440.000000 0.011136
9450.000000 0.012530
9460.000000 0.014317
9470.000000 0.016202
9480.000000 0.017643
9490.000000 0.019185
9500.000000 0.021292
9510.000000 0.024228
9520.000000 0.027443
9530.000000 0.031566
9540.000000 0.037184
9550.000000 0.044190
9560.000000 0.053891
9570.000000 0.065934
9580.000000 0.083495
9590.000000 0.106680
9600.000000 0.133720
9610.000000 0.170360
9620.000000 0.217340
9630.000000 0.271740
9640.000000 0.340750
9650.000000 0.411400
9660.000000 0.487510
9670.000000 0.568080
9680.000000 0.643390
9690.000000 0.717380
9700.000000 0.776030
9710.000000 0.823230
9720.000000 0.861420
9730.000000 0.886880
9740.000000 0.905700
9750.000000 0.916260
9760.000000 0.922660
9770.000000 0.926440
9780.000000 0.928070
9790.000000 0.926900
9800.000000 0.925070
9810.000000 0.923850
9820.000000 0.921230
9830.000000 0.917410
9840.000000 0.914490
9850.000000 0.914060
9860.000000 0.915020
9870.000000 0.916460
9880.000000 0.917490
9890.000000 0.919160
9900.000000 0.922670
9910.000000 0.924670
9920.000000 0.926580
9930.000000 0.928330
9940.000000 0.928160
9950.000000 0.929200
9960.000000 0.930490
9970.000000 0.929930
9980.000000 0.930700
9990.000000 0.932230
10000.000000 0.932420
10010.000000 0.933010
10020.000000 0.933690
10030.000000 0.932540
10040.000000 0.931650
10050.000000 0.931670
10060.000000 0.930120
10070.000000 0.928920
10080.000000 0.928980
10090.000000 0.928390
10100.000000 0.928280
10110.000000 0.929470
10120.000000 0.929210
10130.000000 0.928280
10140.000000 0.928010
10150.000000 0.926400
10160.000000 0.922700
10170.000000 0.918970
10180.000000 0.915360
10190.000000 0.910890
10200.000000 0.907500
10210.000000 0.906540
10220.000000 0.907460
10230.000000 0.907620
10240.000000 0.911270
10250.000000 0.917060
10260.000000 0.920750
10270.000000 0.924100
10280.000000 0.928910
10290.000000 0.932320
10300.000000 0.932010
10310.000000 0.931070
10320.000000 0.930070
10330.000000 0.928700
10340.000000 0.925660
10350.000000 0.924070
10360.000000 0.924790
10370.000000 0.926280
10380.000000 0.927630
10390.000000 0.930100
10400.000000 0.933110
10410.000000 0.937700
10420.000000 0.941030
10430.000000 0.942110
10440.000000 0.941880
10450.000000 0.941090
10460.000000 0.940580
10470.000000 0.939010
10480.000000 0.935540
10490.000000 0.934220
10500.000000 0.933950
10510.000000 0.933150
10520.000000 0.935670
10530.000000 0.937970
10540.000000 0.939790
10550.000000 0.941890
10560.000000 0.943500
10570.000000 0.944160
10580.000000 0.943630
10590.000000 0.939720
10600.000000 0.935150
10610.000000 0.927240
10620.000000 0.917040
10630.000000 0.902950
10640.000000 0.884540
10650.000000 0.862320
10660.000000 0.827130
10670.000000 0.785700
10680.000000 0.737300
10690.000000 0.685110
10700.000000 0.621110
10710.000000 0.557550
10720.000000 0.494570
10730.000000 0.440160
10740.000000 0.384600
10750.000000 0.337240
10760.000000 0.296440
10770.000000 0.261390
10780.000000 0.233850
10790.000000 0.207320
10800.000000 0.185900
10810.000000 0.166280
10820.000000 0.149810
10830.000000 0.134180
10840.000000 0.120430
10850.000000 0.108690
10860.000000 0.095565
10870.000000 0.084120
10880.000000 0.073292
10890.000000 0.063288
10900.000000 0.054703
10910.000000 0.047008
10920.000000 0.040662
10930.000000 0.034537
10940.000000 0.029647
10950.000000 0.025463
10960.000000 0.022143
10970.000000 0.019133
10980.000000 0.016923
10990.000000 0.014728
11000.000000 0.013359
11010.000000 0.012178
11020.000000 0.011204
11030.000000 0.010503
11040.000000 0.009997
11050.000000 0.009561
11060.000000 0.009229
11070.000000 0.008794
11080.000000 0.008320
11090.000000 0.008055
11100.000000 0.007489
11110.000000 0.007254
11120.000000 0.006844
11130.000000 0.006249
11140.000000 0.005843
11150.000000 0.005310
11160.000000 0.004422
11170.000000 0.004002
11180.000000 0.003515
11190.000000 0.002972
11200.000000 0.002537
11210.000000 0.002047
11220.000000 0.001647
11230.000000 0.001594
11240.000000 0.001706
11250.000000 0.001682
11260.000000 0.001357
11270.000000 0.001032
11280.000000 0.000991
11290.000000 0.000878
11300.000000 0.000774
11310.000000 0.000784
11320.000000 0.000644
11330.000000 0.000721
11340.000000 0.000727
11350.000000 0.000539
11360.000000 0.000453
11370.000000 0.000731
11380.000000 0.000775
11390.000000 0.000865
11400.000000 0.000888
11410.000000 0.000925
11420.000000 0.001009
11430.000000 0.000904
11440.000000 0.001023
11450.000000 0.001183
11460.000000 0.001080
11470.000000 0.000975
11480.000000 0.000952
11490.000000 0.000753
11500.000000 0.000700
11510.000000 0.000660
11520.000000 0.000502
11530.000000 0.000374
11540.000000 0.000226
11550.000000 0.000059
11560.000000 0.000239
11570.000000 0.000506
11580.000000 0.000721
11590.000000 0.000619
11600.000000 0.000459
11610.000000 0.000534
11620.000000 0.000612
11630.000000 0.000523
11640.000000 0.000439
11650.000000 0.000243
11660.000000 0.000141
11670.000000 0.000248
11680.000000 0.000195
11690.000000 0.000146
11700.000000 0.000214
11710.000000 0.000016
11720.000000 -0.000100
11730.000000 0.000024
11740.000000 0.000015
11750.000000 -0.000030
11760.000000 -0.000030
11770.000000 -0.000270
11780.000000 -0.000370
11790.000000 -0.000280
11800.000000 -0.000350
11810.000000 -0.000390
11820.000000 -0.000410
11830.000000 -0.000630
11840.000000 -0.000610
11850.000000 -0.000490
11860.000000 -0.000580
11870.000000 -0.000490
11880.000000 -0.000590
11890.000000 -0.000840
11900.000000 0.000001
11910.000000 0.000477
11920.000000 0.000212
11930.000000 0.000241
11940.000000 0.000370
11950.000000 0.000275
11960.000000 0.000225
11970.000000 0.000263
11980.000000 -0.000020
11990.000000 0.000034
12000.000000 0.000117
12010.000000 0.000047
12020.000000 0.000060
12030.000000 -0.000030
12040.000000 -0.000220
12050.000000 -0.000230
12060.000000 -0.000210
12070.000000 -0.000380
12080.000000 -0.000150
12090.000000 -0.000080
12100.000000 0.000354
12110.000000 0.000581
12120.000000 0.000526
12130.000000 0.000599
12140.000000 0.000587
12150.000000 0.000377
12160.000000 0.000393
12170.000000 0.000503
12180.000000 0.000382
12190.000000 0.000564
12200.000000 0.000421
12210.000000 0.000390
12220.000000 0.000535
12230.000000 0.000653
12240.000000 0.000422
12250.000000 0.000569
12260.000000 0.000420
12270.000000 0.000353
12280.000000 0.000454
12290.000000 0.000484
12300.000000 0.000267
12310.000000 0.000419
12320.000000 0.000122
12330.000000 0.000260
12340.000000 0.000379
12350.000000 0.000400
12360.000000 0.000256
12370.000000 0.000331
12380.000000 0.000000
12390.000000 0.000164
12400.000000 0.000309
12410.000000 0.000174
12420.000000 0.000024
12430.000000 0.000175
12440.000000 -0.000100
12450.000000 0.000127
12460.000000 0.000228
12470.000000 0.000182
12480.000000 0.000520
12490.000000 0.000365
12500.000000 0.000176
