10000.000000 0.000154
10010.000000 -0.000070
10020.000000 -0.000480
10030.000000 -0.000010
10040.000000 0.000057
10050.000000 0.000057
10060.000000 0.000035
10070.000000 0.000098
10080.000000 0.000072
10090.000000 0.000023
10100.000000 0.000116
10110.000000 0.000106
10120.000000 0.000126
10130.000000 -0.000160
10140.000000 -0.000550
10150.000000 0.000000
10160.000000 0.000314
10170.000000 0.000635
10180.000000 0.000191
10190.000000 -0.000050
10200.000000 -0.000380
10210.000000 0.000064
10220.000000 0.000132
10230.000000 0.000096
10240.000000 0.000098
10250.000000 0.000096
10260.000000 -0.000220
10270.000000 -0.000550
10280.000000 -0.000130
10290.000000 -0.000090
10300.000000 0.000286
10310.000000 0.000595
10320.000000 0.000135
10330.000000 0.000097
10340.000000 -0.000200
10350.000000 -0.000420
10360.000000 0.000000
10370.000000 0.000009
10380.000000 0.000000
10390.000000 0.000012
10400.000000 0.000014
10410.000000 0.000000
10420.000000 0.000017
10430.000000 0.000006
10440.000000 0.000014
10450.000000 0.000000
10460.000000 -0.000040
10470.000000 0.000005
10480.000000 0.000052
10490.000000 0.000025
10500.000000 0.000003
10510.000000 0.000063
10520.000000 0.000129
10530.000000 0.000077
10540.000000 -0.000010
10550.000000 0.000000
10560.000000 0.000039
10570.000000 0.000033
10580.000000 -0.000010
10590.000000 0.000003
10600.000000 0.000070
10610.000000 0.000038
10620.000000 -0.000010
10630.000000 -0.000020
10640.000000 -0.000050
10650.000000 -0.000040
10660.000000 0.000018
10670.000000 0.000041
10680.000000 0.000029
10690.000000 0.000029
10700.000000 0.000015
10710.000000 0.000000
10720.000000 -0.000030
10730.000000 -0.000060
10740.000000 0.000000
10750.000000 0.000059
10760.000000 0.000023
10770.000000 0.000010
10780.000000 0.000000
10790.000000 0.000010
10800.000000 0.000061
10810.000000 0.000135
10820.000000 0.000090
10830.000000 0.000124
10840.000000 0.000174
10850.000000 0.000147
10860.000000 0.000096
10870.000000 -0.000320
10880.000000 -0.000120
10890.000000 0.000114
10900.000000 0.000066
10910.000000 0.000122
10920.000000 0.000168
10930.000000 0.000293
10940.000000 0.000213
10950.000000 -0.000360
10960.000000 -0.000130
10970.000000 0.000122
10980.000000 0.000069
10990.000000 0.000089
11000.000000 0.000091
11010.000000 0.000076
11020.000000 0.000142
11030.000000 0.000193
11040.000000 0.000099
11050.000000 -0.000360
11060.000000 -0.000040
11070.000000 0.000099
11080.000000 0.000060
11090.000000 0.000078
11100.000000 0.000087
11110.000000 0.000021
11120.000000 0.000125
11130.000000 0.000174
11140.000000 0.000089
11150.000000 0.000188
11160.000000 0.000089
11170.000000 0.000191
11180.000000 0.000193
11190.000000 0.000274
11200.000000 0.000369
11210.000000 0.000460
11220.000000 0.000405
11230.000000 -0.000120
11240.000000 0.000428
11250.000000 0.000657
11260.000000 0.000796
11270.000000 0.000994
11280.000000 0.001193
11290.000000 0.001372
11300.000000 0.001584
11310.000000 0.001840
11320.000000 0.001897
11330.000000 0.002080
11340.000000 0.002216
11350.000000 0.002326
11360.000000 0.002460
11370.000000 0.002494
11380.000000 0.002661
11390.000000 0.002903
11400.000000 0.002949
11410.000000 0.003202
11420.000000 0.003555
11430.000000 0.003876
11440.000000 0.004284
11450.000000 0.004995
11460.000000 0.005658
11470.000000 0.006526
11480.000000 0.007774
11490.000000 0.009266
11500.000000 0.011185
11510.000000 0.013606
11520.000000 0.016934
11530.000000 0.021090
11540.000000 0.026664
11550.000000 0.033787
11560.000000 0.043133
11570.000000 0.054874
11580.000000 0.070039
11590.000000 0.088278
11600.000000 0.110100
11610.000000 0.135950
11620.000000 0.163000
11630.000000 0.192170
11640.000000 0.221320
11650.000000 0.249010
11660.000000 0.276570
11670.000000 0.304420
11680.000000 0.330900
11690.000000 0.358890
11700.000000 0.388530
11710.000000 0.420960
11720.000000 0.456540
11730.000000 0.498200
11740.000000 0.541170
11750.000000 0.587970
11760.000000 0.634710
11770.000000 0.682020
11780.000000 0.726010
11790.000000 0.765110
11800.000000 0.797710
11810.000000 0.823230
11820.000000 0.840700
11830.000000 0.851780
11840.000000 0.857410
11850.000000 0.858750
11860.000000 0.857870
11870.000000 0.855560
11880.000000 0.853000
11890.000000 0.850760
11900.000000 0.848990
11910.000000 0.848130
11920.000000 0.847860
11930.000000 0.848220
11940.000000 0.849070
11950.000000 0.849880
11960.000000 0.850390
11970.000000 0.850650
11980.000000 0.850550
11990.000000 0.850100
12000.000000 0.849080
12010.000000 0.847870
12020.000000 0.846400
12030.000000 0.844550
12040.000000 0.842940
12050.000000 0.841250
12060.000000 0.839820
12070.000000 0.838540
12080.000000 0.837310
12090.000000 0.836760
12100.000000 0.836590
12110.000000 0.836840
12120.000000 0.837420
12130.000000 0.838450
12140.000000 0.839630
12150.000000 0.841100
12160.000000 0.842790
12170.000000 0.844740
12180.000000 0.846810
12190.000000 0.848860
12200.000000 0.850940
12210.000000 0.853190
12220.000000 0.855690
12230.000000 0.857800
12240.000000 0.859910
12250.000000 0.861880
12260.000000 0.863800
12270.000000 0.865590
12280.000000 0.867120
12290.000000 0.868590
12300.000000 0.869870
12310.000000 0.870910
12320.000000 0.871750
12330.000000 0.872510
12340.000000 0.873210
12350.000000 0.873740
12360.000000 0.874220
12370.000000 0.874770
12380.000000 0.875080
12390.000000 0.875340
12400.000000 0.875960
12410.000000 0.876660
12420.000000 0.877370
12430.000000 0.878300
12440.000000 0.879330
12450.000000 0.880620
12460.000000 0.881980
12470.000000 0.883390
12480.000000 0.884820
12490.000000 0.886210
12500.000000 0.887720
12510.000000 0.889070
12520.000000 0.890530
12530.000000 0.891870
12540.000000 0.892920
12550.000000 0.893860
12560.000000 0.894590
12570.000000 0.895260
12580.000000 0.895660
12590.000000 0.895870
12600.000000 0.896000
12610.000000 0.896030
12620.000000 0.896020
12630.000000 0.895900
12640.000000 0.895660
12650.000000 0.895600
12660.000000 0.895400
12670.000000 0.895230
12680.000000 0.895170
12690.000000 0.895090
12700.000000 0.894900
12710.000000 0.894950
12720.000000 0.895060
12730.000000 0.895050
12740.000000 0.895030
12750.000000 0.895270
12760.000000 0.895310
12770.000000 0.895420
12780.000000 0.895600
12790.000000 0.896010
12800.000000 0.896420
12810.000000 0.896560
12820.000000 0.896750
12830.000000 0.897140
12840.000000 0.897250
12850.000000 0.897670
12860.000000 0.898070
12870.000000 0.898440
12880.000000 0.898760
12890.000000 0.898940
12900.000000 0.899250
12910.000000 0.899560
12920.000000 0.899970
12930.000000 0.900450
12940.000000 0.900730
12950.000000 0.901390
12960.000000 0.902030
12970.000000 0.902830
12980.000000 0.903830
12990.000000 0.904670
13000.000000 0.905620
13010.000000 0.906930
13020.000000 0.908410
13030.000000 0.910250
13040.000000 0.911830
13050.000000 0.913620
13060.000000 0.915380
13070.000000 0.917050
13080.000000 0.918790
13090.000000 0.920360
13100.000000 0.921330
13110.000000 0.922140
13120.000000 0.922650
13130.000000 0.922580
13140.000000 0.922200
13150.000000 0.920840
13160.000000 0.918750
13170.000000 0.915500
13180.000000 0.910650
13190.000000 0.904190
13200.000000 0.894200
13210.000000 0.880840
13220.000000 0.862280
13230.000000 0.838360
13240.000000 0.807960
13250.000000 0.771320
13260.000000 0.724570
13270.000000 0.673930
13280.000000 0.615600
13290.000000 0.554150
13300.000000 0.491230
13310.000000 0.429490
13320.000000 0.370580
13330.000000 0.317590
13340.000000 0.268640
13350.000000 0.227460
13360.000000 0.190750
13370.000000 0.160410
13380.000000 0.133160
13390.000000 0.111830
13400.000000 0.093972
13410.000000 0.080104
13420.000000 0.068149
13430.000000 0.058113
13440.000000 0.050079
13450.000000 0.043207
13460.000000 0.037538
13470.000000 0.032760
13480.000000 0.028684
13490.000000 0.025335
13500.000000 0.022598
13510.000000 0.020016
13520.000000 0.017885
13530.000000 0.016026
13540.000000 0.014500
13550.000000 0.012957
13560.000000 0.011748
13570.000000 0.010634
13580.000000 0.009593
13590.000000 0.008716
13600.000000 0.008010
13610.000000 0.007319
13620.000000 0.006582
13630.000000 0.005719
13640.000000 0.004750
13650.000000 0.004729
13660.000000 0.004261
13670.000000 0.003950
13680.000000 0.003512
13690.000000 0.003076
13700.000000 0.002558
13710.000000 0.001944
13720.000000 0.002120
13730.000000 0.001906
13740.000000 0.001740
13750.000000 0.001650
13760.000000 0.001459
13770.000000 0.001111
13780.000000 0.000563
13790.000000 0.000498
13800.000000 0.000868
13810.000000 0.001118
13820.000000 0.001344
13830.000000 0.000447
13840.000000 -0.000150
13850.000000 0.000011
13860.000000 0.000393
13870.000000 0.000327
13880.000000 0.000327
13890.000000 0.000329
13900.000000 0.000286
13910.000000 0.000271
13920.000000 0.000316
13930.000000 0.000271
13940.000000 0.000287
13950.000000 0.000322
13960.000000 0.000390
13970.000000 0.000486
13980.000000 0.000616
13990.000000 0.000747
14000.000000 0.000372
14010.000000 -0.000120
14020.000000 -0.000160
14030.000000 -0.000260
14040.000000 -0.000460
14050.000000 -0.000530
14060.000000 -0.000240
14070.000000 0.000085
14080.000000 0.000145
14090.000000 0.000184
14100.000000 0.000197
14110.000000 0.000152
14120.000000 0.000196
14130.000000 0.000263
14140.000000 0.000331
14150.000000 0.000467
14160.000000 0.000489
14170.000000 0.000092
14180.000000 -0.000370
14190.000000 -0.000570
14200.000000 -0.000600
14210.000000 -0.000210
14220.000000 0.000082
14230.000000 0.000026
14240.000000 0.000041
14250.000000 0.000084
14260.000000 0.000075
14270.000000 0.000103
14280.000000 0.000058
14290.000000 0.000016
14300.000000 0.000066
14310.000000 0.000085
14320.000000 0.000078
14330.000000 0.000163
14340.000000 0.000147
14350.000000 0.000157
14360.000000 0.000293
14370.000000 0.000294
14380.000000 0.000364
14390.000000 0.000455
14400.000000 0.000573
14410.000000 0.000644
14420.000000 0.000164
14430.000000 -0.000090
14440.000000 -0.000140
14450.000000 -0.000340
14460.000000 -0.000420
14470.000000 -0.000620
14480.000000 -0.000620
14490.000000 -0.000130
14500.000000 0.000031
14510.000000 0.000021
14520.000000 0.000034
14530.000000 0.000061
14540.000000 0.000089
14550.000000 0.000057
14560.000000 0.000108
14570.000000 0.000212
14580.000000 0.000209
14590.000000 0.000257
14600.000000 0.000400
14610.000000 0.000351
14620.000000 -0.000280
14630.000000 -0.000600
14640.000000 -0.000630
14650.000000 -0.000050
14660.000000 0.000049
14670.000000 0.000035
14680.000000 0.000133
14690.000000 0.000119
14700.000000 0.000126
14710.000000 0.000276
14720.000000 0.000295
14730.000000 0.000477
14740.000000 0.000458
14750.000000 -0.000210
14760.000000 -0.000380
14770.000000 -0.000710
14780.000000 -0.000640
14790.000000 0.000139
14800.000000 0.000003
14810.000000 0.000108
14820.000000 0.000104
14830.000000 0.000200
14840.000000 0.000244
14850.000000 0.000288
14860.000000 0.000506
14870.000000 0.000571
14880.000000 -0.000240
14890.000000 -0.000340
14900.000000 -0.000490
14910.000000 -0.000620
14920.000000 -0.000650
14930.000000 -0.000040
14940.000000 0.000017
14950.000000 0.000051
14960.000000 -0.000040
14970.000000 -0.000080
14980.000000 -0.000040
14990.000000 0.000000
15000.000000 -0.000060
