4525.000000 0.004700
4530.000000 0.005550
4535.000000 0.006650
4540.000000 0.007850
4545.000000 0.009450
4550.000000 0.011300
4555.000000 0.013750
4560.000000 0.016600
4565.000000 0.020400
4570.000000 0.025000
4575.000000 0.030900
4580.000000 0.038450
4585.000000 0.048150
4590.000000 0.060650
4595.000000 0.076850
4600.000000 0.097750
4605.000000 0.124250
4610.000000 0.157700
4615.000000 0.198450
4620.000000 0.248700
4625.000000 0.307650
4630.000000 0.372400
4635.000000 0.439500
4640.000000 0.503050
4645.000000 0.558600
4650.000000 0.601800
4655.000000 0.630200
4660.000000 0.648000
4665.000000 0.658350
4670.000000 0.662950
4675.000000 0.666250
4680.000000 0.667700
4685.000000 0.670450
4690.000000 0.673800
4695.000000 0.679050
4700.000000 0.685150
4705.000000 0.690900
4710.000000 0.697400
4715.000000 0.702600
4720.000000 0.708350
4725.000000 0.713350
4730.000000 0.715450
4735.000000 0.716800
4740.000000 0.715700
4745.000000 0.714100
4750.000000 0.710700
4755.000000 0.707550
4760.000000 0.704650
4765.000000 0.700450
4770.000000 0.696600
4775.000000 0.690800
4780.000000 0.681900
4785.000000 0.670950
4790.000000 0.653300
4795.000000 0.628650
4800.000000 0.593300
4805.000000 0.550900
4810.000000 0.499750
4815.000000 0.442900
4820.000000 0.385600
4825.000000 0.327900
4830.000000 0.275200
4835.000000 0.228300
4840.000000 0.188350
4845.000000 0.154650
4850.000000 0.126550
4855.000000 0.104400
4860.000000 0.085950
4865.000000 0.071200
4870.000000 0.058950
4875.000000 0.049300
4880.000000 0.041350
4885.000000 0.034900
4890.000000 0.029550
4895.000000 0.025150
4900.000000 0.021400
4905.000000 0.018500
4910.000000 0.016050
4915.000000 0.013900
4920.000000 0.012200
4925.000000 0.010650
4930.000000 0.009450
4935.000000 0.008250
4940.000000 0.007350
4945.000000 0.006500
4950.000000 0.005850
4955.000000 0.005250
4960.000000 0.004700
4965.000000 0.004250
