3662.00 0.0007
3663.00 0.0011
3664.00 0.0011
3665.00 0.0009
3666.00 0.0010
3667.00 0.0009
3668.00 0.0014
3669.00 0.0013
3670.00 0.0010
3671.00 0.0013
3672.00 0.0017
3673.00 0.0017
3674.00 0.0019
3675.00 0.0018
3676.00 0.0018
3677.00 0.0020
3678.00 0.0019
3679.00 0.0023
3680.00 0.0025
3681.00 0.0026
3682.00 0.0028
3683.00 0.0027
3684.00 0.0029
3685.00 0.0031
3686.00 0.0033
3687.00 0.0031
3688.00 0.0039
3689.00 0.0041
3690.00 0.0042
3691.00 0.0047
3692.00 0.0047
3693.00 0.0055
3694.00 0.0057
3695.00 0.0059
3696.00 0.0057
3697.00 0.0070
3698.00 0.0073
3699.00 0.0075
3700.00 0.0086
3701.00 0.0086
3702.00 0.0091
3703.00 0.0102
3704.00 0.0107
3705.00 0.0112
3706.00 0.0121
3707.00 0.0123
3708.00 0.0138
3709.00 0.0154
3710.00 0.0166
3711.00 0.0175
3712.00 0.0182
3713.00 0.0198
3714.00 0.0205
3715.00 0.0232
3716.00 0.0248
3717.00 0.0268
3718.00 0.0287
3719.00 0.0299
3720.00 0.0320
3721.00 0.0345
3722.00 0.0366
3723.00 0.0390
3724.00 0.0413
3725.00 0.0444
3726.00 0.0481
3727.00 0.0523
3728.00 0.0552
3729.00 0.0611
3730.00 0.0631
3731.00 0.0679
3732.00 0.0747
3733.00 0.0795
3734.00 0.0845
3735.00 0.0894
3736.00 0.0949
3737.00 0.1016
3738.00 0.1082
3739.00 0.1145
3740.00 0.1205
3741.00 0.1289
3742.00 0.1378
3743.00 0.1487
3744.00 0.1559
3745.00 0.1629
3746.00 0.1727
3747.00 0.1807
3748.00 0.1904
3749.00 0.1983
3750.00 0.2058
3751.00 0.2165
3752.00 0.2261
3753.00 0.2336
3754.00 0.2448
3755.00 0.2511
3756.00 0.2606
3757.00 0.2658
3758.00 0.2757
3759.00 0.2853
3760.00 0.2880
3761.00 0.3001
3762.00 0.2964
3763.00 0.3106
3764.00 0.3156
3765.00 0.3198
3766.00 0.3236
3767.00 0.3282
3768.00 0.3316
3769.00 0.3347
3770.00 0.3405
3771.00 0.3433
3772.00 0.3461
3773.00 0.3496
3774.00 0.3551
3775.00 0.3592
3776.00 0.3563
3777.00 0.3568
3778.00 0.3592
3779.00 0.3621
3780.00 0.3612
3781.00 0.3623
3782.00 0.3709
3783.00 0.3685
3784.00 0.3730
3785.00 0.3740
3786.00 0.3754
3787.00 0.3784
3788.00 0.3771
3789.00 0.3789
3790.00 0.3778
3791.00 0.3864
3792.00 0.3866
3793.00 0.3922
3794.00 0.3890
3795.00 0.3880
3796.00 0.3969
3797.00 0.3984
3798.00 0.3999
3799.00 0.3968
3800.00 0.3996
3801.00 0.4061
3802.00 0.4080
3803.00 0.4048
3804.00 0.4080
3805.00 0.4106
3806.00 0.4169
3807.00 0.4154
3808.00 0.4211
3809.00 0.4190
3810.00 0.4230
3811.00 0.4289
3812.00 0.4320
3813.00 0.4265
3814.00 0.4322
3815.00 0.4391
3816.00 0.4409
3817.00 0.4403
3818.00 0.4434
3819.00 0.4471
3820.00 0.4477
3821.00 0.4546
3822.00 0.4517
3823.00 0.4603
3824.00 0.4667
3825.00 0.4632
3826.00 0.4695
3827.00 0.4667
3828.00 0.4746
3829.00 0.4727
3830.00 0.4775
3831.00 0.4756
3832.00 0.4842
3833.00 0.4832
3834.00 0.4883
3835.00 0.4948
3836.00 0.4956
3837.00 0.4980
3838.00 0.4998
3839.00 0.5019
3840.00 0.5053
3841.00 0.5034
3842.00 0.5069
3843.00 0.5186
3844.00 0.5138
3845.00 0.5154
3846.00 0.5209
3847.00 0.5204
3848.00 0.5237
3849.00 0.5211
3850.00 0.5239
3851.00 0.5308
3852.00 0.5296
3853.00 0.5345
3854.00 0.5258
3855.00 0.5369
3856.00 0.5363
3857.00 0.5345
3858.00 0.5410
3859.00 0.5404
3860.00 0.5450
3861.00 0.5388
3862.00 0.5445
3863.00 0.5471
3864.00 0.5417
3865.00 0.5515
3866.00 0.5518
3867.00 0.5471
3868.00 0.5489
3869.00 0.5493
3870.00 0.5559
3871.00 0.5520
3872.00 0.5541
3873.00 0.5584
3874.00 0.5568
3875.00 0.5540
3876.00 0.5543
3877.00 0.5566
3878.00 0.5567
3879.00 0.5530
3880.00 0.5575
3881.00 0.5636
3882.00 0.5550
3883.00 0.5597
3884.00 0.5595
3885.00 0.5638
3886.00 0.5631
3887.00 0.5580
3888.00 0.5566
3889.00 0.5620
3890.00 0.5554
3891.00 0.5638
3892.00 0.5599
3893.00 0.5558
3894.00 0.5610
3895.00 0.5623
3896.00 0.5613
3897.00 0.5578
3898.00 0.5612
3899.00 0.5611
3900.00 0.5620
3901.00 0.5603
3902.00 0.5611
3903.00 0.5640
3904.00 0.5585
3905.00 0.5571
3906.00 0.5616
3907.00 0.5584
3908.00 0.5543
3909.00 0.5564
3910.00 0.5583
3911.00 0.5597
3912.00 0.5625
3913.00 0.5597
3914.00 0.5529
3915.00 0.5594
3916.00 0.5654
3917.00 0.5594
3918.00 0.5554
3919.00 0.5594
3920.00 0.5625
3921.00 0.5641
3922.00 0.5606
3923.00 0.5594
3924.00 0.5579
3925.00 0.5653
3926.00 0.5638
3927.00 0.5620
3928.00 0.5656
3929.00 0.5576
3930.00 0.5652
3931.00 0.5606
3932.00 0.5621
3933.00 0.5622
3934.00 0.5629
3935.00 0.5629
3936.00 0.5644
3937.00 0.5657
3938.00 0.5642
3939.00 0.5622
3940.00 0.5678
3941.00 0.5653
3942.00 0.5683
3943.00 0.5707
3944.00 0.5684
3945.00 0.5687
3946.00 0.5643
3947.00 0.5691
3948.00 0.5718
3949.00 0.5741
3950.00 0.5737
3951.00 0.5733
3952.00 0.5782
3953.00 0.5744
3954.00 0.5760
3955.00 0.5737
3956.00 0.5807
3957.00 0.5816
3958.00 0.5803
3959.00 0.5744
3960.00 0.5821
3961.00 0.5807
3962.00 0.5804
3963.00 0.5765
3964.00 0.5777
3965.00 0.5798
3966.00 0.5766
3967.00 0.5788
3968.00 0.5797
3969.00 0.5764
3970.00 0.5767
3971.00 0.5836
3972.00 0.5777
3973.00 0.5840
3974.00 0.5810
3975.00 0.5810
3976.00 0.5751
3977.00 0.5766
3978.00 0.5782
3979.00 0.5792
3980.00 0.5742
3981.00 0.5685
3982.00 0.5708
3983.00 0.5691
3984.00 0.5657
3985.00 0.5624
3986.00 0.5574
3987.00 0.5655
3988.00 0.5515
3989.00 0.5544
3990.00 0.5489
3991.00 0.5458
3992.00 0.5394
3993.00 0.5330
3994.00 0.5309
3995.00 0.5264
3996.00 0.5249
3997.00 0.5116
3998.00 0.5090
3999.00 0.5050
4000.00 0.4993
4001.00 0.4920
4002.00 0.4901
4003.00 0.4757
4004.00 0.4706
4005.00 0.4623
4006.00 0.4531
4007.00 0.4444
4008.00 0.4382
4009.00 0.4313
4010.00 0.4238
4011.00 0.4142
4012.00 0.4055
4013.00 0.3973
4014.00 0.3897
4015.00 0.3766
4016.00 0.3729
4017.00 0.3613
4018.00 0.3541
4019.00 0.3453
4020.00 0.3378
4021.00 0.3273
4022.00 0.3210
4023.00 0.3088
4024.00 0.3008
4025.00 0.2916
4026.00 0.2826
4027.00 0.2752
4028.00 0.2653
4029.00 0.2588
4030.00 0.2520
4031.00 0.2407
4032.00 0.2341
4033.00 0.2292
4034.00 0.2192
4035.00 0.2139
4036.00 0.2081
4037.00 0.2004
4038.00 0.1922
4039.00 0.1877
4040.00 0.1814
4041.00 0.1739
4042.00 0.1688
4043.00 0.1621
4044.00 0.1574
4045.00 0.1518
4046.00 0.1465
4047.00 0.1400
4048.00 0.1339
4049.00 0.1289
4050.00 0.1256
4051.00 0.1220
4052.00 0.1191
4053.00 0.1135
4054.00 0.1086
4055.00 0.1061
4056.00 0.1011
4057.00 0.0957
4058.00 0.0947
4059.00 0.0922
4060.00 0.0874
4061.00 0.0842
4062.00 0.0806
4063.00 0.0780
4064.00 0.0753
4065.00 0.0730
4066.00 0.0706
4067.00 0.0681
4068.00 0.0659
4069.00 0.0635
4070.00 0.0596
4071.00 0.0584
4072.00 0.0566
4073.00 0.0546
4074.00 0.0523
4075.00 0.0509
4076.00 0.0494
4077.00 0.0477
4078.00 0.0452
4079.00 0.0441
4080.00 0.0436
4081.00 0.0411
4082.00 0.0398
4083.00 0.0385
4084.00 0.0362
4085.00 0.0358
4086.00 0.0345
4087.00 0.0329
4088.00 0.0327
4089.00 0.0310
4090.00 0.0306
4091.00 0.0295
4092.00 0.0284
4093.00 0.0276
4094.00 0.0260
4095.00 0.0255
4096.00 0.0247
4097.00 0.0235
4098.00 0.0235
4099.00 0.0223
4100.00 0.0217
4101.00 0.0208
4102.00 0.0203
4103.00 0.0204
4104.00 0.0187
4105.00 0.0187
4106.00 0.0178
4107.00 0.0177
4108.00 0.0167
4109.00 0.0158
4110.00 0.0159
4111.00 0.0152
4112.00 0.0150
4113.00 0.0147
4114.00 0.0137
4115.00 0.0141
4116.00 0.0130
4117.00 0.0125
4118.00 0.0124
4119.00 0.0121
4120.00 0.0118
4121.00 0.0109
4122.00 0.0111
4123.00 0.0106
4124.00 0.0105
4125.00 0.0099
4126.00 0.0099
4127.00 0.0096
4128.00 0.0091
4129.00 0.0090
4130.00 0.0083
4131.00 0.0085
4132.00 0.0082
4133.00 0.0082
4134.00 0.0080
4135.00 0.0075
4136.00 0.0071
4137.00 0.0072
4138.00 0.0071
4139.00 0.0067
4140.00 0.0067
4141.00 0.0064
4142.00 0.0062
4143.00 0.0062
4144.00 0.0058
4145.00 0.0057
4146.00 0.0055
4147.00 0.0053
4148.00 0.0052
4149.00 0.0053
4150.00 0.0050
4151.00 0.0046
4152.00 0.0047
4153.00 0.0045
4154.00 0.0046
4155.00 0.0042
4156.00 0.0042
4157.00 0.0040
4158.00 0.0040
4159.00 0.0039
4160.00 0.0040
4161.00 0.0037
4162.00 0.0036
4163.00 0.0034
4164.00 0.0033
4165.00 0.0032
4166.00 0.0032
4167.00 0.0031
4168.00 0.0031
4169.00 0.0029
4170.00 0.0030
4171.00 0.0029
4172.00 0.0027
4173.00 0.0026
4174.00 0.0028
4175.00 0.0027
4176.00 0.0023
4177.00 0.0025
4178.00 0.0024
4179.00 0.0023
4180.00 0.0022
4181.00 0.0023
4182.00 0.0021
4183.00 0.0020
4184.00 0.0021
4185.00 0.0020
4186.00 0.0020
4187.00 0.0019
4188.00 0.0018
4189.00 0.0020
4190.00 0.0018
4191.00 0.0017
4192.00 0.0017
4193.00 0.0017
4194.00 0.0016
4195.00 0.0016
4196.00 0.0015
4197.00 0.0014
4198.00 0.0016
4199.00 0.0015
4200.00 0.0014
