8365.00 0.0014
8370.00 0.0075
8375.00 0.0122
8380.00 0.0204
8385.00 0.0326
8390.00 0.0519
8395.00 0.0772
8400.00 0.1192
8405.00 0.1851
8410.00 0.2694
8415.00 0.3887
8420.00 0.5305
8425.00 0.6653
8430.00 0.7812
8435.00 0.8492
8440.00 0.8763
8445.00 0.8835
8450.00 0.8763
8455.00 0.8641
8460.00 0.8577
8465.00 0.8542
8470.00 0.8550
8475.00 0.8550
8480.00 0.8534
8485.00 0.8527
8490.00 0.8555
8495.00 0.8588
8500.00 0.8561
8505.00 0.8493
8510.00 0.8568
8515.00 0.8491
8520.00 0.8446
8525.00 0.8427
8530.00 0.8383
8535.00 0.8376
8540.00 0.8357
8545.00 0.8319
8550.00 0.8319
8555.00 0.8388
8560.00 0.8410
8565.00 0.8351
8570.00 0.8334
8575.00 0.8012
8580.00 0.7419
8585.00 0.6558
8590.00 0.5439
8595.00 0.4124
8600.00 0.3052
8605.00 0.2062
8610.00 0.1397
8615.00 0.0879
8620.00 0.0523
8625.00 0.0279
8630.00 0.0105
8635.00 0.0054
