8160.00 0.0069
8164.00 0.0112
8168.00 0.0164
8172.00 0.0263
8176.00 0.0379
8180.00 0.0621
8184.00 0.1019
8188.00 0.1678
8192.00 0.2712
8196.00 0.4450
8200.00 0.6389
8204.00 0.7936
8208.00 0.8725
8212.00 0.8925
8216.00 0.8983
8220.00 0.8977
8224.00 0.9135
8228.00 0.9504
8232.00 0.9408
8236.00 0.9566
8240.00 0.9420
8244.00 0.9611
8248.00 0.9497
8252.00 0.9362
8256.00 0.9208
8260.00 0.8277
8264.00 0.6528
8268.00 0.4470
8272.00 0.2805
8276.00 0.1647
8280.00 0.1004
8284.00 0.0583
8288.00 0.0388
8292.00 0.0249
8296.00 0.0175
8300.00 0.0127
8304.00 0.0102
8308.00 0.0073
8312.00 0.0036
8316.00 0.0040
8320.00 0.0030
8324.00 0.0012
8328.00 0.0019
8332.00 0.0034
8336.00 0.0013
8340.00 0.0011
8344.00 0.0015
8348.00 0.0005
8352.00 0.0004
8356.00 0.0021
8360.00 0.0004
8364.00 0.0004
8368.00 0.0002
8372.00 0.0002
8376.00 0.0000
8380.00 -0.0001
8384.00 0.0000
8388.00 0.0015
8392.00 0.0005
8396.00 0.0002
8400.00 0.0004
8404.00 0.0010
8408.00 0.0006
8412.00 0.0016
8416.00 0.0006
8420.00 0.0006
8424.00 -0.0006
8428.00 0.0011
8432.00 0.0020
8436.00 0.0017
8440.00 0.0016
8444.00 0.0016
8448.00 0.0001
8452.00 0.0037
8456.00 0.0009
8460.00 0.0012
8464.00 0.0011
8468.00 0.0033
8472.00 0.0001
8476.00 0.0017
8480.00 0.0001
8484.00 0.0020
8488.00 0.0017
8492.00 0.0021
8496.00 0.0006
8500.00 0.0006
