4200.0 0.0000500000
4202.0 0.0001000000
4204.0 0.0001000000
4206.0 0.0000500000
4208.0 0.0000500000
4210.0 0.0000000000
4212.0 0.0000500000
4214.0 0.0000000000
4216.0 0.0000000000
4218.0 0.0000500000
4220.0 0.0000500000
4222.0 0.0000500000
4224.0 0.0000500000
4226.0 0.0000500000
4228.0 0.0000000000
4230.0 0.0000000000
4232.0 0.0000000000
4234.0 0.0000000000
4236.0 0.0000000000
4238.0 0.0000000000
4240.0 0.0000000000
4242.0 0.0000500000
4244.0 0.0000000000
4246.0 0.0000500000
4248.0 0.0000000000
4250.0 0.0000500000
4252.0 0.0000500000
4254.0 0.0000000000
4256.0 0.0000500000
4258.0 0.0000500000
4260.0 0.0001000000
4262.0 0.0000000000
4264.0 0.0000500000
4266.0 0.0000500000
4268.0 0.0000500000
4270.0 0.0000500000
4272.0 0.0000000000
4274.0 0.0000000000
4276.0 0.0000000000
4278.0 0.0000000000
4280.0 0.0000500000
4282.0 -0.0000500000
4284.0 0.0000000000
4286.0 0.0000000000
4288.0 0.0000500000
4290.0 0.0000500000
4292.0 0.0000000000
4294.0 0.0000500000
4296.0 0.0000500000
4298.0 0.0001000000
4300.0 0.0000000000
4302.0 0.0000000000
4304.0 0.0000000000
4306.0 0.0000500000
4308.0 0.0000500000
4310.0 0.0000500000
4312.0 0.0000500000
4314.0 0.0000000000
4316.0 0.0000000000
4318.0 0.0000500000
4320.0 0.0000500000
4322.0 0.0000500000
4324.0 0.0000500000
4326.0 0.0000000000
4328.0 0.0000000000
4330.0 0.0000500000
4332.0 0.0000000000
4334.0 0.0000500000
4336.0 0.0000000000
4338.0 0.0000500000
4340.0 0.0000000000
4342.0 0.0000500000
4344.0 0.0000000000
4346.0 0.0000500000
4348.0 0.0000500000
4350.0 0.0000500000
4352.0 0.0000500000
4354.0 0.0000500000
4356.0 0.0000500000
4358.0 0.0000000000
4360.0 0.0000000000
4362.0 0.0000500000
4364.0 0.0000000000
4366.0 0.0000500000
4368.0 0.0000000000
4370.0 0.0000000000
4372.0 0.0000500000
4374.0 0.0000500000
4376.0 0.0000500000
4378.0 0.0000000000
4380.0 0.0000000000
4382.0 0.0000000000
4384.0 0.0000500000
4386.0 0.0000500000
4388.0 0.0000500000
4390.0 0.0000500000
4392.0 0.0000000000
4394.0 0.0000000000
4396.0 0.0000500000
4398.0 0.0000000000
4400.0 0.0000500000
4402.0 0.0000500000
4404.0 0.0000500000
4406.0 0.0001000000
4408.0 0.0000000000
4410.0 0.0000000000
4412.0 0.0001500000
4414.0 0.0000000000
4416.0 0.0000500000
4418.0 0.0000500000
4420.0 0.0000500000
4422.0 0.0000500000
4424.0 0.0000000000
4426.0 0.0001000000
4428.0 0.0001000000
4430.0 0.0001500000
4432.0 0.0001000000
4434.0 0.0002500000
4436.0 0.0002000000
4438.0 0.0002000000
4440.0 0.0003500000
4442.0 0.0004000000
4444.0 0.0004000000
4446.0 0.0006500000
4448.0 0.0007500000
4450.0 0.0009500000
4452.0 0.0010500000
4454.0 0.0012500000
4456.0 0.0015500000
4458.0 0.0020000000
4460.0 0.0024000000
4462.0 0.0028000000
4464.0 0.0033500000
4466.0 0.0039000000
4468.0 0.0048500000
4470.0 0.0057500000
4472.0 0.0065000000
4474.0 0.0081000000
4476.0 0.0087000000
4478.0 0.0097500000
4480.0 0.0118000000
4482.0 0.0135500000
4484.0 0.0157500000
4486.0 0.0171500000
4488.0 0.0196500000
4490.0 0.0227500000
4492.0 0.0254500000
4494.0 0.0282500000
4496.0 0.0322000000
4498.0 0.0355000000
4500.0 0.0393500000
4502.0 0.0434000000
4504.0 0.0482500000
4506.0 0.0521500000
4508.0 0.0575500000
4510.0 0.0628000000
4512.0 0.0684500000
4514.0 0.0746500000
4516.0 0.0788500000
4518.0 0.0851000000
4520.0 0.0917500000
4522.0 0.0979500000
4524.0 0.1060000000
4526.0 0.1119000000
4528.0 0.1199000000
4530.0 0.1267500000
4532.0 0.1337000000
4534.0 0.1427500000
4536.0 0.1509500000
4538.0 0.1599000000
4540.0 0.1681000000
4542.0 0.1765000000
4544.0 0.1845000000
4546.0 0.1940000000
4548.0 0.2034500000
4550.0 0.2125000000
4552.0 0.2210500000
4554.0 0.2284500000
4556.0 0.2400500000
4558.0 0.2471000000
4560.0 0.2586000000
4562.0 0.2669500000
4564.0 0.2749000000
4566.0 0.2856000000
4568.0 0.2956500000
4570.0 0.3027500000
4572.0 0.3111500000
4574.0 0.3209000000
4576.0 0.3309000000
4578.0 0.3394000000
4580.0 0.3484000000
4582.0 0.3564000000
4584.0 0.3672500000
4586.0 0.3754500000
4588.0 0.3828000000
4590.0 0.3920500000
4592.0 0.4012000000
4594.0 0.4114000000
4596.0 0.4189500000
4598.0 0.4261500000
4600.0 0.4350500000
4602.0 0.4434500000
4604.0 0.4502500000
4606.0 0.4579500000
4608.0 0.4660500000
4610.0 0.4732000000
4612.0 0.4803000000
4614.0 0.4870500000
4616.0 0.4958000000
4618.0 0.5032500000
4620.0 0.5087500000
4622.0 0.5152500000
4624.0 0.5234000000
4626.0 0.5271000000
4628.0 0.5353000000
4630.0 0.5392000000
4632.0 0.5502000000
4634.0 0.5535500000
4636.0 0.5589500000
4638.0 0.5640500000
4640.0 0.5727000000
4642.0 0.5772500000
4644.0 0.5835000000
4646.0 0.5881000000
4648.0 0.5951500000
4650.0 0.5995500000
4652.0 0.6050000000
4654.0 0.6117000000
4656.0 0.6138500000
4658.0 0.6191000000
4660.0 0.6264500000
4662.0 0.6287000000
4664.0 0.6354500000
4666.0 0.6383500000
4668.0 0.6444000000
4670.0 0.6485000000
4672.0 0.6510000000
4674.0 0.6548500000
4676.0 0.6580500000
4678.0 0.6629000000
4680.0 0.6675500000
4682.0 0.6696500000
4684.0 0.6749000000
4686.0 0.6785500000
4688.0 0.6811000000
4690.0 0.6858500000
4692.0 0.6897500000
4694.0 0.6922500000
4696.0 0.6980000000
4698.0 0.7018500000
4700.0 0.7023000000
4702.0 0.7053000000
4704.0 0.7083500000
4706.0 0.7115000000
4708.0 0.7146000000
4710.0 0.7195000000
4712.0 0.7226500000
4714.0 0.7266500000
4716.0 0.7269500000
4718.0 0.7293000000
4720.0 0.7296500000
4722.0 0.7358000000
4724.0 0.7374000000
4726.0 0.7407500000
4728.0 0.7426000000
4730.0 0.7398500000
4732.0 0.7483000000
4734.0 0.7471500000
4736.0 0.7535000000
4738.0 0.7519500000
4740.0 0.7540000000
4742.0 0.7508000000
4744.0 0.7552500000
4746.0 0.7630000000
4748.0 0.7630500000
4750.0 0.7643500000
4752.0 0.7705000000
4754.0 0.7698000000
4756.0 0.7716500000
4758.0 0.7703500000
4760.0 0.7767500000
4762.0 0.7777500000
4764.0 0.7781500000
4766.0 0.7793000000
4768.0 0.7797500000
4770.0 0.7819000000
4772.0 0.7853000000
4774.0 0.7888500000
4776.0 0.7906500000
4778.0 0.7900500000
4780.0 0.7900500000
4782.0 0.7908000000
4784.0 0.7925000000
4786.0 0.7946500000
4788.0 0.7930500000
4790.0 0.7987500000
4792.0 0.8016500000
4794.0 0.8030500000
4796.0 0.8010500000
4798.0 0.8044500000
4800.0 0.8054500000
4802.0 0.8034500000
4804.0 0.8041000000
4806.0 0.8096500000
4808.0 0.8128000000
4810.0 0.8093000000
4812.0 0.8132000000
4814.0 0.8165500000
4816.0 0.8156000000
4818.0 0.8173500000
4820.0 0.8123500000
4822.0 0.8192500000
4824.0 0.8179500000
4826.0 0.8206500000
4828.0 0.8204000000
4830.0 0.8215000000
4832.0 0.8172000000
4834.0 0.8254500000
4836.0 0.8226500000
4838.0 0.8234500000
4840.0 0.8213000000
4842.0 0.8240500000
4844.0 0.8259500000
4846.0 0.8279000000
4848.0 0.8276500000
4850.0 0.8285500000
4852.0 0.8302500000
4854.0 0.8285000000
4856.0 0.8312500000
4858.0 0.8351000000
4860.0 0.8345000000
4862.0 0.8411500000
4864.0 0.8331500000
4866.0 0.8361500000
4868.0 0.8349500000
4870.0 0.8410000000
4872.0 0.8341500000
4874.0 0.8325000000
4876.0 0.8371500000
4878.0 0.8347000000
4880.0 0.8445500000
4882.0 0.8416000000
4884.0 0.8422500000
4886.0 0.8414000000
4888.0 0.8384500000
4890.0 0.8450500000
4892.0 0.8446000000
4894.0 0.8460000000
4896.0 0.8450000000
4898.0 0.8484000000
4900.0 0.8429000000
4902.0 0.8497500000
4904.0 0.8475000000
4906.0 0.8464500000
4908.0 0.8475500000
4910.0 0.8492000000
4912.0 0.8531000000
4914.0 0.8523500000
4916.0 0.8555000000
4918.0 0.8498000000
4920.0 0.8523000000
4922.0 0.8527000000
4924.0 0.8523000000
4926.0 0.8554500000
4928.0 0.8507000000
4930.0 0.8576500000
4932.0 0.8548000000
4934.0 0.8548000000
4936.0 0.8565000000
4938.0 0.8549500000
4940.0 0.8572000000
4942.0 0.8595000000
4944.0 0.8577500000
4946.0 0.8565500000
4948.0 0.8541500000
4950.0 0.8609000000
4952.0 0.8548500000
4954.0 0.8575500000
4956.0 0.8605500000
4958.0 0.8606500000
4960.0 0.8614500000
4962.0 0.8624500000
4964.0 0.8595000000
4966.0 0.8620500000
4968.0 0.8636000000
4970.0 0.8674500000
4972.0 0.8605500000
4974.0 0.8609500000
4976.0 0.8603500000
4978.0 0.8604500000
4980.0 0.8654000000
4982.0 0.8620500000
4984.0 0.8620000000
4986.0 0.8668500000
4988.0 0.8657500000
4990.0 0.8660000000
4992.0 0.8633500000
4994.0 0.8643000000
4996.0 0.8664000000
4998.0 0.8673000000
5000.0 0.8683000000
5002.0 0.8665000000
5004.0 0.8673000000
5006.0 0.8686500000
5008.0 0.8682500000
5010.0 0.8657500000
5012.0 0.8670500000
5014.0 0.8720000000
5016.0 0.8664500000
5018.0 0.8705500000
5020.0 0.8683000000
5022.0 0.8693000000
5024.0 0.8684000000
5026.0 0.8684000000
5028.0 0.8703500000
5030.0 0.8690000000
5032.0 0.8684500000
5034.0 0.8705000000
5036.0 0.8694000000
5038.0 0.8721500000
5040.0 0.8678000000
5042.0 0.8698000000
5044.0 0.8691500000
5046.0 0.8688000000
5048.0 0.8670000000
5050.0 0.8714500000
5052.0 0.8705000000
5054.0 0.8697500000
5056.0 0.8736500000
5058.0 0.8696000000
5060.0 0.8725000000
5062.0 0.8700000000
5064.0 0.8697500000
5066.0 0.8709500000
5068.0 0.8734500000
5070.0 0.8657000000
5072.0 0.8697000000
5074.0 0.8727000000
5076.0 0.8700000000
5078.0 0.8706000000
5080.0 0.8728500000
5082.0 0.8707500000
5084.0 0.8729500000
5086.0 0.8694000000
5088.0 0.8696000000
5090.0 0.8705000000
5092.0 0.8717500000
5094.0 0.8681500000
5096.0 0.8700500000
5098.0 0.8686500000
5100.0 0.8694000000
5102.0 0.8705000000
5104.0 0.8703500000
5106.0 0.8706500000
5108.0 0.8718500000
5110.0 0.8710000000
5112.0 0.8730500000
5114.0 0.8707000000
5116.0 0.8712000000
5118.0 0.8701000000
5120.0 0.8734000000
5122.0 0.8697000000
5124.0 0.8682500000
5126.0 0.8713500000
5128.0 0.8695000000
5130.0 0.8690000000
5132.0 0.8718500000
5134.0 0.8682500000
5136.0 0.8700500000
5138.0 0.8663500000
5140.0 0.8727500000
5142.0 0.8670500000
5144.0 0.8670500000
5146.0 0.8679000000
5148.0 0.8677000000
5150.0 0.8651500000
5152.0 0.8652000000
5154.0 0.8657000000
5156.0 0.8651000000
5158.0 0.8659500000
5160.0 0.8697000000
5162.0 0.8682500000
5164.0 0.8673000000
5166.0 0.8685500000
5168.0 0.8625500000
5170.0 0.8701000000
5172.0 0.8649000000
5174.0 0.8622000000
5176.0 0.8656500000
5178.0 0.8586000000
5180.0 0.8609500000
5182.0 0.8617000000
5184.0 0.8626000000
5186.0 0.8610000000
5188.0 0.8624000000
5190.0 0.8615000000
5192.0 0.8636000000
5194.0 0.8653000000
5196.0 0.8637000000
5198.0 0.8630500000
5200.0 0.8591500000
5202.0 0.8614000000
5204.0 0.8582000000
5206.0 0.8613500000
5208.0 0.8624500000
5210.0 0.8611500000
5212.0 0.8602000000
5214.0 0.8600000000
5216.0 0.8560500000
5218.0 0.8622500000
5220.0 0.8547000000
5222.0 0.8566500000
5224.0 0.8560000000
5226.0 0.8542000000
5228.0 0.8522000000
5230.0 0.8555000000
5232.0 0.8519000000
5234.0 0.8507500000
5236.0 0.8526000000
5238.0 0.8512000000
5240.0 0.8487000000
5242.0 0.8489000000
5244.0 0.8481000000
5246.0 0.8497000000
5248.0 0.8493000000
5250.0 0.8520500000
5252.0 0.8507000000
5254.0 0.8498500000
5256.0 0.8480000000
5258.0 0.8478500000
5260.0 0.8493000000
5262.0 0.8475000000
5264.0 0.8434000000
5266.0 0.8449500000
5268.0 0.8439500000
5270.0 0.8410000000
5272.0 0.8433000000
5274.0 0.8405000000
5276.0 0.8435500000
5278.0 0.8387500000
5280.0 0.8372500000
5282.0 0.8412000000
5284.0 0.8381500000
5286.0 0.8350500000
5288.0 0.8344000000
5290.0 0.8311500000
5292.0 0.8334000000
5294.0 0.8344500000
5296.0 0.8311500000
5298.0 0.8327500000
5300.0 0.8310000000
5302.0 0.8284000000
5304.0 0.8320500000
5306.0 0.8267000000
5308.0 0.8300500000
5310.0 0.8315500000
5312.0 0.8282500000
5314.0 0.8257000000
5316.0 0.8253000000
5318.0 0.8210000000
5320.0 0.8206000000
5322.0 0.8168500000
5324.0 0.8231000000
5326.0 0.8232000000
5328.0 0.8181000000
5330.0 0.8174000000
5332.0 0.8177500000
5334.0 0.8138000000
5336.0 0.8185000000
5338.0 0.8127000000
5340.0 0.8153000000
5342.0 0.8144000000
5344.0 0.8157500000
5346.0 0.8062000000
5348.0 0.8105000000
5350.0 0.8107000000
5352.0 0.8119500000
5354.0 0.8119000000
5356.0 0.8068000000
5358.0 0.8055000000
5360.0 0.8087000000
5362.0 0.8073500000
5364.0 0.8034000000
5366.0 0.7989500000
5368.0 0.8044000000
5370.0 0.7962500000
5372.0 0.7984000000
5374.0 0.7996500000
5376.0 0.7967000000
5378.0 0.7913000000
5380.0 0.7937500000
5382.0 0.7873000000
5384.0 0.7915500000
5386.0 0.7913500000
5388.0 0.7858500000
5390.0 0.7874500000
5392.0 0.7844500000
5394.0 0.7878500000
5396.0 0.7882500000
5398.0 0.7834500000
5400.0 0.7837000000
5402.0 0.7771500000
5404.0 0.7767000000
5406.0 0.7798000000
5408.0 0.7744000000
5410.0 0.7780000000
5412.0 0.7757000000
5414.0 0.7728000000
5416.0 0.7705000000
5418.0 0.7698000000
5420.0 0.7636000000
5422.0 0.7709000000
5424.0 0.7681500000
5426.0 0.7651000000
5428.0 0.7631000000
5430.0 0.7628000000
5432.0 0.7568500000
5434.0 0.7590500000
5436.0 0.7579000000
5438.0 0.7536500000
5440.0 0.7526000000
5442.0 0.7545500000
5444.0 0.7514000000
5446.0 0.7467500000
5448.0 0.7478000000
5450.0 0.7528500000
5452.0 0.7421000000
5454.0 0.7442500000
5456.0 0.7483000000
5458.0 0.7444500000
5460.0 0.7374000000
5462.0 0.7349500000
5464.0 0.7370500000
5466.0 0.7346500000
5468.0 0.7307000000
5470.0 0.7307000000
5472.0 0.7278500000
5474.0 0.7326500000
5476.0 0.7270500000
5478.0 0.7247000000
5480.0 0.7241000000
5482.0 0.7203000000
5484.0 0.7180000000
5486.0 0.7185000000
5488.0 0.7177500000
5490.0 0.7129000000
5492.0 0.7173000000
5494.0 0.7121500000
5496.0 0.7103500000
5498.0 0.7090500000
5500.0 0.7094000000
5502.0 0.7055000000
5504.0 0.7037000000
5506.0 0.7001000000
5508.0 0.6961000000
5510.0 0.6983000000
5512.0 0.6952000000
5514.0 0.6946500000
5516.0 0.6964000000
5518.0 0.6893500000
5520.0 0.6848000000
5522.0 0.6842500000
5524.0 0.6857500000
5526.0 0.6830000000
5528.0 0.6792000000
5530.0 0.6777500000
5532.0 0.6762500000
5534.0 0.6734000000
5536.0 0.6767000000
5538.0 0.6718000000
5540.0 0.6673500000
5542.0 0.6679000000
5544.0 0.6647000000
5546.0 0.6641500000
5548.0 0.6587500000
5550.0 0.6606000000
5552.0 0.6600500000
5554.0 0.6565500000
5556.0 0.6550000000
5558.0 0.6551000000
5560.0 0.6497500000
5562.0 0.6486500000
5564.0 0.6447000000
5566.0 0.6471500000
5568.0 0.6433500000
5570.0 0.6423500000
5572.0 0.6357000000
5574.0 0.6389000000
5576.0 0.6315500000
5578.0 0.6335500000
5580.0 0.6341500000
5582.0 0.6261500000
5584.0 0.6304500000
5586.0 0.6256500000
5588.0 0.6193500000
5590.0 0.6151500000
5592.0 0.6162000000
5594.0 0.6115000000
5596.0 0.6129000000
5598.0 0.6080000000
5600.0 0.6050500000
5602.0 0.6046000000
5604.0 0.6033000000
5606.0 0.6017500000
5608.0 0.5983000000
5610.0 0.5975500000
5612.0 0.5924000000
5614.0 0.5904000000
5616.0 0.5889500000
5618.0 0.5879000000
5620.0 0.5817500000
5622.0 0.5840500000
5624.0 0.5818000000
5626.0 0.5785000000
5628.0 0.5784500000
5630.0 0.5757000000
5632.0 0.5735000000
5634.0 0.5675000000
5636.0 0.5694500000
5638.0 0.5622000000
5640.0 0.5590500000
5642.0 0.5563000000
5644.0 0.5553500000
5646.0 0.5553000000
5648.0 0.5510500000
5650.0 0.5471000000
5652.0 0.5497500000
5654.0 0.5442000000
5656.0 0.5427500000
5658.0 0.5390000000
5660.0 0.5337500000
5662.0 0.5338000000
5664.0 0.5334000000
5666.0 0.5308000000
5668.0 0.5270500000
5670.0 0.5266000000
5672.0 0.5196000000
5674.0 0.5204000000
5676.0 0.5153500000
5678.0 0.5123000000
5680.0 0.5131500000
5682.0 0.5064500000
5684.0 0.5052000000
5686.0 0.5057000000
5688.0 0.5013500000
5690.0 0.4983000000
5692.0 0.4971000000
5694.0 0.4959500000
5696.0 0.4954500000
5698.0 0.4907000000
5700.0 0.4865500000
5702.0 0.4847500000
5704.0 0.4812500000
5706.0 0.4784000000
5708.0 0.4737000000
5710.0 0.4740500000
5712.0 0.4722500000
5714.0 0.4681000000
5716.0 0.4674500000
5718.0 0.4642500000
5720.0 0.4597500000
5722.0 0.4600000000
5724.0 0.4547500000
5726.0 0.4561000000
5728.0 0.4537000000
5730.0 0.4474500000
5732.0 0.4443500000
5734.0 0.4452500000
5736.0 0.4430000000
5738.0 0.4371500000
5740.0 0.4378500000
5742.0 0.4323000000
5744.0 0.4321000000
5746.0 0.4279500000
5748.0 0.4270500000
5750.0 0.4199000000
5752.0 0.4227000000
5754.0 0.4180000000
5756.0 0.4163000000
5758.0 0.4105000000
5760.0 0.4098500000
5762.0 0.4082000000
5764.0 0.4062500000
5766.0 0.4010000000
5768.0 0.3990500000
5770.0 0.3979000000
5772.0 0.3945000000
5774.0 0.3943500000
5776.0 0.3891000000
5778.0 0.3859500000
5780.0 0.3840500000
5782.0 0.3842500000
5784.0 0.3801500000
5786.0 0.3751000000
5788.0 0.3780000000
5790.0 0.3705000000
5792.0 0.3664500000
5794.0 0.3685000000
5796.0 0.3633000000
5798.0 0.3609500000
5800.0 0.3575000000
5802.0 0.3548000000
5804.0 0.3528500000
5806.0 0.3489000000
5808.0 0.3480000000
5810.0 0.3466000000
5812.0 0.3446500000
5814.0 0.3393000000
5816.0 0.3376000000
5818.0 0.3355500000
5820.0 0.3346500000
5822.0 0.3329000000
5824.0 0.3298500000
5826.0 0.3260000000
5828.0 0.3234000000
5830.0 0.3215000000
5832.0 0.3191500000
5834.0 0.3124000000
5836.0 0.3126500000
5838.0 0.3131000000
5840.0 0.3090000000
5842.0 0.3064000000
5844.0 0.3019000000
5846.0 0.3015500000
5848.0 0.2987000000
5850.0 0.2960000000
5852.0 0.2946000000
5854.0 0.2902000000
5856.0 0.2911000000
5858.0 0.2878500000
5860.0 0.2834000000
5862.0 0.2828000000
5864.0 0.2806000000
5866.0 0.2764500000
5868.0 0.2745000000
5870.0 0.2730500000
5872.0 0.2716000000
5874.0 0.2676000000
5876.0 0.2655000000
5878.0 0.2646500000
5880.0 0.2614500000
5882.0 0.2580500000
5884.0 0.2558500000
5886.0 0.2534000000
5888.0 0.2519500000
5890.0 0.2502500000
5892.0 0.2476000000
5894.0 0.2442000000
5896.0 0.2448500000
5898.0 0.2398500000
5900.0 0.2382000000
5902.0 0.2348000000
5904.0 0.2353500000
5906.0 0.2329000000
5908.0 0.2283000000
5910.0 0.2271500000
5912.0 0.2251000000
5914.0 0.2225500000
5916.0 0.2226500000
5918.0 0.2206500000
5920.0 0.2173000000
5922.0 0.2147000000
5924.0 0.2126500000
5926.0 0.2102500000
5928.0 0.2072000000
5930.0 0.2045000000
5932.0 0.2040500000
5934.0 0.2032500000
5936.0 0.2012500000
5938.0 0.1997500000
5940.0 0.1972500000
5942.0 0.1952500000
5944.0 0.1942500000
5946.0 0.1912000000
5948.0 0.1861000000
5950.0 0.1869000000
5952.0 0.1837500000
5954.0 0.1832500000
5956.0 0.1805000000
5958.0 0.1786500000
5960.0 0.1765500000
5962.0 0.1747000000
5964.0 0.1752500000
5966.0 0.1707000000
5968.0 0.1696500000
5970.0 0.1683500000
5972.0 0.1663000000
5974.0 0.1624000000
5976.0 0.1627000000
5978.0 0.1614000000
5980.0 0.1583500000
5982.0 0.1581500000
5984.0 0.1560500000
5986.0 0.1535500000
5988.0 0.1534500000
5990.0 0.1517500000
5992.0 0.1489500000
5994.0 0.1484000000
5996.0 0.1454500000
5998.0 0.1439500000
6000.0 0.1418000000
6002.0 0.1394000000
6004.0 0.1377000000
6006.0 0.1386500000
6008.0 0.1360500000
6010.0 0.1335500000
6012.0 0.1318500000
6014.0 0.1315500000
6016.0 0.1292000000
6018.0 0.1279000000
6020.0 0.1266000000
6022.0 0.1256000000
6024.0 0.1244500000
6026.0 0.1226000000
6028.0 0.1205000000
6030.0 0.1188500000
6032.0 0.1183000000
6034.0 0.1155000000
6036.0 0.1151000000
6038.0 0.1145000000
6040.0 0.1130000000
6042.0 0.1100000000
6044.0 0.1098000000
6046.0 0.1081500000
6048.0 0.1056500000
6050.0 0.1045000000
6052.0 0.1027500000
6054.0 0.1035000000
6056.0 0.1014500000
6058.0 0.0988000000
6060.0 0.0985000000
6062.0 0.0964500000
6064.0 0.0957500000
6066.0 0.0951000000
6068.0 0.0932500000
6070.0 0.0923500000
6072.0 0.0909500000
6074.0 0.0897000000
6076.0 0.0883500000
6078.0 0.0882000000
6080.0 0.0861000000
6082.0 0.0853000000
6084.0 0.0839000000
6086.0 0.0821000000
6088.0 0.0818500000
6090.0 0.0804000000
6092.0 0.0790500000
6094.0 0.0785000000
6096.0 0.0775500000
6098.0 0.0766000000
6100.0 0.0747500000
6102.0 0.0753000000
6104.0 0.0717000000
6106.0 0.0716500000
6108.0 0.0705000000
6110.0 0.0695500000
6112.0 0.0688000000
6114.0 0.0685000000
6116.0 0.0671500000
6118.0 0.0647500000
6120.0 0.0661500000
6122.0 0.0645000000
6124.0 0.0636000000
6126.0 0.0623500000
6128.0 0.0609500000
6130.0 0.0600500000
6132.0 0.0591500000
6134.0 0.0589000000
6136.0 0.0573500000
6138.0 0.0578500000
6140.0 0.0561000000
6142.0 0.0554500000
6144.0 0.0540000000
6146.0 0.0538000000
6148.0 0.0525500000
6150.0 0.0512500000
6152.0 0.0506500000
6154.0 0.0502500000
6156.0 0.0499000000
6158.0 0.0489000000
6160.0 0.0473000000
6162.0 0.0476000000
6164.0 0.0463500000
6166.0 0.0457500000
6168.0 0.0449500000
6170.0 0.0445000000
6172.0 0.0439500000
6174.0 0.0428500000
6176.0 0.0424500000
6178.0 0.0416500000
6180.0 0.0409000000
6182.0 0.0402500000
6184.0 0.0398500000
6186.0 0.0392500000
6188.0 0.0389000000
6190.0 0.0379000000
6192.0 0.0369000000
6194.0 0.0367000000
6196.0 0.0365500000
6198.0 0.0355500000
6200.0 0.0343000000
6202.0 0.0349000000
6204.0 0.0344500000
6206.0 0.0330500000
6208.0 0.0324500000
6210.0 0.0325500000
6212.0 0.0323500000
6214.0 0.0309500000
6216.0 0.0308500000
6218.0 0.0292000000
6220.0 0.0294000000
6222.0 0.0285500000
6224.0 0.0285000000
6226.0 0.0283000000
6228.0 0.0274500000
6230.0 0.0275000000
6232.0 0.0273000000
6234.0 0.0264000000
6236.0 0.0257000000
6238.0 0.0248500000
6240.0 0.0248500000
6242.0 0.0241000000
6244.0 0.0235500000
6246.0 0.0233500000
6248.0 0.0225000000
6250.0 0.0224000000
6252.0 0.0216500000
6254.0 0.0213000000
6256.0 0.0214500000
6258.0 0.0206000000
6260.0 0.0202500000
6262.0 0.0201000000
6264.0 0.0197500000
6266.0 0.0191500000
6268.0 0.0190000000
6270.0 0.0188000000
6272.0 0.0191000000
6274.0 0.0184000000
6276.0 0.0174500000
6278.0 0.0175000000
6280.0 0.0172000000
6282.0 0.0166000000
6284.0 0.0164500000
6286.0 0.0162500000
6288.0 0.0158500000
6290.0 0.0153000000
6292.0 0.0154000000
6294.0 0.0146500000
6296.0 0.0146000000
6298.0 0.0143500000
6300.0 0.0139500000
6302.0 0.0136000000
6304.0 0.0138000000
6306.0 0.0134000000
6308.0 0.0133500000
6310.0 0.0128500000
6312.0 0.0125500000
6314.0 0.0122500000
6316.0 0.0117000000
6318.0 0.0117500000
6320.0 0.0119500000
6322.0 0.0112500000
6324.0 0.0113000000
6326.0 0.0110000000
6328.0 0.0104000000
6330.0 0.0105500000
6332.0 0.0102500000
6334.0 0.0100000000
6336.0 0.0099500000
6338.0 0.0099000000
6340.0 0.0092000000
6342.0 0.0090000000
6344.0 0.0092000000
6346.0 0.0088500000
6348.0 0.0083000000
6350.0 0.0084000000
6352.0 0.0085000000
6354.0 0.0081000000
6356.0 0.0081000000
6358.0 0.0077500000
6360.0 0.0076500000
6362.0 0.0077000000
6364.0 0.0071000000
6366.0 0.0073000000
6368.0 0.0068500000
6370.0 0.0065500000
6372.0 0.0066500000
6374.0 0.0061500000
6376.0 0.0063000000
6378.0 0.0062500000
6380.0 0.0060000000
6382.0 0.0059500000
6384.0 0.0059000000
6386.0 0.0058500000
6388.0 0.0056500000
6390.0 0.0055500000
6392.0 0.0055500000
6394.0 0.0052500000
6396.0 0.0051000000
6398.0 0.0050000000
6400.0 0.0050500000
6402.0 0.0048500000
6404.0 0.0046000000
6406.0 0.0044500000
6408.0 0.0046000000
6410.0 0.0044000000
6412.0 0.0043500000
6414.0 0.0041500000
6416.0 0.0041000000
6418.0 0.0040000000
6420.0 0.0037500000
6422.0 0.0039000000
6424.0 0.0036500000
6426.0 0.0036500000
6428.0 0.0034500000
6430.0 0.0037000000
6432.0 0.0033000000
6434.0 0.0033000000
6436.0 0.0034000000
6438.0 0.0032500000
6440.0 0.0031500000
6442.0 0.0030500000
6444.0 0.0029500000
6446.0 0.0030500000
6448.0 0.0029500000
6450.0 0.0028000000
6452.0 0.0024500000
6454.0 0.0026500000
6456.0 0.0026000000
6458.0 0.0025500000
6460.0 0.0025500000
6462.0 0.0024000000
6464.0 0.0023000000
6466.0 0.0023500000
6468.0 0.0022500000
6470.0 0.0022000000
6472.0 0.0022500000
6474.0 0.0020000000
6476.0 0.0019500000
6478.0 0.0020000000
6480.0 0.0018500000
6482.0 0.0018500000
6484.0 0.0019500000
6486.0 0.0017500000
6488.0 0.0019500000
6490.0 0.0017000000
6492.0 0.0017000000
6494.0 0.0016500000
6496.0 0.0016000000
6498.0 0.0016500000
6500.0 0.0015500000
6502.0 0.0016500000
6504.0 0.0013500000
6506.0 0.0013500000
6508.0 0.0015000000
6510.0 0.0013500000
6512.0 0.0013000000
6514.0 0.0013000000
6516.0 0.0011500000
6518.0 0.0012000000
6520.0 0.0011500000
6522.0 0.0012500000
6524.0 0.0009500000
6526.0 0.0010000000
6528.0 0.0010500000
6530.0 0.0010500000
6532.0 0.0010000000
6534.0 0.0009500000
6536.0 0.0009000000
6538.0 0.0011000000
6540.0 0.0007000000
6542.0 0.0008500000
6544.0 0.0008500000
6546.0 0.0007000000
6548.0 0.0008500000
6550.0 0.0008500000
6552.0 0.0008500000
6554.0 0.0007000000
6556.0 0.0008500000
6558.0 0.0006000000
6560.0 0.0007000000
6562.0 0.0006500000
6564.0 0.0007000000
6566.0 0.0007000000
6568.0 0.0006500000
6570.0 0.0006500000
6572.0 0.0006000000
6574.0 0.0007000000
6576.0 0.0005500000
6578.0 0.0004500000
6580.0 0.0006000000
6582.0 0.0005000000
6584.0 0.0004000000
6586.0 0.0005000000
6588.0 0.0004500000
6590.0 0.0003500000
6592.0 0.0004500000
6594.0 0.0004000000
6596.0 0.0003500000
6598.0 0.0003000000
6600.0 0.0004500000
