4950.00 0.0009
4951.00 0.0011
4952.00 0.0012
4953.00 0.0015
4954.00 0.0012
4955.00 0.0015
4956.00 0.0019
4957.00 0.0017
4958.00 0.0020
4959.00 0.0020
4960.00 0.0022
4961.00 0.0021
4962.00 0.0028
4963.00 0.0028
4964.00 0.0033
4965.00 0.0034
4966.00 0.0037
4967.00 0.0040
4968.00 0.0046
4969.00 0.0056
4970.00 0.0059
4971.00 0.0067
4972.00 0.0075
4973.00 0.0081
4974.00 0.0095
4975.00 0.0104
4976.00 0.0120
4977.00 0.0137
4978.00 0.0159
4979.00 0.0180
4980.00 0.0212
4981.00 0.0244
4982.00 0.0278
4983.00 0.0321
4984.00 0.0379
4985.00 0.0447
4986.00 0.0534
4987.00 0.0626
4988.00 0.0749
4989.00 0.0902
4990.00 0.1077
4991.00 0.1301
4992.00 0.1554
4993.00 0.1861
4994.00 0.2255
4995.00 0.2711
4996.00 0.3199
4997.00 0.3748
4998.00 0.4366
4999.00 0.4985
5000.00 0.5555
5001.00 0.6139
5002.00 0.6599
5003.00 0.6959
5004.00 0.7224
5005.00 0.7476
5006.00 0.7504
5007.00 0.7550
5008.00 0.7600
5009.00 0.7508
5010.00 0.7510
5011.00 0.7453
5012.00 0.7375
5013.00 0.7338
5014.00 0.7308
5015.00 0.7319
5016.00 0.7378
5017.00 0.7366
5018.00 0.7387
5019.00 0.7350
5020.00 0.7366
5021.00 0.7380
5022.00 0.7446
5023.00 0.7508
5024.00 0.7524
5025.00 0.7506
5026.00 0.7494
5027.00 0.7494
5028.00 0.7464
5029.00 0.7386
5030.00 0.7319
5031.00 0.7384
5032.00 0.7376
5033.00 0.7344
5034.00 0.7351
5035.00 0.7342
5036.00 0.7388
5037.00 0.7379
5038.00 0.7422
5039.00 0.7456
5040.00 0.7550
5041.00 0.7572
5042.00 0.7649
5043.00 0.7618
5044.00 0.7549
5045.00 0.7470
5046.00 0.7308
5047.00 0.6966
5048.00 0.6556
5049.00 0.5990
5050.00 0.5413
5051.00 0.4852
5052.00 0.4256
5053.00 0.3617
5054.00 0.3120
5055.00 0.2618
5056.00 0.2234
5057.00 0.1861
5058.00 0.1556
5059.00 0.1313
5060.00 0.1120
5061.00 0.0923
5062.00 0.0780
5063.00 0.0672
5064.00 0.0566
5065.00 0.0487
5066.00 0.0412
5067.00 0.0353
5068.00 0.0310
5069.00 0.0273
5070.00 0.0238
5071.00 0.0204
5072.00 0.0181
5073.00 0.0158
5074.00 0.0137
5075.00 0.0124
5076.00 0.0107
5077.00 0.0095
5078.00 0.0081
5079.00 0.0076
5080.00 0.0070
5081.00 0.0060
5082.00 0.0056
5083.00 0.0053
5084.00 0.0046
5085.00 0.0041
5086.00 0.0035
5087.00 0.0033
5088.00 0.0029
5089.00 0.0028
5090.00 0.0026
5091.00 0.0022
5092.00 0.0020
5093.00 0.0019
5094.00 0.0017
5095.00 0.0015
5096.00 0.0014
5097.00 0.0015
5098.00 0.0013
5099.00 0.0012
5100.00 0.0011
5101.00 0.0009
