8050.00 0.0003
8052.00 0.0010
8054.00 0.0008
8056.00 0.0012
8058.00 0.0010
8060.00 0.0014
8062.00 0.0016
8064.00 0.0016
8066.00 0.0021
8068.00 0.0028
8070.00 0.0020
8072.00 0.0030
8074.00 0.0043
8076.00 0.0045
8078.00 0.0066
8080.00 0.0067
8082.00 0.0084
8084.00 0.0108
8086.00 0.0119
8088.00 0.0143
8090.00 0.0181
8092.00 0.0246
8094.00 0.0273
8096.00 0.0343
8098.00 0.0442
8100.00 0.0532
8102.00 0.0673
8104.00 0.0888
8106.00 0.1116
8108.00 0.1412
8110.00 0.1723
8112.00 0.2123
8114.00 0.2700
8116.00 0.3290
8118.00 0.4094
8120.00 0.4792
8122.00 0.5525
8124.00 0.6096
8126.00 0.6779
8128.00 0.7210
8130.00 0.7628
8132.00 0.7810
8134.00 0.7867
8136.00 0.8204
8138.00 0.8392
8140.00 0.8257
8142.00 0.8356
8144.00 0.8257
8146.00 0.8237
8148.00 0.8242
8150.00 0.8371
8152.00 0.8303
8154.00 0.8422
8156.00 0.8152
8158.00 0.8451
8160.00 0.8200
8162.00 0.8178
8164.00 0.8216
8166.00 0.8191
8168.00 0.8241
8170.00 0.8397
8172.00 0.8201
8174.00 0.8319
8176.00 0.8252
8178.00 0.7912
8180.00 0.7390
8182.00 0.6594
8184.00 0.5706
8186.00 0.4738
8188.00 0.3614
8190.00 0.2883
8192.00 0.2145
8194.00 0.1602
8196.00 0.1249
8198.00 0.0919
8200.00 0.0668
8202.00 0.0501
8204.00 0.0374
8206.00 0.0303
8208.00 0.0223
8210.00 0.0178
8212.00 0.0137
8214.00 0.0125
8216.00 0.0089
8218.00 0.0073
8220.00 0.0065
8222.00 0.0043
8224.00 0.0034
8226.00 0.0029
8228.00 0.0028
8230.00 0.0023
8232.00 0.0015
8234.00 0.0017
8236.00 0.0019
8238.00 0.0014
8240.00 0.0004
