6940.0000 0.0001
6942.0000 0.0001
6944.0000 0.0001
6946.0000 0.0001
6948.0000 0.0002
6950.0000 0.0002
6952.0000 0.0002
6954.0000 0.0002
6956.0000 0.0003
6958.0000 0.0003
6960.0000 0.0003
6962.0000 0.0004
6964.0000 0.0004
6966.0000 0.0005
6968.0000 0.0005
6970.0000 0.0006
6972.0000 0.0007
6974.0000 0.0007
6976.0000 0.0008
6978.0000 0.0009
6980.0000 0.0010
6982.0000 0.0011
6984.0000 0.0013
6986.0000 0.0014
6988.0000 0.0015
6990.0000 0.0017
6992.0000 0.0019
6994.0000 0.0021
6996.0000 0.0023
6998.0000 0.0025
7000.0000 0.0027
7002.0000 0.0030
7004.0000 0.0033
7006.0000 0.0036
7008.0000 0.0039
7010.0000 0.0043
7012.0000 0.0046
7014.0000 0.0051
7016.0000 0.0055
7018.0000 0.0060
7020.0000 0.0064
7022.0000 0.0070
7024.0000 0.0075
7026.0000 0.0081
7028.0000 0.0088
7030.0000 0.0095
7032.0000 0.0102
7034.0000 0.0110
7036.0000 0.0118
7038.0000 0.0126
7040.0000 0.0135
7042.0000 0.0145
7044.0000 0.0155
7046.0000 0.0166
7048.0000 0.0177
7050.0000 0.0188
7052.0000 0.0201
7054.0000 0.0213
7056.0000 0.0227
7058.0000 0.0241
7060.0000 0.0256
7062.0000 0.0271
7064.0000 0.0287
7066.0000 0.0304
7068.0000 0.0322
7070.0000 0.0340
7072.0000 0.0358
7074.0000 0.0378
7076.0000 0.0398
7078.0000 0.0419
7080.0000 0.0441
7082.0000 0.0464
7084.0000 0.0487
7086.0000 0.0511
7088.0000 0.0537
7090.0000 0.0563
7092.0000 0.0590
7094.0000 0.0618
7096.0000 0.0646
7098.0000 0.0675
7100.0000 0.0705
7102.0000 0.0736
7104.0000 0.0767
7106.0000 0.0799
7108.0000 0.0832
7110.0000 0.0866
7112.0000 0.0900
7114.0000 0.0937
7116.0000 0.0974
7118.0000 0.1012
7120.0000 0.1050
7122.0000 0.1090
7124.0000 0.1130
7126.0000 0.1170
7128.0000 0.1211
7130.0000 0.1253
7132.0000 0.1296
7134.0000 0.1339
7136.0000 0.1383
7138.0000 0.1428
7140.0000 0.1474
7142.0000 0.1521
7144.0000 0.1568
7146.0000 0.1617
7148.0000 0.1666
7150.0000 0.1715
7152.0000 0.1765
7154.0000 0.1815
7156.0000 0.1866
7158.0000 0.1918
7160.0000 0.1970
7162.0000 0.2022
7164.0000 0.2075
7166.0000 0.2129
7168.0000 0.2184
7170.0000 0.2239
7172.0000 0.2295
7174.0000 0.2351
7176.0000 0.2406
7178.0000 0.2462
7180.0000 0.2518
7182.0000 0.2574
7184.0000 0.2631
7186.0000 0.2688
7188.0000 0.2746
7190.0000 0.2805
7192.0000 0.2864
7194.0000 0.2924
7196.0000 0.2984
7198.0000 0.3044
7200.0000 0.3103
7202.0000 0.3162
7204.0000 0.3221
7206.0000 0.3280
7208.0000 0.3338
7210.0000 0.3397
7212.0000 0.3457
7214.0000 0.3517
7216.0000 0.3578
7218.0000 0.3640
7220.0000 0.3702
7222.0000 0.3764
7224.0000 0.3827
7226.0000 0.3889
7228.0000 0.3950
7230.0000 0.4010
7232.0000 0.4069
7234.0000 0.4127
7236.0000 0.4184
7238.0000 0.4241
7240.0000 0.4299
7242.0000 0.4357
7244.0000 0.4416
7246.0000 0.4476
7248.0000 0.4538
7250.0000 0.4600
7252.0000 0.4662
7254.0000 0.4724
7256.0000 0.4785
7258.0000 0.4844
7260.0000 0.4902
7262.0000 0.4959
7264.0000 0.5014
7266.0000 0.5068
7268.0000 0.5122
7270.0000 0.5175
7272.0000 0.5229
7274.0000 0.5284
7276.0000 0.5339
7278.0000 0.5395
7280.0000 0.5451
7282.0000 0.5506
7284.0000 0.5560
7286.0000 0.5613
7288.0000 0.5666
7290.0000 0.5717
7292.0000 0.5768
7294.0000 0.5819
7296.0000 0.5870
7298.0000 0.5920
7300.0000 0.5970
7302.0000 0.6019
7304.0000 0.6067
7306.0000 0.6115
7308.0000 0.6163
7310.0000 0.6212
7312.0000 0.6260
7314.0000 0.6309
7316.0000 0.6357
7318.0000 0.6405
7320.0000 0.6452
7322.0000 0.6498
7324.0000 0.6543
7326.0000 0.6588
7328.0000 0.6631
7330.0000 0.6674
7332.0000 0.6716
7334.0000 0.6758
7336.0000 0.6798
7338.0000 0.6839
7340.0000 0.6881
7342.0000 0.6923
7344.0000 0.6967
7346.0000 0.7012
7348.0000 0.7057
7350.0000 0.7101
7352.0000 0.7143
7354.0000 0.7182
7356.0000 0.7218
7358.0000 0.7252
7360.0000 0.7284
7362.0000 0.7315
7364.0000 0.7347
7366.0000 0.7379
7368.0000 0.7412
7370.0000 0.7446
7372.0000 0.7481
7374.0000 0.7516
7376.0000 0.7552
7378.0000 0.7587
7380.0000 0.7620
7382.0000 0.7653
7384.0000 0.7684
7386.0000 0.7715
7388.0000 0.7746
7390.0000 0.7776
7392.0000 0.7807
7394.0000 0.7837
7396.0000 0.7866
7398.0000 0.7894
7400.0000 0.7922
7402.0000 0.7950
7404.0000 0.7977
7406.0000 0.8005
7408.0000 0.8033
7410.0000 0.8060
7412.0000 0.8088
7414.0000 0.8115
7416.0000 0.8140
7418.0000 0.8164
7420.0000 0.8187
7422.0000 0.8209
7424.0000 0.8230
7426.0000 0.8252
7428.0000 0.8274
7430.0000 0.8297
7432.0000 0.8322
7434.0000 0.8346
7436.0000 0.8371
7438.0000 0.8396
7440.0000 0.8419
7442.0000 0.8442
7444.0000 0.8463
7446.0000 0.8484
7448.0000 0.8503
7450.0000 0.8522
7452.0000 0.8540
7454.0000 0.8558
7456.0000 0.8575
7458.0000 0.8592
7460.0000 0.8610
7462.0000 0.8629
7464.0000 0.8649
7466.0000 0.8669
7468.0000 0.8689
7470.0000 0.8707
7472.0000 0.8724
7474.0000 0.8738
7476.0000 0.8750
7478.0000 0.8761
7480.0000 0.8772
7482.0000 0.8783
7484.0000 0.8796
7486.0000 0.8810
7488.0000 0.8825
7490.0000 0.8841
7492.0000 0.8857
7494.0000 0.8873
7496.0000 0.8887
7498.0000 0.8901
7500.0000 0.8914
7502.0000 0.8927
7504.0000 0.8940
7506.0000 0.8954
7508.0000 0.8968
7510.0000 0.8983
7512.0000 0.8998
7514.0000 0.9013
7516.0000 0.9027
7518.0000 0.9040
7520.0000 0.9052
7522.0000 0.9063
7524.0000 0.9073
7526.0000 0.9083
7528.0000 0.9092
7530.0000 0.9102
7532.0000 0.9113
7534.0000 0.9124
7536.0000 0.9135
7538.0000 0.9145
7540.0000 0.9154
7542.0000 0.9160
7544.0000 0.9166
7546.0000 0.9170
7548.0000 0.9175
7550.0000 0.9181
7552.0000 0.9190
7554.0000 0.9201
7556.0000 0.9213
7558.0000 0.9224
7560.0000 0.9235
7562.0000 0.9243
7564.0000 0.9249
7566.0000 0.9253
7568.0000 0.9256
7570.0000 0.9260
7572.0000 0.9265
7574.0000 0.9271
7576.0000 0.9279
7578.0000 0.9289
7580.0000 0.9299
7582.0000 0.9308
7584.0000 0.9316
7586.0000 0.9323
7588.0000 0.9329
7590.0000 0.9335
7592.0000 0.9340
7594.0000 0.9345
7596.0000 0.9350
7598.0000 0.9356
7600.0000 0.9362
7602.0000 0.9369
7604.0000 0.9376
7606.0000 0.9384
7608.0000 0.9391
7610.0000 0.9397
7612.0000 0.9402
7614.0000 0.9405
7616.0000 0.9407
7618.0000 0.9408
7620.0000 0.9410
7622.0000 0.9412
7624.0000 0.9416
7626.0000 0.9422
7628.0000 0.9428
7630.0000 0.9434
7632.0000 0.9441
7634.0000 0.9447
7636.0000 0.9451
7638.0000 0.9455
7640.0000 0.9458
7642.0000 0.9460
7644.0000 0.9460
7646.0000 0.9460
7648.0000 0.9460
7650.0000 0.9460
7652.0000 0.9462
7654.0000 0.9465
7656.0000 0.9469
7658.0000 0.9475
7660.0000 0.9481
7662.0000 0.9486
7664.0000 0.9491
7666.0000 0.9494
7668.0000 0.9496
7670.0000 0.9497
7672.0000 0.9499
7674.0000 0.9501
7676.0000 0.9503
7678.0000 0.9507
7680.0000 0.9510
7682.0000 0.9513
7684.0000 0.9513
7686.0000 0.9511
7688.0000 0.9507
7690.0000 0.9503
7692.0000 0.9500
7694.0000 0.9500
7696.0000 0.9505
7698.0000 0.9513
7700.0000 0.9525
7702.0000 0.9539
7704.0000 0.9553
7706.0000 0.9565
7708.0000 0.9573
7710.0000 0.9577
7712.0000 0.9577
7714.0000 0.9572
7716.0000 0.9564
7718.0000 0.9553
7720.0000 0.9543
7722.0000 0.9534
7724.0000 0.9530
7726.0000 0.9529
7728.0000 0.9534
7730.0000 0.9541
7732.0000 0.9549
7734.0000 0.9556
7736.0000 0.9561
7738.0000 0.9563
7740.0000 0.9562
7742.0000 0.9561
7744.0000 0.9561
7746.0000 0.9562
7748.0000 0.9565
7750.0000 0.9570
7752.0000 0.9577
7754.0000 0.9583
7756.0000 0.9588
7758.0000 0.9591
7760.0000 0.9593
7762.0000 0.9593
7764.0000 0.9591
7766.0000 0.9588
7768.0000 0.9586
7770.0000 0.9583
7772.0000 0.9583
7774.0000 0.9584
7776.0000 0.9588
7778.0000 0.9592
7780.0000 0.9598
7782.0000 0.9603
7784.0000 0.9606
7786.0000 0.9608
7788.0000 0.9607
7790.0000 0.9606
7792.0000 0.9604
7794.0000 0.9602
7796.0000 0.9601
7798.0000 0.9600
7800.0000 0.9600
7802.0000 0.9599
7804.0000 0.9598
7806.0000 0.9595
7808.0000 0.9592
7810.0000 0.9589
7812.0000 0.9586
7814.0000 0.9583
7816.0000 0.9581
7818.0000 0.9581
7820.0000 0.9581
7822.0000 0.9583
7824.0000 0.9587
7826.0000 0.9592
7828.0000 0.9598
7830.0000 0.9603
7832.0000 0.9605
7834.0000 0.9605
7836.0000 0.9602
7838.0000 0.9596
7840.0000 0.9589
7842.0000 0.9583
7844.0000 0.9578
7846.0000 0.9575
7848.0000 0.9575
7850.0000 0.9578
7852.0000 0.9582
7854.0000 0.9587
7856.0000 0.9592
7858.0000 0.9596
7860.0000 0.9598
7862.0000 0.9599
7864.0000 0.9598
7866.0000 0.9595
7868.0000 0.9591
7870.0000 0.9586
7872.0000 0.9582
7874.0000 0.9580
7876.0000 0.9579
7878.0000 0.9580
7880.0000 0.9583
7882.0000 0.9585
7884.0000 0.9587
7886.0000 0.9590
7888.0000 0.9592
7890.0000 0.9594
7892.0000 0.9597
7894.0000 0.9601
7896.0000 0.9606
7898.0000 0.9610
7900.0000 0.9613
7902.0000 0.9614
7904.0000 0.9613
7906.0000 0.9609
7908.0000 0.9604
7910.0000 0.9598
7912.0000 0.9593
7914.0000 0.9589
7916.0000 0.9585
7918.0000 0.9583
7920.0000 0.9582
7922.0000 0.9582
7924.0000 0.9582
7926.0000 0.9584
7928.0000 0.9587
7930.0000 0.9591
7932.0000 0.9595
7934.0000 0.9599
7936.0000 0.9602
7938.0000 0.9603
7940.0000 0.9603
7942.0000 0.9601
7944.0000 0.9598
7946.0000 0.9596
7948.0000 0.9594
7950.0000 0.9594
7952.0000 0.9594
7954.0000 0.9594
7956.0000 0.9592
7958.0000 0.9588
7960.0000 0.9583
7962.0000 0.9576
7964.0000 0.9570
7966.0000 0.9566
7968.0000 0.9565
7970.0000 0.9567
7972.0000 0.9570
7974.0000 0.9575
7976.0000 0.9579
7978.0000 0.9582
7980.0000 0.9585
7982.0000 0.9586
7984.0000 0.9586
7986.0000 0.9585
7988.0000 0.9584
7990.0000 0.9583
7992.0000 0.9582
7994.0000 0.9583
7996.0000 0.9584
7998.0000 0.9587
8000.0000 0.9591
8002.0000 0.9594
8004.0000 0.9596
8006.0000 0.9598
8008.0000 0.9598
8010.0000 0.9598
8012.0000 0.9597
8014.0000 0.9596
8016.0000 0.9595
8018.0000 0.9595
8020.0000 0.9594
8022.0000 0.9593
8024.0000 0.9591
8026.0000 0.9590
8028.0000 0.9589
8030.0000 0.9587
8032.0000 0.9586
8034.0000 0.9585
8036.0000 0.9584
8038.0000 0.9583
8040.0000 0.9582
8042.0000 0.9582
8044.0000 0.9581
8046.0000 0.9581
8048.0000 0.9580
8050.0000 0.9580
8052.0000 0.9580
8054.0000 0.9580
8056.0000 0.9581
8058.0000 0.9581
8060.0000 0.9581
8062.0000 0.9581
8064.0000 0.9581
8066.0000 0.9580
8068.0000 0.9579
8070.0000 0.9578
8072.0000 0.9576
8074.0000 0.9575
8076.0000 0.9573
8078.0000 0.9572
8080.0000 0.9572
8082.0000 0.9572
8084.0000 0.9571
8086.0000 0.9571
8088.0000 0.9571
8090.0000 0.9571
8092.0000 0.9571
8094.0000 0.9571
8096.0000 0.9571
8098.0000 0.9570
8100.0000 0.9570
8102.0000 0.9570
8104.0000 0.9570
8106.0000 0.9570
8108.0000 0.9569
8110.0000 0.9569
8112.0000 0.9568
8114.0000 0.9567
8116.0000 0.9567
8118.0000 0.9567
8120.0000 0.9566
8122.0000 0.9566
8124.0000 0.9565
8126.0000 0.9564
8128.0000 0.9563
8130.0000 0.9562
8132.0000 0.9561
8134.0000 0.9559
8136.0000 0.9558
8138.0000 0.9557
8140.0000 0.9555
8142.0000 0.9554
8144.0000 0.9553
8146.0000 0.9552
8148.0000 0.9552
8150.0000 0.9551
8152.0000 0.9551
8154.0000 0.9551
8156.0000 0.9551
8158.0000 0.9551
8160.0000 0.9551
8162.0000 0.9550
8164.0000 0.9550
8166.0000 0.9548
8168.0000 0.9547
8170.0000 0.9546
8172.0000 0.9545
8174.0000 0.9544
8176.0000 0.9544
8178.0000 0.9544
8180.0000 0.9544
8182.0000 0.9544
8184.0000 0.9544
8186.0000 0.9544
8188.0000 0.9543
8190.0000 0.9542
8192.0000 0.9541
8194.0000 0.9540
8196.0000 0.9539
8198.0000 0.9538
8200.0000 0.9536
8202.0000 0.9535
8204.0000 0.9533
8206.0000 0.9532
8208.0000 0.9531
8210.0000 0.9530
8212.0000 0.9529
8214.0000 0.9528
8216.0000 0.9528
8218.0000 0.9527
8220.0000 0.9527
8222.0000 0.9527
8224.0000 0.9526
8226.0000 0.9526
8228.0000 0.9525
8230.0000 0.9524
8232.0000 0.9524
8234.0000 0.9523
8236.0000 0.9522
8238.0000 0.9522
8240.0000 0.9521
8242.0000 0.9520
8244.0000 0.9519
8246.0000 0.9518
8248.0000 0.9517
8250.0000 0.9516
8252.0000 0.9515
8254.0000 0.9515
8256.0000 0.9514
8258.0000 0.9512
8260.0000 0.9510
8262.0000 0.9508
8264.0000 0.9506
8266.0000 0.9505
8268.0000 0.9503
8270.0000 0.9503
8272.0000 0.9503
8274.0000 0.9503
8276.0000 0.9503
8278.0000 0.9502
8280.0000 0.9501
8282.0000 0.9500
8284.0000 0.9498
8286.0000 0.9497
8288.0000 0.9495
8290.0000 0.9494
8292.0000 0.9493
8294.0000 0.9493
8296.0000 0.9492
8298.0000 0.9492
8300.0000 0.9492
8302.0000 0.9491
8304.0000 0.9491
8306.0000 0.9490
8308.0000 0.9488
8310.0000 0.9487
8312.0000 0.9485
8314.0000 0.9482
8316.0000 0.9480
8318.0000 0.9479
8320.0000 0.9477
8322.0000 0.9476
8324.0000 0.9476
8326.0000 0.9475
8328.0000 0.9475
8330.0000 0.9474
8332.0000 0.9474
8334.0000 0.9473
8336.0000 0.9472
8338.0000 0.9470
8340.0000 0.9469
8342.0000 0.9467
8344.0000 0.9465
8346.0000 0.9464
8348.0000 0.9462
8350.0000 0.9460
8352.0000 0.9459
8354.0000 0.9457
8356.0000 0.9456
8358.0000 0.9455
8360.0000 0.9454
8362.0000 0.9453
8364.0000 0.9453
8366.0000 0.9451
8368.0000 0.9450
8370.0000 0.9449
8372.0000 0.9447
8374.0000 0.9445
8376.0000 0.9444
8378.0000 0.9443
8380.0000 0.9442
8382.0000 0.9441
8384.0000 0.9440
8386.0000 0.9439
8388.0000 0.9438
8390.0000 0.9436
8392.0000 0.9434
8394.0000 0.9432
8396.0000 0.9430
8398.0000 0.9429
8400.0000 0.9427
8402.0000 0.9426
8404.0000 0.9425
8406.0000 0.9424
8408.0000 0.9423
8410.0000 0.9421
8412.0000 0.9419
8414.0000 0.9418
8416.0000 0.9416
8418.0000 0.9414
8420.0000 0.9413
8422.0000 0.9411
8424.0000 0.9409
8426.0000 0.9408
8428.0000 0.9406
8430.0000 0.9404
8432.0000 0.9402
8434.0000 0.9401
8436.0000 0.9400
8438.0000 0.9399
8440.0000 0.9398
8442.0000 0.9396
8444.0000 0.9395
8446.0000 0.9393
8448.0000 0.9391
8450.0000 0.9389
8452.0000 0.9388
8454.0000 0.9386
8456.0000 0.9385
8458.0000 0.9384
8460.0000 0.9382
8462.0000 0.9381
8464.0000 0.9380
8466.0000 0.9379
8468.0000 0.9378
8470.0000 0.9376
8472.0000 0.9375
8474.0000 0.9374
8476.0000 0.9373
8478.0000 0.9372
8480.0000 0.9370
8482.0000 0.9369
8484.0000 0.9367
8486.0000 0.9365
8488.0000 0.9363
8490.0000 0.9361
8492.0000 0.9359
8494.0000 0.9358
8496.0000 0.9357
8498.0000 0.9357
8500.0000 0.9357
8502.0000 0.9356
8504.0000 0.9356
8506.0000 0.9355
8508.0000 0.9354
8510.0000 0.9352
8512.0000 0.9350
8514.0000 0.9348
8516.0000 0.9345
8518.0000 0.9343
8520.0000 0.9340
8522.0000 0.9338
8524.0000 0.9335
8526.0000 0.9333
8528.0000 0.9331
8530.0000 0.9330
8532.0000 0.9328
8534.0000 0.9326
8536.0000 0.9324
8538.0000 0.9323
8540.0000 0.9321
8542.0000 0.9319
8544.0000 0.9318
8546.0000 0.9317
8548.0000 0.9317
8550.0000 0.9316
8552.0000 0.9316
8554.0000 0.9315
8556.0000 0.9314
8558.0000 0.9312
8560.0000 0.9310
8562.0000 0.9308
8564.0000 0.9305
8566.0000 0.9302
8568.0000 0.9299
8570.0000 0.9297
8572.0000 0.9295
8574.0000 0.9293
8576.0000 0.9292
8578.0000 0.9291
8580.0000 0.9290
8582.0000 0.9289
8584.0000 0.9289
8586.0000 0.9288
8588.0000 0.9287
8590.0000 0.9286
8592.0000 0.9285
8594.0000 0.9284
8596.0000 0.9282
8598.0000 0.9281
8600.0000 0.9279
8602.0000 0.9278
8604.0000 0.9278
8606.0000 0.9277
8608.0000 0.9276
8610.0000 0.9275
8612.0000 0.9274
8614.0000 0.9272
8616.0000 0.9270
8618.0000 0.9269
8620.0000 0.9267
8622.0000 0.9266
8624.0000 0.9266
8626.0000 0.9266
8628.0000 0.9266
8630.0000 0.9266
8632.0000 0.9266
8634.0000 0.9265
8636.0000 0.9264
8638.0000 0.9263
8640.0000 0.9261
8642.0000 0.9260
8644.0000 0.9258
8646.0000 0.9255
8648.0000 0.9253
8650.0000 0.9251
8652.0000 0.9249
8654.0000 0.9246
8656.0000 0.9245
8658.0000 0.9243
8660.0000 0.9243
8662.0000 0.9242
8664.0000 0.9241
8666.0000 0.9241
8668.0000 0.9240
8670.0000 0.9239
8672.0000 0.9237
8674.0000 0.9235
8676.0000 0.9233
8678.0000 0.9231
8680.0000 0.9229
8682.0000 0.9227
8684.0000 0.9225
8686.0000 0.9223
8688.0000 0.9222
8690.0000 0.9220
8692.0000 0.9219
8694.0000 0.9218
8696.0000 0.9216
8698.0000 0.9214
8700.0000 0.9212
8702.0000 0.9209
8704.0000 0.9206
8706.0000 0.9203
8708.0000 0.9201
8710.0000 0.9198
8712.0000 0.9196
8714.0000 0.9194
8716.0000 0.9192
8718.0000 0.9191
8720.0000 0.9189
8722.0000 0.9188
8724.0000 0.9186
8726.0000 0.9185
8728.0000 0.9184
8730.0000 0.9182
8732.0000 0.9181
8734.0000 0.9179
8736.0000 0.9178
8738.0000 0.9176
8740.0000 0.9174
8742.0000 0.9171
8744.0000 0.9169
8746.0000 0.9167
8748.0000 0.9165
8750.0000 0.9164
8752.0000 0.9162
8754.0000 0.9161
8756.0000 0.9159
8758.0000 0.9157
8760.0000 0.9155
8762.0000 0.9153
8764.0000 0.9150
8766.0000 0.9148
8768.0000 0.9146
8770.0000 0.9143
8772.0000 0.9141
8774.0000 0.9140
8776.0000 0.9138
8778.0000 0.9136
8780.0000 0.9134
8782.0000 0.9133
8784.0000 0.9131
8786.0000 0.9130
8788.0000 0.9128
8790.0000 0.9126
8792.0000 0.9124
8794.0000 0.9121
8796.0000 0.9119
8798.0000 0.9116
8800.0000 0.9114
8802.0000 0.9112
8804.0000 0.9110
8806.0000 0.9109
8808.0000 0.9107
8810.0000 0.9106
8812.0000 0.9105
8814.0000 0.9103
8816.0000 0.9101
8818.0000 0.9100
8820.0000 0.9097
8822.0000 0.9095
8824.0000 0.9093
8826.0000 0.9090
8828.0000 0.9088
8830.0000 0.9086
8832.0000 0.9085
8834.0000 0.9083
8836.0000 0.9081
8838.0000 0.9079
8840.0000 0.9077
8842.0000 0.9075
8844.0000 0.9072
8846.0000 0.9070
8848.0000 0.9067
8850.0000 0.9064
8852.0000 0.9061
8854.0000 0.9059
8856.0000 0.9057
8858.0000 0.9055
8860.0000 0.9054
8862.0000 0.9052
8864.0000 0.9050
8866.0000 0.9049
8868.0000 0.9047
8870.0000 0.9045
8872.0000 0.9043
8874.0000 0.9041
8876.0000 0.9039
8878.0000 0.9036
8880.0000 0.9034
8882.0000 0.9032
8884.0000 0.9029
8886.0000 0.9027
8888.0000 0.9024
8890.0000 0.9022
8892.0000 0.9019
8894.0000 0.9017
8896.0000 0.9015
8898.0000 0.9013
8900.0000 0.9012
8902.0000 0.9010
8904.0000 0.9008
8906.0000 0.9006
8908.0000 0.9004
8910.0000 0.9001
8912.0000 0.8998
8914.0000 0.8994
8916.0000 0.8991
8918.0000 0.8988
8920.0000 0.8985
8922.0000 0.8982
8924.0000 0.8980
8926.0000 0.8979
8928.0000 0.8978
8930.0000 0.8977
8932.0000 0.8976
8934.0000 0.8975
8936.0000 0.8973
8938.0000 0.8971
8940.0000 0.8969
8942.0000 0.8967
8944.0000 0.8965
8946.0000 0.8962
8948.0000 0.8961
8950.0000 0.8959
8952.0000 0.8958
8954.0000 0.8957
8956.0000 0.8955
8958.0000 0.8953
8960.0000 0.8950
8962.0000 0.8947
8964.0000 0.8944
8966.0000 0.8941
8968.0000 0.8938
8970.0000 0.8935
8972.0000 0.8932
8974.0000 0.8930
8976.0000 0.8927
8978.0000 0.8924
8980.0000 0.8921
8982.0000 0.8918
8984.0000 0.8915
8986.0000 0.8913
8988.0000 0.8910
8990.0000 0.8909
8992.0000 0.8907
8994.0000 0.8906
8996.0000 0.8904
8998.0000 0.8902
9000.0000 0.8900
9002.0000 0.8897
9004.0000 0.8894
9006.0000 0.8891
9008.0000 0.8887
9010.0000 0.8884
9012.0000 0.8881
9014.0000 0.8877
9016.0000 0.8874
9018.0000 0.8871
9020.0000 0.8868
9022.0000 0.8865
9024.0000 0.8862
9026.0000 0.8859
9028.0000 0.8856
9030.0000 0.8853
9032.0000 0.8851
9034.0000 0.8848
9036.0000 0.8846
9038.0000 0.8843
9040.0000 0.8841
9042.0000 0.8839
9044.0000 0.8837
9046.0000 0.8834
9048.0000 0.8831
9050.0000 0.8828
9052.0000 0.8824
9054.0000 0.8821
9056.0000 0.8817
9058.0000 0.8814
9060.0000 0.8812
9062.0000 0.8809
9064.0000 0.8807
9066.0000 0.8805
9068.0000 0.8802
9070.0000 0.8800
9072.0000 0.8797
9074.0000 0.8794
9076.0000 0.8791
9078.0000 0.8788
9080.0000 0.8784
9082.0000 0.8781
9084.0000 0.8778
9086.0000 0.8774
9088.0000 0.8771
9090.0000 0.8768
9092.0000 0.8765
9094.0000 0.8762
9096.0000 0.8759
9098.0000 0.8756
9100.0000 0.8753
9102.0000 0.8750
9104.0000 0.8747
9106.0000 0.8743
9108.0000 0.8740
9110.0000 0.8737
9112.0000 0.8733
9114.0000 0.8730
9116.0000 0.8727
9118.0000 0.8724
9120.0000 0.8722
9122.0000 0.8719
9124.0000 0.8716
9126.0000 0.8714
9128.0000 0.8711
9130.0000 0.8708
9132.0000 0.8706
9134.0000 0.8703
9136.0000 0.8700
9138.0000 0.8698
9140.0000 0.8695
9142.0000 0.8692
9144.0000 0.8689
9146.0000 0.8686
9148.0000 0.8683
9150.0000 0.8680
9152.0000 0.8677
9154.0000 0.8674
9156.0000 0.8672
9158.0000 0.8669
9160.0000 0.8667
9162.0000 0.8664
9164.0000 0.8661
9166.0000 0.8658
9168.0000 0.8655
9170.0000 0.8651
9172.0000 0.8648
9174.0000 0.8645
9176.0000 0.8642
9178.0000 0.8640
9180.0000 0.8637
9182.0000 0.8634
9184.0000 0.8631
9186.0000 0.8628
9188.0000 0.8626
9190.0000 0.8623
9192.0000 0.8621
9194.0000 0.8618
9196.0000 0.8616
9198.0000 0.8614
9200.0000 0.8611
9202.0000 0.8609
9204.0000 0.8607
9206.0000 0.8604
9208.0000 0.8601
9210.0000 0.8599
9212.0000 0.8596
9214.0000 0.8592
9216.0000 0.8589
9218.0000 0.8586
9220.0000 0.8582
9222.0000 0.8579
9224.0000 0.8576
9226.0000 0.8574
9228.0000 0.8571
9230.0000 0.8569
9232.0000 0.8567
9234.0000 0.8565
9236.0000 0.8562
9238.0000 0.8560
9240.0000 0.8557
9242.0000 0.8554
9244.0000 0.8551
9246.0000 0.8547
9248.0000 0.8543
9250.0000 0.8539
9252.0000 0.8536
9254.0000 0.8532
9256.0000 0.8530
9258.0000 0.8527
9260.0000 0.8524
9262.0000 0.8522
9264.0000 0.8519
9266.0000 0.8516
9268.0000 0.8512
9270.0000 0.8509
9272.0000 0.8505
9274.0000 0.8502
9276.0000 0.8499
9278.0000 0.8496
9280.0000 0.8493
9282.0000 0.8490
9284.0000 0.8487
9286.0000 0.8485
9288.0000 0.8482
9290.0000 0.8479
9292.0000 0.8476
9294.0000 0.8473
9296.0000 0.8469
9298.0000 0.8466
9300.0000 0.8462
9302.0000 0.8458
9304.0000 0.8453
9306.0000 0.8450
9308.0000 0.8446
9310.0000 0.8442
9312.0000 0.8439
9314.0000 0.8436
9316.0000 0.8433
9318.0000 0.8429
9320.0000 0.8426
9322.0000 0.8423
9324.0000 0.8419
9326.0000 0.8416
9328.0000 0.8413
9330.0000 0.8410
9332.0000 0.8406
9334.0000 0.8403
9336.0000 0.8399
9338.0000 0.8396
9340.0000 0.8392
9342.0000 0.8388
9344.0000 0.8384
9346.0000 0.8380
9348.0000 0.8377
9350.0000 0.8374
9352.0000 0.8370
9354.0000 0.8367
9356.0000 0.8364
9358.0000 0.8360
9360.0000 0.8357
9362.0000 0.8353
9364.0000 0.8349
9366.0000 0.8345
9368.0000 0.8341
9370.0000 0.8337
9372.0000 0.8333
9374.0000 0.8330
9376.0000 0.8326
9378.0000 0.8322
9380.0000 0.8319
9382.0000 0.8315
9384.0000 0.8312
9386.0000 0.8308
9388.0000 0.8305
9390.0000 0.8301
9392.0000 0.8296
9394.0000 0.8292
9396.0000 0.8287
9398.0000 0.8282
9400.0000 0.8277
9402.0000 0.8272
9404.0000 0.8267
9406.0000 0.8263
9408.0000 0.8260
9410.0000 0.8256
9412.0000 0.8253
9414.0000 0.8250
9416.0000 0.8247
9418.0000 0.8244
9420.0000 0.8240
9422.0000 0.8236
9424.0000 0.8232
9426.0000 0.8227
9428.0000 0.8223
9430.0000 0.8218
9432.0000 0.8214
9434.0000 0.8209
9436.0000 0.8205
9438.0000 0.8200
9440.0000 0.8196
9442.0000 0.8192
9444.0000 0.8187
9446.0000 0.8183
9448.0000 0.8179
9450.0000 0.8175
9452.0000 0.8171
9454.0000 0.8167
9456.0000 0.8163
9458.0000 0.8158
9460.0000 0.8154
9462.0000 0.8149
9464.0000 0.8145
9466.0000 0.8140
9468.0000 0.8135
9470.0000 0.8130
9472.0000 0.8126
9474.0000 0.8122
9476.0000 0.8118
9478.0000 0.8114
9480.0000 0.8111
9482.0000 0.8107
9484.0000 0.8103
9486.0000 0.8099
9488.0000 0.8094
9490.0000 0.8090
9492.0000 0.8084
9494.0000 0.8079
9496.0000 0.8074
9498.0000 0.8069
9500.0000 0.8064
9502.0000 0.8060
9504.0000 0.8055
9506.0000 0.8051
9508.0000 0.8047
9510.0000 0.8043
9512.0000 0.8039
9514.0000 0.8034
9516.0000 0.8029
9518.0000 0.8025
9520.0000 0.8020
9522.0000 0.8015
9524.0000 0.8011
9526.0000 0.8006
9528.0000 0.8002
9530.0000 0.7998
9532.0000 0.7993
9534.0000 0.7989
9536.0000 0.7984
9538.0000 0.7980
9540.0000 0.7975
9542.0000 0.7971
9544.0000 0.7966
9546.0000 0.7962
9548.0000 0.7957
9550.0000 0.7953
9552.0000 0.7949
9554.0000 0.7944
9556.0000 0.7940
9558.0000 0.7935
9560.0000 0.7931
9562.0000 0.7926
9564.0000 0.7921
9566.0000 0.7916
9568.0000 0.7912
9570.0000 0.7907
9572.0000 0.7902
9574.0000 0.7898
9576.0000 0.7894
9578.0000 0.7890
9580.0000 0.7885
9582.0000 0.7881
9584.0000 0.7876
9586.0000 0.7871
9588.0000 0.7866
9590.0000 0.7860
9592.0000 0.7855
9594.0000 0.7850
9596.0000 0.7846
9598.0000 0.7841
9600.0000 0.7837
9602.0000 0.7832
9604.0000 0.7828
9606.0000 0.7824
9608.0000 0.7819
9610.0000 0.7815
9612.0000 0.7810
9614.0000 0.7805
9616.0000 0.7800
9618.0000 0.7795
9620.0000 0.7789
9622.0000 0.7784
9624.0000 0.7779
9626.0000 0.7774
9628.0000 0.7769
9630.0000 0.7765
9632.0000 0.7761
9634.0000 0.7758
9636.0000 0.7754
9638.0000 0.7750
9640.0000 0.7746
9642.0000 0.7741
9644.0000 0.7735
9646.0000 0.7730
9648.0000 0.7724
9650.0000 0.7718
9652.0000 0.7713
9654.0000 0.7708
9656.0000 0.7704
9658.0000 0.7699
9660.0000 0.7695
9662.0000 0.7691
9664.0000 0.7686
9666.0000 0.7681
9668.0000 0.7676
9670.0000 0.7671
9672.0000 0.7666
9674.0000 0.7661
9676.0000 0.7656
9678.0000 0.7652
9680.0000 0.7647
9682.0000 0.7642
9684.0000 0.7637
9686.0000 0.7632
9688.0000 0.7626
9690.0000 0.7621
9692.0000 0.7615
9694.0000 0.7610
9696.0000 0.7604
9698.0000 0.7599
9700.0000 0.7594
9702.0000 0.7590
9704.0000 0.7585
9706.0000 0.7580
9708.0000 0.7575
9710.0000 0.7570
9712.0000 0.7565
9714.0000 0.7559
9716.0000 0.7553
9718.0000 0.7547
9720.0000 0.7541
9722.0000 0.7536
9724.0000 0.7531
9726.0000 0.7525
9728.0000 0.7520
9730.0000 0.7515
9732.0000 0.7510
9734.0000 0.7504
9736.0000 0.7498
9738.0000 0.7492
9740.0000 0.7486
9742.0000 0.7480
9744.0000 0.7474
9746.0000 0.7468
9748.0000 0.7462
9750.0000 0.7457
9752.0000 0.7452
9754.0000 0.7447
9756.0000 0.7442
9758.0000 0.7437
9760.0000 0.7431
9762.0000 0.7426
9764.0000 0.7421
9766.0000 0.7415
9768.0000 0.7410
9770.0000 0.7404
9772.0000 0.7399
9774.0000 0.7394
9776.0000 0.7388
9778.0000 0.7383
9780.0000 0.7377
9782.0000 0.7371
9784.0000 0.7365
9786.0000 0.7359
9788.0000 0.7352
9790.0000 0.7346
9792.0000 0.7340
9794.0000 0.7334
9796.0000 0.7328
9798.0000 0.7322
9800.0000 0.7316
9802.0000 0.7310
9804.0000 0.7304
9806.0000 0.7298
9808.0000 0.7292
9810.0000 0.7286
9812.0000 0.7280
9814.0000 0.7275
9816.0000 0.7269
9818.0000 0.7264
9820.0000 0.7259
9822.0000 0.7253
9824.0000 0.7247
9826.0000 0.7242
9828.0000 0.7236
9830.0000 0.7229
9832.0000 0.7223
9834.0000 0.7217
9836.0000 0.7211
9838.0000 0.7204
9840.0000 0.7198
9842.0000 0.7192
9844.0000 0.7186
9846.0000 0.7180
9848.0000 0.7173
9850.0000 0.7167
9852.0000 0.7160
9854.0000 0.7154
9856.0000 0.7147
9858.0000 0.7140
9860.0000 0.7134
9862.0000 0.7128
9864.0000 0.7122
9866.0000 0.7116
9868.0000 0.7110
9870.0000 0.7104
9872.0000 0.7098
9874.0000 0.7091
9876.0000 0.7085
9878.0000 0.7078
9880.0000 0.7071
9882.0000 0.7065
9884.0000 0.7058
9886.0000 0.7051
9888.0000 0.7044
9890.0000 0.7037
9892.0000 0.7031
9894.0000 0.7025
9896.0000 0.7020
9898.0000 0.7014
9900.0000 0.7009
9902.0000 0.7003
9904.0000 0.6996
9906.0000 0.6989
9908.0000 0.6982
9910.0000 0.6974
9912.0000 0.6966
9914.0000 0.6959
9916.0000 0.6951
9918.0000 0.6945
9920.0000 0.6938
9922.0000 0.6932
9924.0000 0.6926
9926.0000 0.6920
9928.0000 0.6913
9930.0000 0.6907
9932.0000 0.6900
9934.0000 0.6894
9936.0000 0.6887
9938.0000 0.6880
9940.0000 0.6873
9942.0000 0.6867
9944.0000 0.6860
9946.0000 0.6854
9948.0000 0.6847
9950.0000 0.6841
9952.0000 0.6834
9954.0000 0.6827
9956.0000 0.6819
9958.0000 0.6812
9960.0000 0.6804
9962.0000 0.6797
9964.0000 0.6790
9966.0000 0.6783
9968.0000 0.6777
9970.0000 0.6770
9972.0000 0.6764
9974.0000 0.6757
9976.0000 0.6750
9978.0000 0.6743
9980.0000 0.6736
9982.0000 0.6729
9984.0000 0.6722
9986.0000 0.6715
9988.0000 0.6708
9990.0000 0.6701
9992.0000 0.6694
9994.0000 0.6687
9996.0000 0.6679
9998.0000 0.6672
10000.0000 0.6664
10002.0000 0.6657
10004.0000 0.6649
10006.0000 0.6642
10008.0000 0.6634
10010.0000 0.6626
10012.0000 0.6619
10014.0000 0.6611
10016.0000 0.6603
10018.0000 0.6596
10020.0000 0.6588
10022.0000 0.6581
10024.0000 0.6573
10026.0000 0.6566
10028.0000 0.6558
10030.0000 0.6550
10032.0000 0.6543
10034.0000 0.6535
10036.0000 0.6528
10038.0000 0.6522
10040.0000 0.6515
10042.0000 0.6508
10044.0000 0.6501
10046.0000 0.6494
10048.0000 0.6486
10050.0000 0.6478
10052.0000 0.6470
10054.0000 0.6462
10056.0000 0.6453
10058.0000 0.6445
10060.0000 0.6437
10062.0000 0.6429
10064.0000 0.6422
10066.0000 0.6414
10068.0000 0.6406
10070.0000 0.6399
10072.0000 0.6391
10074.0000 0.6383
10076.0000 0.6375
10078.0000 0.6367
10080.0000 0.6358
10082.0000 0.6350
10084.0000 0.6342
10086.0000 0.6334
10088.0000 0.6326
10090.0000 0.6319
10092.0000 0.6311
10094.0000 0.6304
10096.0000 0.6296
10098.0000 0.6288
10100.0000 0.6280
10102.0000 0.6271
10104.0000 0.6263
10106.0000 0.6254
10108.0000 0.6245
10110.0000 0.6237
10112.0000 0.6229
10114.0000 0.6221
10116.0000 0.6213
10118.0000 0.6205
10120.0000 0.6198
10122.0000 0.6190
10124.0000 0.6182
10126.0000 0.6173
10128.0000 0.6165
10130.0000 0.6156
10132.0000 0.6146
10134.0000 0.6137
10136.0000 0.6129
10138.0000 0.6120
10140.0000 0.6112
10142.0000 0.6103
10144.0000 0.6095
10146.0000 0.6087
10148.0000 0.6078
10150.0000 0.6070
10152.0000 0.6061
10154.0000 0.6052
10156.0000 0.6044
10158.0000 0.6035
10160.0000 0.6027
10162.0000 0.6018
10164.0000 0.6009
10166.0000 0.6001
10168.0000 0.5992
10170.0000 0.5983
10172.0000 0.5974
10174.0000 0.5966
10176.0000 0.5957
10178.0000 0.5948
10180.0000 0.5939
10182.0000 0.5930
10184.0000 0.5921
10186.0000 0.5912
10188.0000 0.5903
10190.0000 0.5893
10192.0000 0.5884
10194.0000 0.5874
10196.0000 0.5865
10198.0000 0.5856
10200.0000 0.5847
10202.0000 0.5838
10204.0000 0.5829
10206.0000 0.5820
10208.0000 0.5812
10210.0000 0.5803
10212.0000 0.5795
10214.0000 0.5786
10216.0000 0.5777
10218.0000 0.5768
10220.0000 0.5759
10222.0000 0.5750
10224.0000 0.5741
10226.0000 0.5731
10228.0000 0.5722
10230.0000 0.5713
10232.0000 0.5703
10234.0000 0.5694
10236.0000 0.5685
10238.0000 0.5675
10240.0000 0.5666
10242.0000 0.5657
10244.0000 0.5648
10246.0000 0.5638
10248.0000 0.5629
10250.0000 0.5620
10252.0000 0.5610
10254.0000 0.5601
10256.0000 0.5591
10258.0000 0.5582
10260.0000 0.5572
10262.0000 0.5562
10264.0000 0.5553
10266.0000 0.5543
10268.0000 0.5534
10270.0000 0.5525
10272.0000 0.5515
10274.0000 0.5506
10276.0000 0.5496
10278.0000 0.5486
10280.0000 0.5476
10282.0000 0.5466
10284.0000 0.5456
10286.0000 0.5446
10288.0000 0.5436
10290.0000 0.5426
10292.0000 0.5417
10294.0000 0.5407
10296.0000 0.5398
10298.0000 0.5389
10300.0000 0.5379
10302.0000 0.5369
10304.0000 0.5360
10306.0000 0.5350
10308.0000 0.5340
10310.0000 0.5330
10312.0000 0.5321
10314.0000 0.5311
10316.0000 0.5301
10318.0000 0.5291
10320.0000 0.5281
10322.0000 0.5270
10324.0000 0.5260
10326.0000 0.5250
10328.0000 0.5240
10330.0000 0.5229
10332.0000 0.5219
10334.0000 0.5209
10336.0000 0.5199
10338.0000 0.5189
10340.0000 0.5180
10342.0000 0.5170
10344.0000 0.5160
10346.0000 0.5150
10348.0000 0.5140
10350.0000 0.5130
10352.0000 0.5120
10354.0000 0.5110
10356.0000 0.5099
10358.0000 0.5089
10360.0000 0.5078
10362.0000 0.5068
10364.0000 0.5057
10366.0000 0.5046
10368.0000 0.5036
10370.0000 0.5025
10372.0000 0.5015
10374.0000 0.5005
10376.0000 0.4994
10378.0000 0.4984
10380.0000 0.4974
10382.0000 0.4964
10384.0000 0.4954
10386.0000 0.4943
10388.0000 0.4933
10390.0000 0.4923
10392.0000 0.4912
10394.0000 0.4901
10396.0000 0.4891
10398.0000 0.4880
10400.0000 0.4870
10402.0000 0.4859
10404.0000 0.4849
10406.0000 0.4838
10408.0000 0.4828
10410.0000 0.4817
10412.0000 0.4807
10414.0000 0.4796
10416.0000 0.4786
10418.0000 0.4775
10420.0000 0.4765
10422.0000 0.4754
10424.0000 0.4743
10426.0000 0.4732
10428.0000 0.4721
10430.0000 0.4710
10432.0000 0.4699
10434.0000 0.4689
10436.0000 0.4678
10438.0000 0.4668
10440.0000 0.4658
10442.0000 0.4648
10444.0000 0.4638
10446.0000 0.4627
10448.0000 0.4617
10450.0000 0.4606
10452.0000 0.4595
10454.0000 0.4584
10456.0000 0.4573
10458.0000 0.4562
10460.0000 0.4551
10462.0000 0.4540
10464.0000 0.4529
10466.0000 0.4519
10468.0000 0.4509
10470.0000 0.4498
10472.0000 0.4488
10474.0000 0.4477
10476.0000 0.4466
10478.0000 0.4455
10480.0000 0.4444
10482.0000 0.4433
10484.0000 0.4422
10486.0000 0.4411
10488.0000 0.4400
10490.0000 0.4389
10492.0000 0.4378
10494.0000 0.4368
10496.0000 0.4357
10498.0000 0.4346
10500.0000 0.4335
10502.0000 0.4324
10504.0000 0.4313
10506.0000 0.4302
10508.0000 0.4291
10510.0000 0.4281
10512.0000 0.4270
10514.0000 0.4259
10516.0000 0.4248
10518.0000 0.4237
10520.0000 0.4226
10522.0000 0.4215
10524.0000 0.4204
10526.0000 0.4193
10528.0000 0.4182
10530.0000 0.4171
10532.0000 0.4160
10534.0000 0.4149
10536.0000 0.4138
10538.0000 0.4127
10540.0000 0.4117
10542.0000 0.4106
10544.0000 0.4095
10546.0000 0.4085
10548.0000 0.4074
10550.0000 0.4063
10552.0000 0.4051
10554.0000 0.4040
10556.0000 0.4029
10558.0000 0.4018
10560.0000 0.4007
10562.0000 0.3996
10564.0000 0.3985
10566.0000 0.3974
10568.0000 0.3963
10570.0000 0.3953
10572.0000 0.3942
10574.0000 0.3931
10576.0000 0.3921
10578.0000 0.3910
10580.0000 0.3899
10582.0000 0.3888
10584.0000 0.3877
10586.0000 0.3866
10588.0000 0.3855
10590.0000 0.3844
10592.0000 0.3833
10594.0000 0.3822
10596.0000 0.3811
10598.0000 0.3800
10600.0000 0.3790
10602.0000 0.3779
10604.0000 0.3768
10606.0000 0.3757
10608.0000 0.3747
10610.0000 0.3736
10612.0000 0.3725
10614.0000 0.3715
10616.0000 0.3704
10618.0000 0.3693
10620.0000 0.3682
10622.0000 0.3671
10624.0000 0.3660
10626.0000 0.3649
10628.0000 0.3638
10630.0000 0.3627
10632.0000 0.3616
10634.0000 0.3605
10636.0000 0.3594
10638.0000 0.3583
10640.0000 0.3573
10642.0000 0.3562
10644.0000 0.3552
10646.0000 0.3541
10648.0000 0.3530
10650.0000 0.3520
10652.0000 0.3509
10654.0000 0.3499
10656.0000 0.3488
10658.0000 0.3477
10660.0000 0.3466
10662.0000 0.3456
10664.0000 0.3445
10666.0000 0.3434
10668.0000 0.3423
10670.0000 0.3412
10672.0000 0.3401
10674.0000 0.3390
10676.0000 0.3380
10678.0000 0.3369
10680.0000 0.3358
10682.0000 0.3347
10684.0000 0.3336
10686.0000 0.3326
10688.0000 0.3315
10690.0000 0.3304
10692.0000 0.3294
10694.0000 0.3283
10696.0000 0.3273
10698.0000 0.3262
10700.0000 0.3252
10702.0000 0.3241
10704.0000 0.3230
10706.0000 0.3220
10708.0000 0.3209
10710.0000 0.3198
10712.0000 0.3188
10714.0000 0.3177
10716.0000 0.3166
10718.0000 0.3156
10720.0000 0.3145
10722.0000 0.3135
10724.0000 0.3124
10726.0000 0.3114
10728.0000 0.3104
10730.0000 0.3093
10732.0000 0.3083
10734.0000 0.3072
10736.0000 0.3062
10738.0000 0.3051
10740.0000 0.3041
10742.0000 0.3030
10744.0000 0.3020
10746.0000 0.3010
10748.0000 0.2999
10750.0000 0.2989
10752.0000 0.2979
10754.0000 0.2969
10756.0000 0.2958
10758.0000 0.2948
10760.0000 0.2938
10762.0000 0.2928
10764.0000 0.2917
10766.0000 0.2907
10768.0000 0.2897
10770.0000 0.2887
10772.0000 0.2876
10774.0000 0.2866
10776.0000 0.2856
10778.0000 0.2846
10780.0000 0.2836
10782.0000 0.2825
10784.0000 0.2815
10786.0000 0.2805
10788.0000 0.2795
10790.0000 0.2785
10792.0000 0.2775
10794.0000 0.2764
10796.0000 0.2754
10798.0000 0.2744
10800.0000 0.2733
10802.0000 0.2723
10804.0000 0.2713
10806.0000 0.2703
10808.0000 0.2693
10810.0000 0.2683
10812.0000 0.2673
10814.0000 0.2663
10816.0000 0.2653
10818.0000 0.2643
10820.0000 0.2633
10822.0000 0.2623
10824.0000 0.2613
10826.0000 0.2603
10828.0000 0.2593
10830.0000 0.2583
10832.0000 0.2573
10834.0000 0.2563
10836.0000 0.2553
10838.0000 0.2543
10840.0000 0.2533
10842.0000 0.2523
10844.0000 0.2514
10846.0000 0.2504
10848.0000 0.2494
10850.0000 0.2484
10852.0000 0.2475
10854.0000 0.2465
10856.0000 0.2455
10858.0000 0.2446
10860.0000 0.2436
10862.0000 0.2426
10864.0000 0.2417
10866.0000 0.2407
10868.0000 0.2398
10870.0000 0.2388
10872.0000 0.2378
10874.0000 0.2369
10876.0000 0.2359
10878.0000 0.2349
10880.0000 0.2340
10882.0000 0.2330
10884.0000 0.2321
10886.0000 0.2311
10888.0000 0.2302
10890.0000 0.2292
10892.0000 0.2283
10894.0000 0.2273
10896.0000 0.2264
10898.0000 0.2254
10900.0000 0.2245
10902.0000 0.2235
10904.0000 0.2226
10906.0000 0.2216
10908.0000 0.2207
10910.0000 0.2198
10912.0000 0.2189
10914.0000 0.2180
10916.0000 0.2171
10918.0000 0.2162
10920.0000 0.2153
10922.0000 0.2144
10924.0000 0.2135
10926.0000 0.2125
10928.0000 0.2116
10930.0000 0.2107
10932.0000 0.2098
10934.0000 0.2089
10936.0000 0.2080
10938.0000 0.2071
10940.0000 0.2062
10942.0000 0.2053
10944.0000 0.2044
10946.0000 0.2035
10948.0000 0.2026
10950.0000 0.2017
10952.0000 0.2009
10954.0000 0.2000
10956.0000 0.1991
10958.0000 0.1982
10960.0000 0.1973
10962.0000 0.1964
10964.0000 0.1956
10966.0000 0.1947
10968.0000 0.1938
10970.0000 0.1930
10972.0000 0.1921
10974.0000 0.1913
10976.0000 0.1904
10978.0000 0.1896
10980.0000 0.1887
10982.0000 0.1878
10984.0000 0.1870
10986.0000 0.1861
10988.0000 0.1853
10990.0000 0.1845
10992.0000 0.1836
10994.0000 0.1828
10996.0000 0.1820
10998.0000 0.1812
11000.0000 0.1803
11002.0000 0.1795
11004.0000 0.1787
11006.0000 0.1778
11008.0000 0.1770
11010.0000 0.1762
11012.0000 0.1754
11014.0000 0.1746
11016.0000 0.1738
11018.0000 0.1729
11020.0000 0.1721
11022.0000 0.1713
11024.0000 0.1705
11026.0000 0.1697
11028.0000 0.1690
11030.0000 0.1682
11032.0000 0.1674
11034.0000 0.1666
11036.0000 0.1659
11038.0000 0.1651
11040.0000 0.1643
11042.0000 0.1635
11044.0000 0.1627
11046.0000 0.1619
11048.0000 0.1612
11050.0000 0.1604
11052.0000 0.1596
11054.0000 0.1588
11056.0000 0.1581
11058.0000 0.1573
11060.0000 0.1566
11062.0000 0.1558
11064.0000 0.1551
11066.0000 0.1543
11068.0000 0.1536
11070.0000 0.1528
11072.0000 0.1521
11074.0000 0.1513
11076.0000 0.1506
11078.0000 0.1499
11080.0000 0.1492
11082.0000 0.1484
11084.0000 0.1477
11086.0000 0.1470
11088.0000 0.1463
11090.0000 0.1455
11092.0000 0.1448
11094.0000 0.1440
11096.0000 0.1433
11098.0000 0.1426
11100.0000 0.1419
11102.0000 0.1412
11104.0000 0.1405
11106.0000 0.1398
11108.0000 0.1391
11110.0000 0.1384
11112.0000 0.1377
11114.0000 0.1370
11116.0000 0.1363
11118.0000 0.1356
11120.0000 0.1349
11122.0000 0.1342
11124.0000 0.1335
11126.0000 0.1329
11128.0000 0.1322
11130.0000 0.1315
11132.0000 0.1308
11134.0000 0.1302
11136.0000 0.1295
11138.0000 0.1288
11140.0000 0.1281
11142.0000 0.1275
11144.0000 0.1268
11146.0000 0.1261
11148.0000 0.1255
11150.0000 0.1248
11152.0000 0.1241
11154.0000 0.1235
11156.0000 0.1228
11158.0000 0.1222
11160.0000 0.1216
11162.0000 0.1209
11164.0000 0.1203
11166.0000 0.1197
11168.0000 0.1190
11170.0000 0.1184
11172.0000 0.1178
11174.0000 0.1171
11176.0000 0.1165
11178.0000 0.1159
11180.0000 0.1152
11182.0000 0.1146
11184.0000 0.1140
11186.0000 0.1134
11188.0000 0.1128
11190.0000 0.1122
11192.0000 0.1116
11194.0000 0.1109
11196.0000 0.1103
11198.0000 0.1097
11200.0000 0.1091
11202.0000 0.1085
11204.0000 0.1079
11206.0000 0.1073
11208.0000 0.1067
11210.0000 0.1062
11212.0000 0.1056
11214.0000 0.1050
11216.0000 0.1044
11218.0000 0.1038
11220.0000 0.1033
11222.0000 0.1027
11224.0000 0.1021
11226.0000 0.1015
11228.0000 0.1010
11230.0000 0.1004
11232.0000 0.0998
11234.0000 0.0993
11236.0000 0.0987
11238.0000 0.0981
11240.0000 0.0976
11242.0000 0.0970
11244.0000 0.0964
11246.0000 0.0959
11248.0000 0.0953
11250.0000 0.0948
11252.0000 0.0943
11254.0000 0.0937
11256.0000 0.0932
11258.0000 0.0927
11260.0000 0.0921
11262.0000 0.0916
11264.0000 0.0911
11266.0000 0.0905
11268.0000 0.0900
11270.0000 0.0895
11272.0000 0.0890
11274.0000 0.0884
11276.0000 0.0879
11278.0000 0.0874
11280.0000 0.0869
11282.0000 0.0864
11284.0000 0.0859
11286.0000 0.0854
11288.0000 0.0849
11290.0000 0.0844
11292.0000 0.0839
11294.0000 0.0834
11296.0000 0.0829
11298.0000 0.0824
11300.0000 0.0820
11302.0000 0.0815
11304.0000 0.0810
11306.0000 0.0805
11308.0000 0.0801
11310.0000 0.0796
11312.0000 0.0791
11314.0000 0.0787
11316.0000 0.0782
11318.0000 0.0777
11320.0000 0.0772
11322.0000 0.0768
11324.0000 0.0763
11326.0000 0.0758
11328.0000 0.0754
11330.0000 0.0749
11332.0000 0.0745
11334.0000 0.0740
11336.0000 0.0735
11338.0000 0.0731
11340.0000 0.0727
11342.0000 0.0722
11344.0000 0.0718
11346.0000 0.0713
11348.0000 0.0709
11350.0000 0.0705
11352.0000 0.0701
11354.0000 0.0696
11356.0000 0.0692
11358.0000 0.0688
11360.0000 0.0683
11362.0000 0.0679
11364.0000 0.0675
11366.0000 0.0670
11368.0000 0.0666
11370.0000 0.0662
11372.0000 0.0658
11374.0000 0.0653
11376.0000 0.0649
11378.0000 0.0645
11380.0000 0.0641
11382.0000 0.0637
11384.0000 0.0633
11386.0000 0.0629
11388.0000 0.0625
11390.0000 0.0621
11392.0000 0.0617
11394.0000 0.0613
11396.0000 0.0609
11398.0000 0.0605
11400.0000 0.0601
11402.0000 0.0597
11404.0000 0.0593
11406.0000 0.0589
11408.0000 0.0585
11410.0000 0.0582
11412.0000 0.0578
11414.0000 0.0574
11416.0000 0.0570
11418.0000 0.0567
11420.0000 0.0563
11422.0000 0.0559
11424.0000 0.0555
11426.0000 0.0552
11428.0000 0.0548
11430.0000 0.0545
11432.0000 0.0541
11434.0000 0.0538
11436.0000 0.0534
11438.0000 0.0531
11440.0000 0.0527
11442.0000 0.0524
11444.0000 0.0520
11446.0000 0.0517
11448.0000 0.0514
11450.0000 0.0510
11452.0000 0.0507
11454.0000 0.0504
11456.0000 0.0500
11458.0000 0.0497
11460.0000 0.0494
11462.0000 0.0491
11464.0000 0.0487
11466.0000 0.0484
11468.0000 0.0481
11470.0000 0.0478
11472.0000 0.0475
11474.0000 0.0471
11476.0000 0.0468
11478.0000 0.0465
11480.0000 0.0462
11482.0000 0.0459
11484.0000 0.0456
11486.0000 0.0453
11488.0000 0.0450
11490.0000 0.0447
11492.0000 0.0444
11494.0000 0.0441
11496.0000 0.0438
11498.0000 0.0435
11500.0000 0.0432
11502.0000 0.0429
11504.0000 0.0426
11506.0000 0.0423
11508.0000 0.0420
11510.0000 0.0417
11512.0000 0.0414
11514.0000 0.0411
11516.0000 0.0409
11518.0000 0.0406
11520.0000 0.0403
11522.0000 0.0400
11524.0000 0.0397
11526.0000 0.0395
11528.0000 0.0392
11530.0000 0.0389
11532.0000 0.0387
11534.0000 0.0384
11536.0000 0.0381
11538.0000 0.0379
11540.0000 0.0376
11542.0000 0.0374
11544.0000 0.0371
11546.0000 0.0368
11548.0000 0.0366
11550.0000 0.0363
11552.0000 0.0361
11554.0000 0.0358
11556.0000 0.0356
11558.0000 0.0353
11560.0000 0.0351
11562.0000 0.0348
11564.0000 0.0346
11566.0000 0.0343
11568.0000 0.0341
11570.0000 0.0338
11572.0000 0.0336
11574.0000 0.0333
11576.0000 0.0331
11578.0000 0.0329
11580.0000 0.0326
11582.0000 0.0324
11584.0000 0.0322
11586.0000 0.0320
11588.0000 0.0317
11590.0000 0.0315
11592.0000 0.0313
11594.0000 0.0311
11596.0000 0.0308
11598.0000 0.0306
11600.0000 0.0304
11602.0000 0.0302
11604.0000 0.0299
11606.0000 0.0297
11608.0000 0.0295
11610.0000 0.0293
11612.0000 0.0291
11614.0000 0.0289
11616.0000 0.0287
11618.0000 0.0285
11620.0000 0.0282
11622.0000 0.0280
11624.0000 0.0278
11626.0000 0.0276
11628.0000 0.0274
11630.0000 0.0272
11632.0000 0.0270
11634.0000 0.0268
11636.0000 0.0266
11638.0000 0.0264
11640.0000 0.0263
11642.0000 0.0261
11644.0000 0.0259
11646.0000 0.0257
11648.0000 0.0255
11650.0000 0.0253
11652.0000 0.0251
11654.0000 0.0249
11656.0000 0.0247
11658.0000 0.0246
11660.0000 0.0244
11662.0000 0.0242
11664.0000 0.0240
11666.0000 0.0238
11668.0000 0.0237
11670.0000 0.0235
11672.0000 0.0233
11674.0000 0.0231
11676.0000 0.0229
11678.0000 0.0228
11680.0000 0.0226
11682.0000 0.0224
11684.0000 0.0223
11686.0000 0.0221
11688.0000 0.0219
11690.0000 0.0218
11692.0000 0.0216
11694.0000 0.0214
11696.0000 0.0213
11698.0000 0.0211
11700.0000 0.0210
11702.0000 0.0208
11704.0000 0.0206
11706.0000 0.0205
11708.0000 0.0203
11710.0000 0.0202
11712.0000 0.0200
11714.0000 0.0199
11716.0000 0.0197
11718.0000 0.0196
11720.0000 0.0194
11722.0000 0.0193
11724.0000 0.0191
11726.0000 0.0190
11728.0000 0.0188
11730.0000 0.0187
11732.0000 0.0186
11734.0000 0.0184
11736.0000 0.0183
11738.0000 0.0181
11740.0000 0.0180
11742.0000 0.0178
11744.0000 0.0177
11746.0000 0.0176
11748.0000 0.0174
11750.0000 0.0173
11752.0000 0.0172
11754.0000 0.0170
11756.0000 0.0169
11758.0000 0.0168
11760.0000 0.0166
11762.0000 0.0165
11764.0000 0.0164
11766.0000 0.0163
11768.0000 0.0161
11770.0000 0.0160
11772.0000 0.0159
11774.0000 0.0158
11776.0000 0.0156
11778.0000 0.0155
11780.0000 0.0154
11782.0000 0.0153
11784.0000 0.0152
11786.0000 0.0150
11788.0000 0.0149
11790.0000 0.0148
11792.0000 0.0147
11794.0000 0.0146
11796.0000 0.0145
11798.0000 0.0143
11800.0000 0.0142
11802.0000 0.0141
11804.0000 0.0140
11806.0000 0.0139
11808.0000 0.0138
11810.0000 0.0137
11812.0000 0.0136
11814.0000 0.0135
11816.0000 0.0134
11818.0000 0.0133
11820.0000 0.0132
11822.0000 0.0130
11824.0000 0.0129
11826.0000 0.0128
11828.0000 0.0127
11830.0000 0.0126
11832.0000 0.0125
11834.0000 0.0124
11836.0000 0.0123
11838.0000 0.0122
11840.0000 0.0122
11842.0000 0.0121
11844.0000 0.0120
11846.0000 0.0119
11848.0000 0.0118
11850.0000 0.0117
11852.0000 0.0116
11854.0000 0.0115
11856.0000 0.0114
11858.0000 0.0113
11860.0000 0.0112
11862.0000 0.0111
11864.0000 0.0110
11866.0000 0.0109
11868.0000 0.0109
11870.0000 0.0108
11872.0000 0.0107
11874.0000 0.0106
11876.0000 0.0105
11878.0000 0.0104
11880.0000 0.0104
11882.0000 0.0103
11884.0000 0.0102
11886.0000 0.0101
11888.0000 0.0100
11890.0000 0.0099
11892.0000 0.0099
11894.0000 0.0098
11896.0000 0.0097
11898.0000 0.0096
11900.0000 0.0096
11902.0000 0.0095
11904.0000 0.0094
11906.0000 0.0093
11908.0000 0.0093
11910.0000 0.0092
11912.0000 0.0091
11914.0000 0.0090
11916.0000 0.0090
11918.0000 0.0089
11920.0000 0.0088
11922.0000 0.0087
11924.0000 0.0087
11926.0000 0.0086
11928.0000 0.0085
11930.0000 0.0085
11932.0000 0.0084
11934.0000 0.0083
11936.0000 0.0083
11938.0000 0.0082
11940.0000 0.0081
11942.0000 0.0081
11944.0000 0.0080
11946.0000 0.0079
11948.0000 0.0079
11950.0000 0.0078
11952.0000 0.0077
11954.0000 0.0077
11956.0000 0.0076
11958.0000 0.0076
11960.0000 0.0075
11962.0000 0.0074
11964.0000 0.0074
11966.0000 0.0073
11968.0000 0.0073
11970.0000 0.0072
11972.0000 0.0071
11974.0000 0.0071
11976.0000 0.0070
11978.0000 0.0070
11980.0000 0.0069
11982.0000 0.0069
11984.0000 0.0068
11986.0000 0.0068
11988.0000 0.0067
11990.0000 0.0066
11992.0000 0.0066
11994.0000 0.0065
11996.0000 0.0065
11998.0000 0.0064
12000.0000 0.0064
12002.0000 0.0063
12004.0000 0.0063
12006.0000 0.0062
12008.0000 0.0062
12010.0000 0.0061
12012.0000 0.0061
12014.0000 0.0060
12016.0000 0.0060
12018.0000 0.0059
12020.0000 0.0059
12022.0000 0.0058
12024.0000 0.0058
12026.0000 0.0057
12028.0000 0.0057
12030.0000 0.0056
12032.0000 0.0056
12034.0000 0.0055
12036.0000 0.0055
12038.0000 0.0055
12040.0000 0.0054
12042.0000 0.0054
12044.0000 0.0053
12046.0000 0.0053
12048.0000 0.0052
12050.0000 0.0052
12052.0000 0.0052
12054.0000 0.0051
12056.0000 0.0051
12058.0000 0.0050
12060.0000 0.0050
12062.0000 0.0050
12064.0000 0.0049
12066.0000 0.0049
12068.0000 0.0048
12070.0000 0.0048
12072.0000 0.0048
12074.0000 0.0047
12076.0000 0.0047
12078.0000 0.0046
12080.0000 0.0046
12082.0000 0.0046
12084.0000 0.0045
12086.0000 0.0045
12088.0000 0.0045
12090.0000 0.0044
12092.0000 0.0044
12094.0000 0.0044
12096.0000 0.0043
12098.0000 0.0043
12100.0000 0.0042
12102.0000 0.0042
12104.0000 0.0042
12106.0000 0.0041
12108.0000 0.0041
12110.0000 0.0041
12112.0000 0.0040
12114.0000 0.0040
12116.0000 0.0040
12118.0000 0.0039
12120.0000 0.0039
12122.0000 0.0039
12124.0000 0.0039
12126.0000 0.0038
12128.0000 0.0038
12130.0000 0.0038
12132.0000 0.0037
12134.0000 0.0037
12136.0000 0.0037
12138.0000 0.0036
12140.0000 0.0036
12142.0000 0.0036
12144.0000 0.0036
12146.0000 0.0035
12148.0000 0.0035
12150.0000 0.0035
12152.0000 0.0034
12154.0000 0.0034
12156.0000 0.0034
12158.0000 0.0034
12160.0000 0.0033
12162.0000 0.0033
12164.0000 0.0033
12166.0000 0.0033
12168.0000 0.0032
12170.0000 0.0032
12172.0000 0.0032
12174.0000 0.0032
12176.0000 0.0031
12178.0000 0.0031
12180.0000 0.0031
12182.0000 0.0031
12184.0000 0.0030
12186.0000 0.0030
12188.0000 0.0030
12190.0000 0.0030
12192.0000 0.0029
12194.0000 0.0029
12196.0000 0.0029
12198.0000 0.0029
12200.0000 0.0028
12202.0000 0.0028
12204.0000 0.0028
12206.0000 0.0028
12208.0000 0.0028
12210.0000 0.0027
12212.0000 0.0027
12214.0000 0.0027
12216.0000 0.0027
12218.0000 0.0027
12220.0000 0.0026
12222.0000 0.0026
12224.0000 0.0026
12226.0000 0.0026
12228.0000 0.0026
12230.0000 0.0025
12232.0000 0.0025
12234.0000 0.0025
12236.0000 0.0025
12238.0000 0.0025
12240.0000 0.0024
12242.0000 0.0024
12244.0000 0.0024
12246.0000 0.0024
12248.0000 0.0024
12250.0000 0.0023
12252.0000 0.0023
12254.0000 0.0023
12256.0000 0.0023
12258.0000 0.0023
12260.0000 0.0023
12262.0000 0.0022
12264.0000 0.0022
12266.0000 0.0022
12268.0000 0.0022
12270.0000 0.0022
12272.0000 0.0022
12274.0000 0.0021
12276.0000 0.0021
12278.0000 0.0021
12280.0000 0.0021
12282.0000 0.0021
12284.0000 0.0021
12286.0000 0.0020
12288.0000 0.0020
12290.0000 0.0020
12292.0000 0.0020
12294.0000 0.0020
12296.0000 0.0020
12298.0000 0.0020
12300.0000 0.0019
12302.0000 0.0019
12304.0000 0.0019
12306.0000 0.0019
12308.0000 0.0019
12310.0000 0.0019
12312.0000 0.0019
12314.0000 0.0018
12316.0000 0.0018
12318.0000 0.0018
12320.0000 0.0018
12322.0000 0.0018
12324.0000 0.0018
12326.0000 0.0018
12328.0000 0.0017
12330.0000 0.0017
12332.0000 0.0017
12334.0000 0.0017
12336.0000 0.0017
12338.0000 0.0017
12340.0000 0.0017
12342.0000 0.0017
12344.0000 0.0016
12346.0000 0.0016
12348.0000 0.0016
12350.0000 0.0016
12352.0000 0.0016
12354.0000 0.0016
12356.0000 0.0016
12358.0000 0.0016
12360.0000 0.0016
12362.0000 0.0015
12364.0000 0.0015
12366.0000 0.0015
12368.0000 0.0015
12370.0000 0.0015
12372.0000 0.0015
12374.0000 0.0015
12376.0000 0.0015
12378.0000 0.0015
12380.0000 0.0014
12382.0000 0.0014
12384.0000 0.0014
12386.0000 0.0014
12388.0000 0.0014
12390.0000 0.0014
12392.0000 0.0014
12394.0000 0.0014
12396.0000 0.0014
12398.0000 0.0014
12400.0000 0.0014
12402.0000 0.0013
12404.0000 0.0013
12406.0000 0.0013
12408.0000 0.0013
12410.0000 0.0013
12412.0000 0.0013
12414.0000 0.0013
12416.0000 0.0013
12418.0000 0.0013
12420.0000 0.0013
12422.0000 0.0013
12424.0000 0.0012
12426.0000 0.0012
12428.0000 0.0012
12430.0000 0.0012
12432.0000 0.0012
12434.0000 0.0012
12436.0000 0.0012
12438.0000 0.0012
12440.0000 0.0012
12442.0000 0.0012
12444.0000 0.0012
12446.0000 0.0012
12448.0000 0.0011
12450.0000 0.0011
12452.0000 0.0011
12454.0000 0.0011
12456.0000 0.0011
12458.0000 0.0011
12460.0000 0.0011
12462.0000 0.0011
12464.0000 0.0011
12466.0000 0.0011
12468.0000 0.0011
12470.0000 0.0011
12472.0000 0.0011
12474.0000 0.0011
12476.0000 0.0010
12478.0000 0.0010
12480.0000 0.0010
12482.0000 0.0010
12484.0000 0.0010
12486.0000 0.0010
12488.0000 0.0010
12490.0000 0.0010
12492.0000 0.0010
12494.0000 0.0010
12496.0000 0.0010
12498.0000 0.0010
12500.0000 0.0010
12502.0000 0.0010
12504.0000 0.0010
12506.0000 0.0010
12508.0000 0.0010
12510.0000 0.0009
12512.0000 0.0009
12514.0000 0.0009
12516.0000 0.0009
12518.0000 0.0009
12520.0000 0.0009
12522.0000 0.0009
12524.0000 0.0009
12526.0000 0.0009
12528.0000 0.0009
12530.0000 0.0009
12532.0000 0.0009
12534.0000 0.0009
12536.0000 0.0009
12538.0000 0.0009
12540.0000 0.0009
12542.0000 0.0009
12544.0000 0.0009
12546.0000 0.0008
12548.0000 0.0008
12550.0000 0.0008
12552.0000 0.0008
12554.0000 0.0008
12556.0000 0.0008
12558.0000 0.0008
12560.0000 0.0008
12562.0000 0.0008
12564.0000 0.0008
12566.0000 0.0008
12568.0000 0.0008
12570.0000 0.0008
12572.0000 0.0008
12574.0000 0.0008
12576.0000 0.0008
12578.0000 0.0008
12580.0000 0.0008
12582.0000 0.0008
12584.0000 0.0008
12586.0000 0.0008
12588.0000 0.0008
12590.0000 0.0007
12592.0000 0.0007
12594.0000 0.0007
12596.0000 0.0007
12598.0000 0.0007
12600.0000 0.0007
12602.0000 0.0007
12604.0000 0.0007
12606.0000 0.0007
12608.0000 0.0007
12610.0000 0.0007
12612.0000 0.0007
12614.0000 0.0007
12616.0000 0.0007
12618.0000 0.0007
12620.0000 0.0007
12622.0000 0.0007
12624.0000 0.0007
12626.0000 0.0007
12628.0000 0.0007
12630.0000 0.0007
12632.0000 0.0007
12634.0000 0.0007
12636.0000 0.0007
12638.0000 0.0007
12640.0000 0.0007
12642.0000 0.0007
12644.0000 0.0006
12646.0000 0.0006
12648.0000 0.0006
12650.0000 0.0006
12652.0000 0.0006
12654.0000 0.0006
12656.0000 0.0006
12658.0000 0.0006
12660.0000 0.0006
12662.0000 0.0006
12664.0000 0.0006
12666.0000 0.0006
12668.0000 0.0006
12670.0000 0.0006
12672.0000 0.0006
12674.0000 0.0006
12676.0000 0.0006
12678.0000 0.0006
12680.0000 0.0006
12682.0000 0.0006
12684.0000 0.0006
12686.0000 0.0006
12688.0000 0.0006
12690.0000 0.0006
12692.0000 0.0006
12694.0000 0.0006
12696.0000 0.0006
12698.0000 0.0006
12700.0000 0.0006
12702.0000 0.0006
12704.0000 0.0006
12706.0000 0.0006
12708.0000 0.0006
12710.0000 0.0006
12712.0000 0.0006
12714.0000 0.0006
12716.0000 0.0005
12718.0000 0.0005
12720.0000 0.0005
12722.0000 0.0005
12724.0000 0.0005
12726.0000 0.0005
12728.0000 0.0005
12730.0000 0.0005
12732.0000 0.0005
12734.0000 0.0005
12736.0000 0.0005
12738.0000 0.0005
12740.0000 0.0005
12742.0000 0.0005
12744.0000 0.0005
12746.0000 0.0005
12748.0000 0.0005
12750.0000 0.0005
12752.0000 0.0005
12754.0000 0.0005
12756.0000 0.0005
12758.0000 0.0005
12760.0000 0.0005
12762.0000 0.0005
12764.0000 0.0005
