6642.3999 0.0001
6644.1998 0.0001
6645.9998 0.0001
6647.8003 0.0001
6649.6002 0.0001
6651.4001 0.0002
6653.2001 0.0002
6655.0000 0.0002
6656.7999 0.0002
6658.5999 0.0002
6660.3998 0.0003
6662.2003 0.0003
6664.0002 0.0003
6665.8002 0.0003
6667.6001 0.0004
6669.4000 0.0004
6671.2000 0.0004
6672.9999 0.0004
6674.7998 0.0005
6676.6003 0.0005
6678.4003 0.0006
6680.2002 0.0006
6682.0001 0.0007
6683.8000 0.0007
6685.6000 0.0008
6687.3999 0.0008
6689.1998 0.0009
6690.9998 0.0010
6692.8003 0.0010
6694.6002 0.0011
6696.4001 0.0012
6698.2001 0.0013
6700.0000 0.0014
6701.7999 0.0015
6703.5999 0.0017
6705.3998 0.0018
6707.2003 0.0019
6709.0002 0.0021
6710.8002 0.0023
6712.6001 0.0025
6714.4000 0.0027
6716.2000 0.0029
6717.9999 0.0032
6719.7998 0.0035
6721.6003 0.0038
6723.4003 0.0042
6725.2002 0.0045
6727.0001 0.0050
6728.8000 0.0054
6730.6000 0.0060
6732.3999 0.0066
6734.1998 0.0073
6735.9998 0.0081
6737.8003 0.0089
6739.6002 0.0098
6741.4001 0.0110
6743.2001 0.0122
6745.0000 0.0137
6746.7999 0.0153
6748.5999 0.0171
6750.3998 0.0191
6752.2003 0.0215
6754.0002 0.0243
6755.8002 0.0274
6757.6001 0.0312
6759.4000 0.0351
6761.2000 0.0396
6762.9999 0.0450
6764.7998 0.0509
6766.6003 0.0579
6768.4003 0.0656
6770.2002 0.0736
6772.0001 0.0827
6773.8000 0.0928
6775.6000 0.1033
6777.3999 0.1142
6779.1998 0.1256
6780.9998 0.1358
6782.8003 0.1458
6784.6002 0.1555
6786.4001 0.1634
6788.2001 0.1701
6790.0000 0.1752
6791.7999 0.1783
6793.5999 0.1801
6795.3998 0.1804
6797.2003 0.1798
6799.0002 0.1782
6800.8002 0.1758
6802.6001 0.1733
6804.4000 0.1704
6806.2000 0.1674
6807.9999 0.1645
6809.7998 0.1615
6811.6003 0.1590
6813.4003 0.1568
6815.2002 0.1548
6817.0001 0.1530
6818.8000 0.1518
6820.6000 0.1508
6822.3999 0.1502
6824.1998 0.1498
6825.9998 0.1499
6827.8003 0.1504
6829.6002 0.1512
6831.4001 0.1524
6833.2001 0.1539
6835.0000 0.1557
6836.7999 0.1578
6838.5999 0.1605
6840.3998 0.1635
6842.2003 0.1671
6844.0002 0.1710
6845.8002 0.1750
6847.6001 0.1794
6849.4000 0.1848
6851.2000 0.1905
6852.9999 0.1968
6854.7998 0.2036
6856.6003 0.2103
6858.4003 0.2183
6860.2002 0.2267
6862.0001 0.2361
6863.8000 0.2458
6865.6000 0.2568
6867.3999 0.2676
6869.1998 0.2794
6870.9998 0.2926
6872.8003 0.3064
6874.6002 0.3213
6876.4001 0.3370
6878.2001 0.3530
6880.0000 0.3705
6881.7999 0.3890
6883.5999 0.4087
6885.3998 0.4293
6887.2003 0.4513
6889.0002 0.4723
6890.8002 0.4951
6892.6001 0.5195
6894.4000 0.5438
6896.2000 0.5703
6897.9999 0.5956
6899.7998 0.6210
6901.6003 0.6468
6903.4003 0.6730
6905.2002 0.6989
6907.0001 0.7251
6908.8000 0.7505
6910.6000 0.7735
6912.3999 0.7966
6914.1998 0.8194
6915.9998 0.8406
6917.8003 0.8604
6919.6002 0.8787
6921.4001 0.8955
6923.2001 0.9105
6925.0000 0.9244
6926.7999 0.9369
6928.5999 0.9483
6930.3998 0.9576
6932.2003 0.9650
6934.0002 0.9719
6935.8002 0.9773
6937.6001 0.9818
6939.4000 0.9853
6941.2000 0.9883
6942.9999 0.9903
6944.7998 0.9921
6946.6003 0.9931
6948.4003 0.9935
6950.2002 0.9933
6952.0001 0.9930
6953.8000 0.9930
6955.6000 0.9926
6957.3999 0.9918
6959.1998 0.9909
6960.9998 0.9900
6962.8003 0.9897
6964.6002 0.9890
6966.4001 0.9881
6968.2001 0.9873
6970.0000 0.9874
6971.7999 0.9867
6973.5999 0.9866
6975.3998 0.9866
6977.2003 0.9864
6979.0002 0.9864
6980.8002 0.9866
6982.6001 0.9869
6984.4000 0.9868
6986.2000 0.9873
6987.9999 0.9881
6989.7998 0.9880
6991.6003 0.9888
6993.4003 0.9892
6995.2002 0.9896
6997.0001 0.9904
6998.8000 0.9904
7000.6000 0.9909
7002.3999 0.9918
7004.1998 0.9926
7005.9998 0.9926
7007.8003 0.9928
7009.6002 0.9936
7011.4001 0.9938
7013.2001 0.9939
7015.0000 0.9943
7016.7999 0.9943
7018.5999 0.9946
7020.3998 0.9942
7022.2003 0.9942
7024.0002 0.9942
7025.8002 0.9938
7027.6001 0.9944
7029.4000 0.9940
7031.2000 0.9940
7032.9999 0.9932
7034.7998 0.9937
7036.6003 0.9933
7038.4003 0.9929
7040.2002 0.9925
7042.0001 0.9921
7043.8000 0.9918
7045.6000 0.9918
7047.3999 0.9912
7049.1998 0.9908
7050.9998 0.9907
7052.8003 0.9905
7054.6002 0.9906
7056.4001 0.9902
7058.2001 0.9900
7060.0000 0.9902
7061.7999 0.9903
7063.5999 0.9896
7065.3998 0.9897
7067.2003 0.9900
7069.0002 0.9899
7070.8002 0.9900
7072.6001 0.9896
7074.4000 0.9900
7076.2000 0.9906
7077.9999 0.9903
7079.7998 0.9906
7081.6003 0.9910
7083.4003 0.9910
7085.2002 0.9913
7087.0001 0.9917
7088.8000 0.9919
7090.6000 0.9921
7092.3999 0.9923
7094.1998 0.9933
7095.9998 0.9929
7097.8003 0.9931
7099.6002 0.9934
7101.4001 0.9939
7103.2001 0.9936
7105.0000 0.9939
7106.7999 0.9938
7108.5999 0.9944
7110.3998 0.9948
7112.2003 0.9951
7114.0002 0.9949
7115.8002 0.9949
7117.6001 0.9950
7119.4000 0.9952
7121.2000 0.9958
7122.9999 0.9944
7124.7998 0.9946
7126.6003 0.9947
7128.4003 0.9954
7130.2002 0.9954
7132.0001 0.9957
7133.8000 0.9942
7135.6000 0.9946
7137.3999 0.9945
7139.1998 0.9942
7140.9998 0.9941
7142.8003 0.9939
7144.6002 0.9937
7146.4001 0.9940
7148.2001 0.9940
7150.0000 0.9936
7151.7999 0.9934
7153.5999 0.9926
7155.3998 0.9921
7157.2003 0.9926
7159.0002 0.9919
7160.8002 0.9922
7162.6001 0.9922
7164.4000 0.9915
7166.2000 0.9922
7167.9999 0.9917
7169.7998 0.9915
7171.6003 0.9914
7173.4003 0.9914
7175.2002 0.9917
7177.0001 0.9910
7178.8000 0.9908
7180.6000 0.9912
7182.3999 0.9908
7184.1998 0.9912
7185.9998 0.9911
7187.8003 0.9914
7189.6002 0.9913
7191.4001 0.9913
7193.2001 0.9914
7195.0000 0.9914
7196.7999 0.9920
7198.5999 0.9921
7200.3998 0.9922
7202.2003 0.9917
7204.0002 0.9922
7205.8002 0.9922
7207.6001 0.9924
7209.4000 0.9921
7211.2000 0.9926
7212.9999 0.9930
7214.7998 0.9935
7216.6003 0.9933
7218.4003 0.9935
7220.2002 0.9937
7222.0001 0.9942
7223.8000 0.9941
7225.6000 0.9940
7227.3999 0.9948
7229.1998 0.9946
7230.9998 0.9944
7232.8003 0.9944
7234.6002 0.9950
7236.4001 0.9943
7238.2001 0.9945
7240.0000 0.9951
7241.7999 0.9947
7243.5999 0.9948
7245.3998 0.9952
7247.2003 0.9951
7249.0002 0.9958
7250.8002 0.9955
7252.6001 0.9954
7254.4000 0.9955
7256.2000 0.9945
7257.9999 0.9956
7259.7998 0.9950
7261.6003 0.9951
7263.4003 0.9944
7265.2002 0.9954
7267.0001 0.9952
7268.8000 0.9946
7270.6000 0.9945
7272.3999 0.9940
7274.1998 0.9945
7275.9998 0.9946
7277.8003 0.9937
7279.6002 0.9938
7281.4001 0.9931
7283.2001 0.9942
7285.0000 0.9941
7286.7999 0.9937
7288.5999 0.9936
7290.3998 0.9933
7292.2003 0.9937
7294.0002 0.9937
7295.8002 0.9940
7297.6001 0.9937
7299.4000 0.9931
7301.2000 0.9936
7302.9999 0.9930
7304.7998 0.9935
7306.6003 0.9939
7308.4003 0.9934
7310.2002 0.9932
7312.0001 0.9933
7313.8000 0.9927
7315.6000 0.9933
7317.3999 0.9933
7319.1998 0.9934
7321.0004 0.9928
7322.8003 0.9929
7324.6002 0.9937
7326.4001 0.9928
7328.2001 0.9941
7330.0000 0.9934
7331.7999 0.9939
7333.5999 0.9940
7335.3998 0.9941
7337.2003 0.9938
7339.0002 0.9939
7340.8002 0.9939
7342.6001 0.9930
7344.4000 0.9936
7346.2000 0.9939
7347.9999 0.9938
7349.7998 0.9947
7351.6003 0.9943
7353.4003 0.9941
7355.2002 0.9944
7357.0001 0.9949
7358.8000 0.9944
7360.6000 0.9941
7362.3999 0.9949
7364.1998 0.9946
7366.0004 0.9945
7367.8003 0.9948
7369.6002 0.9943
7371.4001 0.9950
7373.2001 0.9950
7375.0000 0.9948
7376.7999 0.9951
7378.5999 0.9957
7380.3998 0.9955
7382.2003 0.9946
7384.0002 0.9952
7385.8002 0.9950
7387.6001 0.9948
7389.4000 0.9955
7391.2000 0.9945
7392.9999 0.9947
7394.7998 0.9950
7396.6003 0.9945
7398.4003 0.9946
7400.2002 0.9946
7402.0001 0.9947
7403.8000 0.9948
7405.6000 0.9948
7407.3999 0.9950
7409.1998 0.9951
7411.0004 0.9953
7412.8003 0.9949
7414.6002 0.9950
7416.4001 0.9949
7418.2001 0.9946
7420.0000 0.9950
7421.7999 0.9950
7423.5999 0.9949
7425.3998 0.9947
7427.2003 0.9949
7429.0002 0.9948
7430.8002 0.9947
7432.6001 0.9949
7434.4000 0.9939
7436.2000 0.9945
7437.9999 0.9949
7439.7998 0.9944
7441.6003 0.9945
7443.4003 0.9948
7445.2002 0.9951
7447.0001 0.9948
7448.8000 0.9959
7450.6000 0.9943
7452.3999 0.9957
7454.1998 0.9949
7456.0004 0.9948
7457.8003 0.9957
7459.6002 0.9946
7461.4001 0.9949
7463.2001 0.9953
7465.0000 0.9960
7466.7999 0.9951
7468.5999 0.9952
7470.3998 0.9953
7472.2003 0.9954
7474.0002 0.9952
7475.8002 0.9952
7477.6001 0.9957
7479.4000 0.9957
7481.2000 0.9957
7482.9999 0.9950
7484.7998 0.9957
7486.6003 0.9956
7488.4003 0.9954
7490.2002 0.9958
7492.0001 0.9960
7493.8000 0.9963
7495.6000 0.9946
7497.3999 0.9954
7499.1998 0.9954
7501.0004 0.9951
7502.8003 0.9960
7504.6002 0.9948
7506.4001 0.9952
7508.2001 0.9950
7510.0000 0.9954
7511.7999 0.9958
7513.5999 0.9955
7515.3998 0.9951
7517.2003 0.9953
7519.0002 0.9956
7520.8002 0.9955
7522.6001 0.9945
7524.4000 0.9947
7526.2000 0.9943
7527.9999 0.9957
7529.7998 0.9950
7531.6003 0.9954
7533.4003 0.9948
7535.2002 0.9935
7537.0001 0.9944
7538.8000 0.9947
7540.6000 0.9943
7542.3999 0.9940
7544.1998 0.9941
7546.0004 0.9944
7547.8003 0.9942
7549.6002 0.9943
7551.4001 0.9943
7553.2001 0.9940
7555.0000 0.9944
7556.7999 0.9933
7558.5999 0.9938
7560.3998 0.9937
7562.2003 0.9930
7564.0002 0.9937
7565.8002 0.9941
7567.6001 0.9942
7569.4000 0.9940
7571.2000 0.9935
7572.9999 0.9938
7574.7998 0.9937
7576.6003 0.9943
7578.4003 0.9936
7580.2002 0.9936
7582.0001 0.9938
7583.8000 0.9941
7585.6000 0.9932
7587.3999 0.9945
7589.1998 0.9941
7591.0004 0.9936
7592.8003 0.9939
7594.6002 0.9939
7596.4001 0.9948
7598.2001 0.9938
7600.0000 0.9947
7601.7999 0.9950
7603.5999 0.9945
7605.3998 0.9943
7607.2003 0.9943
7609.0002 0.9945
7610.8002 0.9942
7612.6001 0.9946
7614.4000 0.9953
7616.2000 0.9942
7617.9999 0.9949
7619.7998 0.9948
7621.6003 0.9941
7623.4003 0.9945
7625.2002 0.9951
7627.0001 0.9954
7628.8000 0.9946
7630.6000 0.9953
7632.3999 0.9950
7634.1998 0.9946
7636.0004 0.9953
7637.8003 0.9945
7639.6002 0.9944
7641.4001 0.9957
7643.2001 0.9957
7645.0000 0.9961
7646.7999 0.9952
7648.5999 0.9951
7650.3998 0.9949
7652.2003 0.9965
7654.0002 0.9956
7655.8002 0.9947
7657.6001 0.9952
7659.4000 0.9953
7661.2000 0.9958
7662.9999 0.9954
7664.7998 0.9950
7666.6003 0.9949
7668.4003 0.9946
7670.2002 0.9958
7672.0001 0.9961
7673.8000 0.9948
7675.6000 0.9954
7677.3999 0.9955
7679.1998 0.9952
7681.0004 0.9957
7682.8003 0.9954
7684.6002 0.9951
7686.4001 0.9955
7688.2001 0.9948
7690.0000 0.9952
7691.7999 0.9953
7693.5999 0.9959
7695.3998 0.9952
7697.2003 0.9951
7699.0002 0.9949
7700.8002 0.9951
7702.6001 0.9953
7704.4000 0.9950
7706.2000 0.9949
7707.9999 0.9960
7709.7998 0.9950
7711.6003 0.9948
7713.4003 0.9952
7715.2002 0.9952
7717.0001 0.9955
7718.8000 0.9948
7720.6000 0.9954
7722.3999 0.9958
7724.1998 0.9953
7726.0004 0.9948
7727.8003 0.9958
7729.6002 0.9954
7731.4001 0.9951
7733.2001 0.9959
7735.0000 0.9947
7736.7999 0.9953
7738.5999 0.9947
7740.3998 0.9942
7742.2003 0.9952
7744.0002 0.9956
7745.8002 0.9957
7747.6001 0.9957
7749.4000 0.9961
7751.2000 0.9947
7752.9999 0.9954
7754.7998 0.9963
7756.6003 0.9949
7758.4003 0.9944
7760.2002 0.9953
7762.0001 0.9952
7763.8000 0.9958
7765.6000 0.9950
7767.3999 0.9960
7769.1998 0.9952
7771.0004 0.9958
7772.8003 0.9942
7774.6002 0.9955
7776.4001 0.9950
7778.2001 0.9950
7780.0000 0.9954
7781.7999 0.9943
7783.5999 0.9947
7785.3998 0.9942
7787.2003 0.9942
7789.0002 0.9936
7790.8002 0.9944
7792.6001 0.9941
7794.4000 0.9939
7796.2000 0.9941
7797.9999 0.9946
7799.7998 0.9948
7801.6003 0.9937
7803.4003 0.9949
7805.2002 0.9940
7807.0001 0.9948
7808.8000 0.9940
7810.6000 0.9942
7812.3999 0.9944
7814.1998 0.9945
7816.0004 0.9947
7817.8003 0.9935
7819.6002 0.9933
7821.4001 0.9941
7823.2001 0.9932
7825.0000 0.9931
7826.7999 0.9938
7828.5999 0.9937
7830.3998 0.9934
7832.2003 0.9937
7834.0002 0.9932
7835.8002 0.9936
7837.6001 0.9944
7839.4000 0.9931
7841.2000 0.9933
7842.9999 0.9938
7844.7998 0.9937
7846.6003 0.9948
7848.4003 0.9937
7850.2002 0.9935
7852.0001 0.9940
7853.8000 0.9929
7855.6000 0.9932
7857.3999 0.9937
7859.1998 0.9945
7861.0004 0.9936
7862.8003 0.9943
7864.6002 0.9945
7866.4001 0.9945
7868.2001 0.9944
7870.0000 0.9946
7871.7999 0.9945
7873.5999 0.9956
7875.3998 0.9937
7877.2003 0.9950
7879.0002 0.9951
7880.8002 0.9942
7882.6001 0.9944
7884.4000 0.9952
7886.2000 0.9947
7887.9999 0.9950
7889.7998 0.9956
7891.6003 0.9950
7893.4003 0.9947
7895.2002 0.9961
7897.0001 0.9942
7898.8000 0.9949
7900.6000 0.9945
7902.3999 0.9946
7904.1998 0.9952
7906.0004 0.9949
7907.8003 0.9948
7909.6002 0.9956
7911.4001 0.9960
7913.2001 0.9947
7915.0000 0.9946
7916.7999 0.9949
7918.5999 0.9950
7920.4004 0.9950
7922.2003 0.9950
7924.0002 0.9946
7925.8002 0.9950
7927.6001 0.9949
7929.4000 0.9943
7931.2000 0.9941
7932.9999 0.9947
7934.7998 0.9940
7936.6003 0.9937
7938.4003 0.9936
7940.2002 0.9962
7942.0001 0.9945
7943.8000 0.9935
7945.6000 0.9951
7947.3999 0.9945
7949.1998 0.9937
7951.0004 0.9939
7952.8003 0.9943
7954.6002 0.9938
7956.4001 0.9942
7958.2001 0.9941
7960.0000 0.9946
7961.7999 0.9933
7963.5999 0.9942
7965.4004 0.9938
7967.2003 0.9941
7969.0002 0.9935
7970.8002 0.9945
7972.6001 0.9942
7974.4000 0.9939
7976.2000 0.9947
7977.9999 0.9947
7979.7998 0.9944
7981.6003 0.9940
7983.4003 0.9944
7985.2002 0.9945
7987.0001 0.9940
7988.8000 0.9948
7990.6000 0.9950
7992.3999 0.9944
7994.1998 0.9943
7996.0004 0.9955
7997.8003 0.9950
7999.6002 0.9952
8001.4001 0.9948
8003.2001 0.9951
8005.0000 0.9952
8006.7999 0.9944
8008.5999 0.9950
8010.4004 0.9953
8012.2003 0.9958
8014.0002 0.9957
8015.8002 0.9945
8017.6001 0.9958
8019.4000 0.9961
8021.2000 0.9960
8022.9999 0.9950
8024.7998 0.9940
8026.6003 0.9953
8028.4003 0.9942
8030.2002 0.9953
8032.0001 0.9957
8033.8000 0.9942
8035.6000 0.9945
8037.3999 0.9938
8039.1998 0.9940
8041.0004 0.9939
8042.8003 0.9932
8044.6002 0.9938
8046.4001 0.9935
8048.2001 0.9927
8050.0000 0.9937
8051.7999 0.9921
8053.5999 0.9920
8055.4004 0.9926
8057.2003 0.9903
8059.0002 0.9923
8060.8002 0.9921
8062.6001 0.9920
8064.4000 0.9903
8066.2000 0.9906
8067.9999 0.9894
8069.7998 0.9914
8071.6003 0.9909
8073.4003 0.9911
8075.2002 0.9906
8077.0001 0.9917
8078.8000 0.9911
8080.6000 0.9916
8082.3999 0.9916
8084.1998 0.9913
8086.0004 0.9915
8087.8003 0.9914
8089.6002 0.9925
8091.4001 0.9928
8093.2001 0.9931
8095.0000 0.9938
8096.7999 0.9936
8098.5999 0.9944
8100.4004 0.9937
8102.2003 0.9934
8104.0002 0.9948
8105.8002 0.9937
8107.6001 0.9932
8109.4000 0.9932
8111.2000 0.9927
8112.9999 0.9916
8114.7998 0.9912
8116.6003 0.9893
8118.4003 0.9877
8120.2002 0.9859
8122.0001 0.9830
8123.8000 0.9796
8125.6000 0.9761
8127.3999 0.9716
8129.1998 0.9646
8131.0004 0.9622
8132.8003 0.9542
8134.6002 0.9455
8136.4001 0.9371
8138.2001 0.9286
8140.0000 0.9194
8141.7999 0.9078
8143.5999 0.8948
8145.4004 0.8811
8147.2003 0.8656
8149.0002 0.8498
8150.8002 0.8352
8152.6001 0.8176
8154.4000 0.7986
8156.2000 0.7796
8157.9999 0.7582
8159.7998 0.7378
8161.6003 0.7170
8163.4003 0.6941
8165.2002 0.6721
8167.0001 0.6497
8168.8000 0.6247
8170.6000 0.6015
8172.3999 0.5793
8174.1998 0.5561
8176.0004 0.5323
8177.8003 0.5096
8179.6002 0.4866
8181.4001 0.4643
8183.2001 0.4440
8185.0000 0.4231
8186.7999 0.4026
8188.5999 0.3827
8190.4004 0.3635
8192.2003 0.3448
8194.0002 0.3280
8195.8002 0.3117
8197.6001 0.2955
8199.4000 0.3257
8201.2000 0.3136
8202.9999 0.3005
8204.7998 0.2884
8206.5997 0.2736
8208.3997 0.2633
8210.1996 0.2524
8212.0001 0.2418
8213.8000 0.2307
8215.6000 0.2192
8217.3999 0.2108
8219.1998 0.2009
8220.9998 0.1924
8222.7997 0.1816
8224.5996 0.1719
8226.4001 0.1647
8228.2001 0.1565
8230.0000 0.1500
8231.7999 0.1418
8233.5999 0.1347
8235.3998 0.1286
8237.1997 0.1221
8238.9996 0.1166
8240.8002 0.1094
8242.6001 0.1043
8244.4000 0.0993
8246.2000 0.0944
8247.9999 0.0900
8249.7998 0.0849
8251.5997 0.0813
8253.3997 0.0774
8255.1996 0.0738
8257.0001 0.0699
8258.8000 0.0659
8260.6000 0.0632
8262.3999 0.0603
8264.1998 0.0577
8265.9998 0.0548
8267.7997 0.0520
8269.5996 0.0499
8271.4001 0.0477
8273.2001 0.0457
8275.0000 0.0433
8276.7999 0.0413
8278.5999 0.0397
8280.3998 0.0378
8282.1997 0.0364
8283.9996 0.0346
8285.8002 0.0333
8287.6001 0.0320
8289.4000 0.0307
8291.2000 0.0295
8292.9999 0.0281
8294.7998 0.0271
8296.5997 0.0260
8298.3997 0.0251
8300.1996 0.0241
8302.0001 0.0231
8303.8000 0.0223
8305.6000 0.0216
8307.3999 0.0209
8309.1998 0.0200
8310.9998 0.0192
8312.7997 0.0187
8314.5996 0.0180
8316.4001 0.0175
8318.2001 0.0169
8320.0000 0.0163
8321.7999 0.0159
8323.5999 0.0153
8325.3998 0.0149
8327.1997 0.0144
8328.9996 0.0139
8330.8002 0.0135
8332.6001 0.0131
8334.4000 0.0128
8336.2000 0.0124
8337.9999 0.0120
8339.7998 0.0117
8341.5997 0.0114
8343.3997 0.0112
8345.1996 0.0108
8347.0001 0.0105
8348.8000 0.0102
8350.6000 0.0100
8352.3999 0.0098
8354.1998 0.0095
8355.9998 0.0093
8357.7997 0.0091
8359.5996 0.0088
8361.4001 0.0087
8363.2001 0.0085
8365.0000 0.0083
8366.7999 0.0081
8368.5999 0.0080
8370.3998 0.0077
8372.1997 0.0076
8373.9996 0.0075
8375.8002 0.0073
8377.6001 0.0072
8379.4000 0.0070
8381.2000 0.0069
8382.9999 0.0068
8384.7998 0.0067
8386.5997 0.0065
8388.3997 0.0064
8390.1996 0.0063
8392.0001 0.0062
8393.8000 0.0061
8395.6000 0.0060
8397.3999 0.0059
8399.1998 0.0058
8400.9998 0.0057
8402.7997 0.0056
8404.5996 0.0056
8406.4001 0.0055
8408.2001 0.0054
8410.0000 0.0053
8411.7999 0.0053
8413.5999 0.0051
8415.3998 0.0051
8417.1997 0.0050
8418.9996 0.0050
8420.8002 0.0049
8422.6001 0.0048
8424.4000 0.0048
8426.2000 0.0047
8427.9999 0.0047
8429.7998 0.0046
8431.5997 0.0046
8433.3997 0.0045
8435.2002 0.0043
8437.0001 0.0044
8438.8000 0.0044
8440.6000 0.0043
8442.3999 0.0042
8444.1998 0.0041
8445.9998 0.0041
8447.7997 0.0040
8449.5996 0.0041
8451.4001 0.0040
8453.2001 0.0040
8455.0000 0.0039
8456.7999 0.0039
8458.5999 0.0039
8460.3998 0.0038
8462.1997 0.0038
8463.9996 0.0037
8465.8002 0.0036
8467.6001 0.0036
8469.4000 0.0036
8471.2000 0.0036
8472.9999 0.0035
8474.7998 0.0035
8476.5997 0.0034
8478.3997 0.0034
8480.2002 0.0034
8482.0001 0.0034
8483.8000 0.0032
8485.6000 0.0032
8487.3999 0.0033
8489.1998 0.0032
8490.9998 0.0032
8492.7997 0.0032
8494.5996 0.0031
8496.4001 0.0031
8498.2001 0.0030
8500.0000 0.0030
8501.7999 0.0030
8503.5999 0.0029
8505.3998 0.0029
8507.1997 0.0029
8508.9996 0.0029
8510.8002 0.0029
8512.6001 0.0028
8514.4000 0.0027
8516.2000 0.0027
8517.9999 0.0027
8519.7998 0.0027
8521.5997 0.0026
8523.3997 0.0026
8525.2002 0.0026
8527.0001 0.0025
8528.8000 0.0025
8530.6000 0.0025
8532.3999 0.0024
8534.1998 0.0024
8535.9998 0.0024
8537.7997 0.0024
8539.5996 0.0024
8541.4001 0.0024
8543.2001 0.0023
8545.0000 0.0023
8546.7999 0.0023
8548.5999 0.0022
8550.3998 0.0022
8552.1997 0.0022
8553.9996 0.0021
8555.8002 0.0022
8557.6001 0.0021
8559.4000 0.0021
8561.2000 0.0021
8562.9999 0.0020
8564.7998 0.0020
8566.5997 0.0020
8568.3997 0.0019
8570.2002 0.0020
8572.0001 0.0019
8573.8000 0.0019
8575.6000 0.0019
8577.3999 0.0019
8579.1998 0.0019
8580.9998 0.0018
8582.7997 0.0018
8584.5996 0.0018
8586.4001 0.0018
8588.2001 0.0017
8590.0000 0.0018
8591.7999 0.0018
8593.5999 0.0017
8595.3998 0.0017
8597.1997 0.0017
8598.9996 0.0016
8600.8002 0.0017
8602.6001 0.0016
8604.4000 0.0016
8606.2000 0.0015
8607.9999 0.0016
8609.7998 0.0015
8611.5997 0.0016
8613.3997 0.0015
8615.2002 0.0015
8617.0001 0.0015
8618.8000 0.0015
8620.6000 0.0015
8622.3999 0.0015
8624.1998 0.0014
8625.9998 0.0014
8627.7997 0.0014
8629.5996 0.0014
8631.4001 0.0014
8633.2001 0.0014
8635.0000 0.0014
8636.7999 0.0014
8638.5999 0.0014
8640.3998 0.0013
8642.1997 0.0013
8643.9996 0.0013
8645.8002 0.0012
8647.6001 0.0013
8649.4000 0.0013
8651.2000 0.0013
8652.9999 0.0013
8654.7998 0.0013
8656.5997 0.0013
8658.3997 0.0012
8660.2002 0.0013
8662.0001 0.0013
8663.8000 0.0012
8665.6000 0.0012
8667.3999 0.0012
8669.1998 0.0012
8670.9998 0.0012
8672.7997 0.0012
8674.5996 0.0012
8676.4001 0.0012
8678.2001 0.0012
8680.0000 0.0012
8681.7999 0.0011
8683.5999 0.0011
8685.3998 0.0012
8687.1997 0.0012
8688.9996 0.0011
8690.8002 0.0011
8692.6001 0.0011
8694.4000 0.0012
8696.2000 0.0011
8697.9999 0.0011
8699.7998 0.0011
8701.5997 0.0012
8703.3997 0.0011
8705.2002 0.0011
8707.0001 0.0010
8708.8000 0.0010
8710.6000 0.0011
8712.3999 0.0011
8714.1998 0.0010
8715.9998 0.0011
8717.7997 0.0011
8719.5996 0.0010
8721.4001 0.0011
8723.2001 0.0010
8725.0000 0.0011
8726.7999 0.0010
8728.5999 0.0010
8730.3998 0.0010
8732.1997 0.0010
8733.9996 0.0011
8735.8002 0.0010
8737.6001 0.0010
8739.4000 0.0011
8741.2000 0.0011
8742.9999 0.0011
8744.7998 0.0010
8746.5997 0.0010
8748.3997 0.0010
8750.2002 0.0010
8752.0001 0.0010
8753.8000 0.0010
8755.6000 0.0010
8757.3999 0.0011
8759.1998 0.0010
8760.9998 0.0010
8762.7997 0.0010
8764.5996 0.0010
8766.4001 0.0010
8768.2001 0.0010
8770.0000 0.0010
8771.7999 0.0009
8773.5999 0.0010
8775.3998 0.0010
8777.1997 0.0010
8778.9996 0.0010
8780.8002 0.0010
8782.6001 0.0010
8784.4000 0.0010
8786.2000 0.0010
8787.9999 0.0010
8789.7998 0.0010
8791.5997 0.0010
8793.3997 0.0010
8795.2002 0.0010
8797.0001 0.0010
8798.8000 0.0010
8800.6000 0.0010
8802.3999 0.0010
8804.1998 0.0010
8805.9998 0.0010
8807.7997 0.0010
8809.5996 0.0010
8811.4001 0.0010
8813.2001 0.0010
8815.0000 0.0010
8816.7999 0.0010
8818.5999 0.0009
8820.3998 0.0010
8822.1997 0.0010
8823.9996 0.0010
8825.8002 0.0009
8827.6001 0.0010
8829.4000 0.0010
8831.2000 0.0010
8832.9999 0.0009
8834.7998 0.0010
8836.5997 0.0010
8838.3997 0.0010
8840.2002 0.0010
8842.0001 0.0010
8843.8000 0.0010
8845.6000 0.0010
8847.3999 0.0010
8849.1998 0.0010
8850.9998 0.0010
8852.7997 0.0010
8854.5996 0.0011
8856.4001 0.0010
8858.2001 0.0010
8860.0000 0.0010
8861.7999 0.0010
8863.5999 0.0010
8865.3998 0.0010
8867.1997 0.0010
8868.9996 0.0010
8870.8002 0.0010
8872.6001 0.0010
8874.4000 0.0010
8876.2000 0.0010
8877.9999 0.0010
8879.7998 0.0010
8881.5997 0.0011
8883.3997 0.0010
8885.2002 0.0010
8887.0001 0.0010
8888.8000 0.0010
8890.6000 0.0010
8892.3999 0.0010
8894.1998 0.0010
8895.9998 0.0010
8897.7997 0.0010
8899.5996 0.0010
8901.4001 0.0010
8903.2001 0.0010
8905.0000 0.0010
8906.7999 0.0010
8908.5999 0.0010
8910.3998 0.0010
8912.1997 0.0010
8913.9996 0.0010
8915.8002 0.0010
8917.6001 0.0010
8919.4000 0.0010
8921.2000 0.0010
8922.9999 0.0011
8924.7998 0.0010
8926.5997 0.0010
8928.3997 0.0011
8930.2002 0.0010
8932.0001 0.0010
8933.8000 0.0011
8935.6000 0.0011
8937.3999 0.0011
8939.1998 0.0011
8940.9998 0.0011
8942.7997 0.0011
8944.5996 0.0010
8946.4001 0.0010
8948.2001 0.0010
8950.0000 0.0011
8951.7999 0.0011
8953.5999 0.0011
8955.3998 0.0011
8957.1997 0.0011
8958.9996 0.0011
8960.8002 0.0011
8962.6001 0.0011
8964.4000 0.0011
8966.2000 0.0011
8967.9999 0.0011
8969.7998 0.0011
8971.5997 0.0011
8973.3997 0.0011
8975.2002 0.0011
8977.0001 0.0010
8978.8000 0.0010
8980.6000 0.0011
8982.3999 0.0011
8984.1998 0.0011
8985.9998 0.0010
8987.7997 0.0011
8989.5996 0.0011
8991.4001 0.0010
8993.2001 0.0009
8995.0000 0.0010
8996.7999 0.0011
8998.5999 0.0011
9000.3998 0.0010
9002.1997 0.0010
9003.9996 0.0010
9005.8002 0.0010
9007.6001 0.0009
9009.4000 0.0010
9011.2000 0.0010
