4636.0000 0.0001
4638.0000 0.0001
4640.0000 0.0001
4642.0000 0.0001
4644.0000 0.0001
4646.0000 0.0001
4648.0000 0.0001
4650.0000 0.0001
4652.0000 0.0001
4654.0000 0.0001
4656.0000 0.0001
4658.0000 0.0001
4660.0000 0.0001
4662.0000 0.0002
4664.0000 0.0002
4666.0000 0.0002
4668.0000 0.0002
4670.0000 0.0002
4672.0000 0.0002
4674.0000 0.0002
4676.0000 0.0002
4678.0000 0.0002
4680.0000 0.0002
4682.0000 0.0002
4684.0000 0.0002
4686.0000 0.0002
4688.0000 0.0003
4690.0000 0.0003
4692.0000 0.0003
4694.0000 0.0003
4696.0000 0.0003
4698.0000 0.0003
4700.0000 0.0003
4702.0000 0.0004
4704.0000 0.0004
4706.0000 0.0004
4708.0000 0.0004
4710.0000 0.0004
4712.0000 0.0005
4714.0000 0.0005
4716.0000 0.0005
4718.0000 0.0006
4720.0000 0.0006
4722.0000 0.0007
4724.0000 0.0007
4726.0000 0.0008
4728.0000 0.0008
4730.0000 0.0009
4732.0000 0.0010
4734.0000 0.0010
4736.0000 0.0011
4738.0000 0.0012
4740.0000 0.0013
4742.0000 0.0014
4744.0000 0.0016
4746.0000 0.0017
4748.0000 0.0019
4750.0000 0.0020
4752.0000 0.0022
4754.0000 0.0025
4756.0000 0.0027
4758.0000 0.0030
4760.0000 0.0033
4762.0000 0.0036
4764.0000 0.0039
4766.0000 0.0043
4768.0000 0.0048
4770.0000 0.0053
4772.0000 0.0058
4774.0000 0.0064
4776.0000 0.0071
4778.0000 0.0078
4780.0000 0.0086
4782.0000 0.0094
4784.0000 0.0104
4786.0000 0.0114
4788.0000 0.0126
4790.0000 0.0138
4792.0000 0.0152
4794.0000 0.0167
4796.0000 0.0183
4798.0000 0.0201
4800.0000 0.0220
4802.0000 0.0241
4804.0000 0.0263
4806.0000 0.0287
4808.0000 0.0313
4810.0000 0.0341
4812.0000 0.0371
4814.0000 0.0404
4816.0000 0.0438
4818.0000 0.0475
4820.0000 0.0515
4822.0000 0.0557
4824.0000 0.0601
4826.0000 0.0648
4828.0000 0.0697
4830.0000 0.0749
4832.0000 0.0804
4834.0000 0.0862
4836.0000 0.0923
4838.0000 0.0986
4840.0000 0.1052
4842.0000 0.1121
4844.0000 0.1193
4846.0000 0.1267
4848.0000 0.1344
4850.0000 0.1423
4852.0000 0.1505
4854.0000 0.1589
4856.0000 0.1675
4858.0000 0.1764
4860.0000 0.1855
4862.0000 0.1948
4864.0000 0.2043
4866.0000 0.2140
4868.0000 0.2239
4870.0000 0.2340
4872.0000 0.2442
4874.0000 0.2546
4876.0000 0.2650
4878.0000 0.2756
4880.0000 0.2862
4882.0000 0.2969
4884.0000 0.3076
4886.0000 0.3183
4888.0000 0.3291
4890.0000 0.3399
4892.0000 0.3508
4894.0000 0.3617
4896.0000 0.3725
4898.0000 0.3833
4900.0000 0.3940
4902.0000 0.4047
4904.0000 0.4152
4906.0000 0.4256
4908.0000 0.4360
4910.0000 0.4462
4912.0000 0.4565
4914.0000 0.4667
4916.0000 0.4767
4918.0000 0.4867
4920.0000 0.4966
4922.0000 0.5063
4924.0000 0.5158
4926.0000 0.5251
4928.0000 0.5343
4930.0000 0.5433
4932.0000 0.5522
4934.0000 0.5610
4936.0000 0.5697
4938.0000 0.5782
4940.0000 0.5866
4942.0000 0.5948
4944.0000 0.6029
4946.0000 0.6109
4948.0000 0.6186
4950.0000 0.6261
4952.0000 0.6334
4954.0000 0.6405
4956.0000 0.6475
4958.0000 0.6544
4960.0000 0.6612
4962.0000 0.6679
4964.0000 0.6745
4966.0000 0.6811
4968.0000 0.6875
4970.0000 0.6938
4972.0000 0.6999
4974.0000 0.7057
4976.0000 0.7113
4978.0000 0.7166
4980.0000 0.7217
4982.0000 0.7266
4984.0000 0.7314
4986.0000 0.7360
4988.0000 0.7407
4990.0000 0.7452
4992.0000 0.7497
4994.0000 0.7542
4996.0000 0.7586
4998.0000 0.7629
5000.0000 0.7670
5002.0000 0.7711
5004.0000 0.7750
5006.0000 0.7787
5008.0000 0.7824
5010.0000 0.7859
5012.0000 0.7892
5014.0000 0.7925
5016.0000 0.7956
5018.0000 0.7985
5020.0000 0.8015
5022.0000 0.8043
5024.0000 0.8071
5026.0000 0.8098
5028.0000 0.8126
5030.0000 0.8152
5032.0000 0.8178
5034.0000 0.8203
5036.0000 0.8227
5038.0000 0.8249
5040.0000 0.8270
5042.0000 0.8290
5044.0000 0.8309
5046.0000 0.8327
5048.0000 0.8345
5050.0000 0.8363
5052.0000 0.8381
5054.0000 0.8400
5056.0000 0.8419
5058.0000 0.8438
5060.0000 0.8458
5062.0000 0.8477
5064.0000 0.8494
5066.0000 0.8511
5068.0000 0.8526
5070.0000 0.8540
5072.0000 0.8553
5074.0000 0.8565
5076.0000 0.8578
5078.0000 0.8590
5080.0000 0.8602
5082.0000 0.8613
5084.0000 0.8624
5086.0000 0.8634
5088.0000 0.8643
5090.0000 0.8651
5092.0000 0.8658
5094.0000 0.8664
5096.0000 0.8669
5098.0000 0.8675
5100.0000 0.8680
5102.0000 0.8687
5104.0000 0.8694
5106.0000 0.8702
5108.0000 0.8711
5110.0000 0.8719
5112.0000 0.8727
5114.0000 0.8734
5116.0000 0.8742
5118.0000 0.8749
5120.0000 0.8755
5122.0000 0.8760
5124.0000 0.8764
5126.0000 0.8767
5128.0000 0.8769
5130.0000 0.8771
5132.0000 0.8773
5134.0000 0.8776
5136.0000 0.8779
5138.0000 0.8784
5140.0000 0.8790
5142.0000 0.8796
5144.0000 0.8801
5146.0000 0.8806
5148.0000 0.8810
5150.0000 0.8812
5152.0000 0.8813
5154.0000 0.8813
5156.0000 0.8813
5158.0000 0.8812
5160.0000 0.8811
5162.0000 0.8811
5164.0000 0.8810
5166.0000 0.8808
5168.0000 0.8807
5170.0000 0.8806
5172.0000 0.8806
5174.0000 0.8806
5176.0000 0.8807
5178.0000 0.8809
5180.0000 0.8810
5182.0000 0.8812
5184.0000 0.8813
5186.0000 0.8813
5188.0000 0.8812
5190.0000 0.8811
5192.0000 0.8810
5194.0000 0.8809
5196.0000 0.8808
5198.0000 0.8807
5200.0000 0.8807
5202.0000 0.8806
5204.0000 0.8805
5206.0000 0.8804
5208.0000 0.8803
5210.0000 0.8800
5212.0000 0.8797
5214.0000 0.8794
5216.0000 0.8790
5218.0000 0.8786
5220.0000 0.8783
5222.0000 0.8780
5224.0000 0.8777
5226.0000 0.8775
5228.0000 0.8772
5230.0000 0.8769
5232.0000 0.8766
5234.0000 0.8762
5236.0000 0.8757
5238.0000 0.8752
5240.0000 0.8747
5242.0000 0.8742
5244.0000 0.8736
5246.0000 0.8732
5248.0000 0.8728
5250.0000 0.8724
5252.0000 0.8722
5254.0000 0.8720
5256.0000 0.8717
5258.0000 0.8714
5260.0000 0.8710
5262.0000 0.8705
5264.0000 0.8699
5266.0000 0.8692
5268.0000 0.8686
5270.0000 0.8680
5272.0000 0.8674
5274.0000 0.8670
5276.0000 0.8666
5278.0000 0.8661
5280.0000 0.8657
5282.0000 0.8652
5284.0000 0.8647
5286.0000 0.8641
5288.0000 0.8636
5290.0000 0.8630
5292.0000 0.8624
5294.0000 0.8618
5296.0000 0.8613
5298.0000 0.8607
5300.0000 0.8601
5302.0000 0.8594
5304.0000 0.8586
5306.0000 0.8576
5308.0000 0.8566
5310.0000 0.8556
5312.0000 0.8545
5314.0000 0.8536
5316.0000 0.8527
5318.0000 0.8519
5320.0000 0.8512
5322.0000 0.8505
5324.0000 0.8499
5326.0000 0.8492
5328.0000 0.8484
5330.0000 0.8476
5332.0000 0.8467
5334.0000 0.8457
5336.0000 0.8446
5338.0000 0.8435
5340.0000 0.8424
5342.0000 0.8412
5344.0000 0.8402
5346.0000 0.8392
5348.0000 0.8383
5350.0000 0.8375
5352.0000 0.8368
5354.0000 0.8361
5356.0000 0.8354
5358.0000 0.8347
5360.0000 0.8340
5362.0000 0.8331
5364.0000 0.8321
5366.0000 0.8309
5368.0000 0.8297
5370.0000 0.8285
5372.0000 0.8272
5374.0000 0.8259
5376.0000 0.8247
5378.0000 0.8234
5380.0000 0.8221
5382.0000 0.8209
5384.0000 0.8197
5386.0000 0.8184
5388.0000 0.8172
5390.0000 0.8160
5392.0000 0.8149
5394.0000 0.8137
5396.0000 0.8125
5398.0000 0.8113
5400.0000 0.8102
5402.0000 0.8092
5404.0000 0.8082
5406.0000 0.8073
5408.0000 0.8063
5410.0000 0.8052
5412.0000 0.8040
5414.0000 0.8027
5416.0000 0.8012
5418.0000 0.7996
5420.0000 0.7980
5422.0000 0.7964
5424.0000 0.7949
5426.0000 0.7934
5428.0000 0.7920
5430.0000 0.7906
5432.0000 0.7893
5434.0000 0.7879
5436.0000 0.7866
5438.0000 0.7852
5440.0000 0.7839
5442.0000 0.7825
5444.0000 0.7811
5446.0000 0.7797
5448.0000 0.7782
5450.0000 0.7766
5452.0000 0.7749
5454.0000 0.7732
5456.0000 0.7714
5458.0000 0.7696
5460.0000 0.7679
5462.0000 0.7661
5464.0000 0.7645
5466.0000 0.7629
5468.0000 0.7613
5470.0000 0.7598
5472.0000 0.7583
5474.0000 0.7567
5476.0000 0.7550
5478.0000 0.7532
5480.0000 0.7513
5482.0000 0.7494
5484.0000 0.7475
5486.0000 0.7458
5488.0000 0.7440
5490.0000 0.7423
5492.0000 0.7406
5494.0000 0.7388
5496.0000 0.7370
5498.0000 0.7351
5500.0000 0.7332
5502.0000 0.7312
5504.0000 0.7294
5506.0000 0.7275
5508.0000 0.7257
5510.0000 0.7239
5512.0000 0.7222
5514.0000 0.7204
5516.0000 0.7187
5518.0000 0.7169
5520.0000 0.7152
5522.0000 0.7135
5524.0000 0.7117
5526.0000 0.7098
5528.0000 0.7078
5530.0000 0.7057
5532.0000 0.7036
5534.0000 0.7016
5536.0000 0.6995
5538.0000 0.6975
5540.0000 0.6956
5542.0000 0.6937
5544.0000 0.6917
5546.0000 0.6897
5548.0000 0.6877
5550.0000 0.6856
5552.0000 0.6834
5554.0000 0.6812
5556.0000 0.6791
5558.0000 0.6769
5560.0000 0.6748
5562.0000 0.6728
5564.0000 0.6708
5566.0000 0.6688
5568.0000 0.6668
5570.0000 0.6647
5572.0000 0.6625
5574.0000 0.6603
5576.0000 0.6581
5578.0000 0.6558
5580.0000 0.6535
5582.0000 0.6512
5584.0000 0.6489
5586.0000 0.6466
5588.0000 0.6444
5590.0000 0.6423
5592.0000 0.6401
5594.0000 0.6379
5596.0000 0.6356
5598.0000 0.6333
5600.0000 0.6308
5602.0000 0.6283
5604.0000 0.6257
5606.0000 0.6232
5608.0000 0.6207
5610.0000 0.6182
5612.0000 0.6159
5614.0000 0.6136
5616.0000 0.6113
5618.0000 0.6089
5620.0000 0.6065
5622.0000 0.6041
5624.0000 0.6016
5626.0000 0.5991
5628.0000 0.5966
5630.0000 0.5941
5632.0000 0.5918
5634.0000 0.5895
5636.0000 0.5872
5638.0000 0.5849
5640.0000 0.5825
5642.0000 0.5801
5644.0000 0.5776
5646.0000 0.5750
5648.0000 0.5723
5650.0000 0.5697
5652.0000 0.5670
5654.0000 0.5644
5656.0000 0.5618
5658.0000 0.5591
5660.0000 0.5565
5662.0000 0.5539
5664.0000 0.5514
5666.0000 0.5488
5668.0000 0.5463
5670.0000 0.5439
5672.0000 0.5414
5674.0000 0.5389
5676.0000 0.5364
5678.0000 0.5339
5680.0000 0.5313
5682.0000 0.5287
5684.0000 0.5261
5686.0000 0.5235
5688.0000 0.5210
5690.0000 0.5185
5692.0000 0.5160
5694.0000 0.5135
5696.0000 0.5109
5698.0000 0.5083
5700.0000 0.5055
5702.0000 0.5028
5704.0000 0.5000
5706.0000 0.4972
5708.0000 0.4945
5710.0000 0.4919
5712.0000 0.4893
5714.0000 0.4867
5716.0000 0.4841
5718.0000 0.4815
5720.0000 0.4788
5722.0000 0.4762
5724.0000 0.4735
5726.0000 0.4709
5728.0000 0.4682
5730.0000 0.4656
5732.0000 0.4631
5734.0000 0.4605
5736.0000 0.4579
5738.0000 0.4552
5740.0000 0.4525
5742.0000 0.4498
5744.0000 0.4471
5746.0000 0.4443
5748.0000 0.4416
5750.0000 0.4389
5752.0000 0.4362
5754.0000 0.4336
5756.0000 0.4309
5758.0000 0.4282
5760.0000 0.4254
5762.0000 0.4227
5764.0000 0.4199
5766.0000 0.4172
5768.0000 0.4146
5770.0000 0.4120
5772.0000 0.4094
5774.0000 0.4069
5776.0000 0.4043
5778.0000 0.4017
5780.0000 0.3991
5782.0000 0.3964
5784.0000 0.3937
5786.0000 0.3910
5788.0000 0.3883
5790.0000 0.3857
5792.0000 0.3830
5794.0000 0.3804
5796.0000 0.3777
5798.0000 0.3751
5800.0000 0.3725
5802.0000 0.3698
5804.0000 0.3672
5806.0000 0.3645
5808.0000 0.3619
5810.0000 0.3592
5812.0000 0.3566
5814.0000 0.3540
5816.0000 0.3513
5818.0000 0.3487
5820.0000 0.3460
5822.0000 0.3434
5824.0000 0.3409
5826.0000 0.3384
5828.0000 0.3358
5830.0000 0.3333
5832.0000 0.3309
5834.0000 0.3283
5836.0000 0.3258
5838.0000 0.3233
5840.0000 0.3208
5842.0000 0.3183
5844.0000 0.3158
5846.0000 0.3134
5848.0000 0.3109
5850.0000 0.3085
5852.0000 0.3061
5854.0000 0.3037
5856.0000 0.3013
5858.0000 0.2989
5860.0000 0.2964
5862.0000 0.2939
5864.0000 0.2913
5866.0000 0.2888
5868.0000 0.2863
5870.0000 0.2839
5872.0000 0.2814
5874.0000 0.2790
5876.0000 0.2766
5878.0000 0.2742
5880.0000 0.2718
5882.0000 0.2695
5884.0000 0.2671
5886.0000 0.2648
5888.0000 0.2625
5890.0000 0.2602
5892.0000 0.2579
5894.0000 0.2556
5896.0000 0.2533
5898.0000 0.2510
5900.0000 0.2488
5902.0000 0.2465
5904.0000 0.2443
5906.0000 0.2421
5908.0000 0.2399
5910.0000 0.2377
5912.0000 0.2355
5914.0000 0.2332
5916.0000 0.2309
5918.0000 0.2286
5920.0000 0.2263
5922.0000 0.2241
5924.0000 0.2219
5926.0000 0.2197
5928.0000 0.2176
5930.0000 0.2155
5932.0000 0.2135
5934.0000 0.2114
5936.0000 0.2094
5938.0000 0.2073
5940.0000 0.2053
5942.0000 0.2032
5944.0000 0.2012
5946.0000 0.1992
5948.0000 0.1971
5950.0000 0.1951
5952.0000 0.1931
5954.0000 0.1911
5956.0000 0.1891
5958.0000 0.1871
5960.0000 0.1851
5962.0000 0.1832
5964.0000 0.1812
5966.0000 0.1793
5968.0000 0.1774
5970.0000 0.1755
5972.0000 0.1736
5974.0000 0.1717
5976.0000 0.1698
5978.0000 0.1680
5980.0000 0.1661
5982.0000 0.1643
5984.0000 0.1625
5986.0000 0.1607
5988.0000 0.1589
5990.0000 0.1572
5992.0000 0.1554
5994.0000 0.1537
5996.0000 0.1519
5998.0000 0.1502
6000.0000 0.1484
6002.0000 0.1467
6004.0000 0.1450
6006.0000 0.1433
6008.0000 0.1417
6010.0000 0.1401
6012.0000 0.1385
6014.0000 0.1368
6016.0000 0.1352
6018.0000 0.1336
6020.0000 0.1320
6022.0000 0.1305
6024.0000 0.1289
6026.0000 0.1273
6028.0000 0.1258
6030.0000 0.1242
6032.0000 0.1227
6034.0000 0.1212
6036.0000 0.1197
6038.0000 0.1182
6040.0000 0.1168
6042.0000 0.1153
6044.0000 0.1139
6046.0000 0.1125
6048.0000 0.1111
6050.0000 0.1097
6052.0000 0.1083
6054.0000 0.1069
6056.0000 0.1055
6058.0000 0.1041
6060.0000 0.1028
6062.0000 0.1014
6064.0000 0.1001
6066.0000 0.0988
6068.0000 0.0975
6070.0000 0.0962
6072.0000 0.0949
6074.0000 0.0937
6076.0000 0.0924
6078.0000 0.0911
6080.0000 0.0899
6082.0000 0.0887
6084.0000 0.0875
6086.0000 0.0863
6088.0000 0.0851
6090.0000 0.0840
6092.0000 0.0828
6094.0000 0.0816
6096.0000 0.0805
6098.0000 0.0793
6100.0000 0.0782
6102.0000 0.0771
6104.0000 0.0760
6106.0000 0.0749
6108.0000 0.0739
6110.0000 0.0728
6112.0000 0.0718
6114.0000 0.0708
6116.0000 0.0698
6118.0000 0.0688
6120.0000 0.0678
6122.0000 0.0668
6124.0000 0.0658
6126.0000 0.0649
6128.0000 0.0639
6130.0000 0.0630
6132.0000 0.0620
6134.0000 0.0611
6136.0000 0.0602
6138.0000 0.0593
6140.0000 0.0584
6142.0000 0.0575
6144.0000 0.0567
6146.0000 0.0558
6148.0000 0.0550
6150.0000 0.0541
6152.0000 0.0533
6154.0000 0.0525
6156.0000 0.0517
6158.0000 0.0509
6160.0000 0.0501
6162.0000 0.0493
6164.0000 0.0486
6166.0000 0.0478
6168.0000 0.0471
6170.0000 0.0463
6172.0000 0.0456
6174.0000 0.0448
6176.0000 0.0441
6178.0000 0.0434
6180.0000 0.0427
6182.0000 0.0420
6184.0000 0.0413
6186.0000 0.0407
6188.0000 0.0400
6190.0000 0.0394
6192.0000 0.0387
6194.0000 0.0381
6196.0000 0.0374
6198.0000 0.0368
6200.0000 0.0362
6202.0000 0.0356
6204.0000 0.0350
6206.0000 0.0344
6208.0000 0.0338
6210.0000 0.0333
6212.0000 0.0327
6214.0000 0.0322
6216.0000 0.0316
6218.0000 0.0311
6220.0000 0.0306
6222.0000 0.0301
6224.0000 0.0295
6226.0000 0.0290
6228.0000 0.0285
6230.0000 0.0280
6232.0000 0.0276
6234.0000 0.0271
6236.0000 0.0266
6238.0000 0.0261
6240.0000 0.0257
6242.0000 0.0252
6244.0000 0.0248
6246.0000 0.0243
6248.0000 0.0239
6250.0000 0.0235
6252.0000 0.0231
6254.0000 0.0226
6256.0000 0.0222
6258.0000 0.0218
6260.0000 0.0214
6262.0000 0.0211
6264.0000 0.0207
6266.0000 0.0203
6268.0000 0.0199
6270.0000 0.0196
6272.0000 0.0192
6274.0000 0.0188
6276.0000 0.0185
6278.0000 0.0181
6280.0000 0.0178
6282.0000 0.0175
6284.0000 0.0171
6286.0000 0.0168
6288.0000 0.0165
6290.0000 0.0162
6292.0000 0.0159
6294.0000 0.0156
6296.0000 0.0153
6298.0000 0.0150
6300.0000 0.0147
6302.0000 0.0144
6304.0000 0.0141
6306.0000 0.0139
6308.0000 0.0136
6310.0000 0.0133
6312.0000 0.0131
6314.0000 0.0128
6316.0000 0.0126
6318.0000 0.0123
6320.0000 0.0121
6322.0000 0.0119
6324.0000 0.0116
6326.0000 0.0114
6328.0000 0.0112
6330.0000 0.0110
6332.0000 0.0107
6334.0000 0.0105
6336.0000 0.0103
6338.0000 0.0101
6340.0000 0.0099
6342.0000 0.0097
6344.0000 0.0095
6346.0000 0.0093
6348.0000 0.0091
6350.0000 0.0089
6352.0000 0.0087
6354.0000 0.0086
6356.0000 0.0084
6358.0000 0.0082
6360.0000 0.0080
6362.0000 0.0079
6364.0000 0.0077
6366.0000 0.0075
6368.0000 0.0074
6370.0000 0.0072
6372.0000 0.0071
6374.0000 0.0069
6376.0000 0.0068
6378.0000 0.0066
6380.0000 0.0065
6382.0000 0.0064
6384.0000 0.0062
6386.0000 0.0061
6388.0000 0.0060
6390.0000 0.0058
6392.0000 0.0057
6394.0000 0.0056
6396.0000 0.0055
6398.0000 0.0053
6400.0000 0.0052
6402.0000 0.0051
6404.0000 0.0050
6406.0000 0.0049
6408.0000 0.0048
6410.0000 0.0047
6412.0000 0.0046
6414.0000 0.0045
6416.0000 0.0044
6418.0000 0.0043
6420.0000 0.0042
6422.0000 0.0041
6424.0000 0.0040
6426.0000 0.0039
6428.0000 0.0038
6430.0000 0.0037
6432.0000 0.0036
6434.0000 0.0036
6436.0000 0.0035
6438.0000 0.0034
6440.0000 0.0033
6442.0000 0.0032
6444.0000 0.0032
6446.0000 0.0031
6448.0000 0.0030
6450.0000 0.0030
6452.0000 0.0029
6454.0000 0.0028
6456.0000 0.0028
6458.0000 0.0027
6460.0000 0.0026
6462.0000 0.0026
6464.0000 0.0025
6466.0000 0.0025
6468.0000 0.0024
6470.0000 0.0023
6472.0000 0.0023
6474.0000 0.0022
6476.0000 0.0022
6478.0000 0.0021
6480.0000 0.0021
6482.0000 0.0020
6484.0000 0.0020
6486.0000 0.0019
6488.0000 0.0019
6490.0000 0.0018
6492.0000 0.0018
6494.0000 0.0017
6496.0000 0.0017
6498.0000 0.0017
6500.0000 0.0016
6502.0000 0.0016
6504.0000 0.0015
6506.0000 0.0015
6508.0000 0.0015
6510.0000 0.0014
6512.0000 0.0014
6514.0000 0.0014
6516.0000 0.0013
6518.0000 0.0013
6520.0000 0.0013
6522.0000 0.0012
6524.0000 0.0012
6526.0000 0.0012
6528.0000 0.0011
6530.0000 0.0011
6532.0000 0.0011
6534.0000 0.0011
6536.0000 0.0010
6538.0000 0.0010
6540.0000 0.0010
6542.0000 0.0009
6544.0000 0.0009
6546.0000 0.0009
6548.0000 0.0009
6550.0000 0.0009
6552.0000 0.0008
6554.0000 0.0008
6556.0000 0.0008
6558.0000 0.0008
6560.0000 0.0008
6562.0000 0.0007
6564.0000 0.0007
6566.0000 0.0007
6568.0000 0.0007
6570.0000 0.0007
6572.0000 0.0006
6574.0000 0.0006
6576.0000 0.0006
6578.0000 0.0006
6580.0000 0.0006
6582.0000 0.0006
6584.0000 0.0005
6586.0000 0.0005
6588.0000 0.0005
6590.0000 0.0005
6592.0000 0.0005
