6565.000000 0.006160
6570.000000 0.009840
6575.000000 0.015960
6580.000000 0.026040
6585.000000 0.042590
6590.000000 0.070760
6595.000000 0.117930
6600.000000 0.193760
6605.000000 0.305900
6610.000000 0.449720
6615.000000 0.604410
6620.000000 0.739020
6625.000000 0.826720
6630.000000 0.865720
6640.000000 0.875380
6645.000000 0.875140
6650.000000 0.874210
6655.000000 0.866930
6660.000000 0.845810
6665.000000 0.802000
6670.000000 0.724140
6675.000000 0.605840
6680.000000 0.460010
6685.000000 0.311810
6690.000000 0.191120
6695.000000 0.109220
6700.000000 0.060480
6705.000000 0.033610
6710.000000 0.019310
6715.000000 0.011630
6720.000000 0.007270
6725.000000 0.004720
