4745.000000 0.004960
4750.000000 0.006470
4755.000000 0.008320
4760.000000 0.010720
4765.000000 0.013600
4770.000000 0.017050
4775.000000 0.021280
4780.000000 0.026130
4785.000000 0.031880
4790.000000 0.038520
4795.000000 0.046140
4800.000000 0.054820
4805.000000 0.064240
4810.000000 0.074830
4815.000000 0.086260
4820.000000 0.097300
4825.000000 0.109660
4830.000000 0.123680
4835.000000 0.138490
4840.000000 0.154860
4845.000000 0.171580
4850.000000 0.188880
4855.000000 0.207330
4860.000000 0.226250
4865.000000 0.245520
4870.000000 0.265170
4875.000000 0.284570
4880.000000 0.304180
4885.000000 0.323640
4890.000000 0.343040
4895.000000 0.362200
4900.000000 0.380790
4905.000000 0.398880
4910.000000 0.417160
4915.000000 0.434050
4920.000000 0.451180
4925.000000 0.467790
4930.000000 0.483390
4935.000000 0.498870
4940.000000 0.513620
4945.000000 0.528180
4950.000000 0.542110
4955.000000 0.555190
4960.000000 0.567990
4965.000000 0.579890
4970.000000 0.591200
4975.000000 0.602550
4980.000000 0.612840
4985.000000 0.623090
4990.000000 0.632590
4995.000000 0.641660
5000.000000 0.650300
5005.000000 0.658620
5010.000000 0.666320
5015.000000 0.673970
5020.000000 0.680850
5025.000000 0.687770
5030.000000 0.694000
5035.000000 0.699680
5040.000000 0.704970
5045.000000 0.710290
5050.000000 0.715420
5055.000000 0.720500
5060.000000 0.725290
5065.000000 0.729710
5070.000000 0.734210
5075.000000 0.738280
5080.000000 0.742540
5085.000000 0.746230
5090.000000 0.749640
5095.000000 0.753320
5100.000000 0.756250
5105.000000 0.759370
5110.000000 0.762190
5115.000000 0.765030
5120.000000 0.767470
5125.000000 0.769980
5130.000000 0.772260
5135.000000 0.774500
5140.000000 0.776580
5145.000000 0.778490
5150.000000 0.780460
5155.000000 0.782310
5160.000000 0.783600
5165.000000 0.785370
5170.000000 0.786740
5175.000000 0.787960
5180.000000 0.789150
5185.000000 0.790600
5190.000000 0.791840
5195.000000 0.792790
5200.000000 0.794010
5205.000000 0.794800
5210.000000 0.795670
5215.000000 0.796330
5220.000000 0.797190
5225.000000 0.797870
5230.000000 0.798600
5235.000000 0.799080
5240.000000 0.799550
5245.000000 0.800130
5250.000000 0.800270
5255.000000 0.800750
5260.000000 0.801220
5265.000000 0.801360
5270.000000 0.801590
5275.000000 0.801850
5280.000000 0.802040
5285.000000 0.801760
5300.000000 0.801970
5305.000000 0.801720
5310.000000 0.801530
5315.000000 0.801680
5320.000000 0.801300
5325.000000 0.800900
5330.000000 0.800700
5335.000000 0.800400
5340.000000 0.800050
5345.000000 0.799480
5350.000000 0.799240
5355.000000 0.798490
5360.000000 0.798050
5365.000000 0.797520
5370.000000 0.796780
5375.000000 0.796190
5380.000000 0.795570
5385.000000 0.794900
5390.000000 0.794100
5395.000000 0.793270
5400.000000 0.792530
5405.000000 0.791480
5410.000000 0.790590
5415.000000 0.789760
5420.000000 0.788520
5425.000000 0.787720
5430.000000 0.786620
5435.000000 0.785560
5440.000000 0.784310
5445.000000 0.783160
5450.000000 0.782010
5455.000000 0.780830
5460.000000 0.779500
5465.000000 0.778170
5470.000000 0.776990
5475.000000 0.775680
5480.000000 0.774430
5485.000000 0.772570
5490.000000 0.771150
5495.000000 0.769540
5500.000000 0.768090
5505.000000 0.766540
5510.000000 0.764830
5515.000000 0.763060
5520.000000 0.761260
5525.000000 0.759450
5530.000000 0.757480
5535.000000 0.755600
5540.000000 0.753810
5545.000000 0.751540
5550.000000 0.749830
5555.000000 0.747570
5560.000000 0.745640
5565.000000 0.743340
5570.000000 0.741330
5575.000000 0.739180
5580.000000 0.736910
5585.000000 0.734700
5590.000000 0.732430
5595.000000 0.729870
5600.000000 0.727640
5605.000000 0.725230
5610.000000 0.722670
5615.000000 0.720100
5620.000000 0.717570
5625.000000 0.714990
5630.000000 0.712340
5635.000000 0.709660
5640.000000 0.707140
5645.000000 0.704270
5650.000000 0.701290
5655.000000 0.698580
5660.000000 0.695860
5665.000000 0.692930
5670.000000 0.690060
5675.000000 0.686990
5680.000000 0.684240
5685.000000 0.681500
5690.000000 0.678660
5695.000000 0.675470
5700.000000 0.672400
5705.000000 0.669270
5710.000000 0.666010
5715.000000 0.662640
5720.000000 0.659430
5725.000000 0.655980
5730.000000 0.652670
5735.000000 0.649030
5740.000000 0.645500
5745.000000 0.642050
5750.000000 0.638460
5755.000000 0.634790
5760.000000 0.631170
5765.000000 0.627710
5770.000000 0.623930
5775.000000 0.620350
5780.000000 0.616570
5785.000000 0.612760
5790.000000 0.609220
5795.000000 0.605240
5800.000000 0.601520
5805.000000 0.597630
5810.000000 0.593950
5815.000000 0.589950
5820.000000 0.586060
5825.000000 0.582180
5830.000000 0.578140
5835.000000 0.574150
5840.000000 0.570380
5845.000000 0.566210
5850.000000 0.562220
5855.000000 0.558130
5860.000000 0.554190
5865.000000 0.550000
5870.000000 0.545930
5875.000000 0.541740
5880.000000 0.537610
5885.000000 0.533620
5890.000000 0.529370
5895.000000 0.525300
5900.000000 0.521550
5905.000000 0.517640
5910.000000 0.513670
5915.000000 0.509460
5920.000000 0.505070
5925.000000 0.500910
5930.000000 0.496740
5935.000000 0.492460
5940.000000 0.488090
5945.000000 0.483420
5950.000000 0.479070
5955.000000 0.474650
5960.000000 0.470340
5965.000000 0.465880
5970.000000 0.461370
5975.000000 0.456880
5980.000000 0.452450
5985.000000 0.448100
5990.000000 0.443820
5995.000000 0.439340
6000.000000 0.435040
6005.000000 0.430630
6010.000000 0.426260
6015.000000 0.421910
6020.000000 0.417600
6025.000000 0.413220
6030.000000 0.408870
6035.000000 0.404430
6040.000000 0.400140
6045.000000 0.395860
6050.000000 0.391510
6055.000000 0.387240
6060.000000 0.383020
6065.000000 0.378730
6070.000000 0.374320
6075.000000 0.370090
6080.000000 0.365820
6085.000000 0.361670
6090.000000 0.357470
6095.000000 0.353310
6100.000000 0.349130
6105.000000 0.344890
6110.000000 0.340890
6115.000000 0.337150
6120.000000 0.333410
6125.000000 0.329480
6130.000000 0.325270
6135.000000 0.321190
6140.000000 0.317120
6145.000000 0.313170
6150.000000 0.309160
6155.000000 0.305030
6160.000000 0.300920
6165.000000 0.296950
6170.000000 0.292900
6175.000000 0.288870
6180.000000 0.284960
6185.000000 0.281020
6190.000000 0.277210
6195.000000 0.273320
6200.000000 0.269460
6205.000000 0.265740
6210.000000 0.261990
6215.000000 0.258230
6220.000000 0.254550
6225.000000 0.250880
6230.000000 0.247220
6235.000000 0.243620
6240.000000 0.240110
6245.000000 0.236540
6250.000000 0.233000
6255.000000 0.229580
6260.000000 0.226070
6265.000000 0.222680
6270.000000 0.219310
6275.000000 0.215980
6280.000000 0.212590
6285.000000 0.209420
6290.000000 0.206110
6295.000000 0.202850
6300.000000 0.199690
6305.000000 0.196540
6310.000000 0.193330
6315.000000 0.190260
6320.000000 0.187140
6325.000000 0.184220
6330.000000 0.181480
6335.000000 0.178770
6340.000000 0.175940
6345.000000 0.172950
6350.000000 0.170060
6355.000000 0.167260
6360.000000 0.164370
6365.000000 0.161520
6370.000000 0.158730
6375.000000 0.155950
6380.000000 0.153230
6385.000000 0.150400
6390.000000 0.147670
6395.000000 0.145040
6400.000000 0.142400
6405.000000 0.139770
6410.000000 0.137310
6415.000000 0.134810
6420.000000 0.132280
6425.000000 0.129830
6430.000000 0.127440
6435.000000 0.125100
6440.000000 0.122710
6445.000000 0.120460
6450.000000 0.118170
6455.000000 0.115890
6460.000000 0.113720
6465.000000 0.111520
6470.000000 0.109360
6475.000000 0.107290
6480.000000 0.105230
6485.000000 0.103180
6490.000000 0.101210
6495.000000 0.099170
6500.000000 0.097250
6505.000000 0.095290
6510.000000 0.093350
6515.000000 0.091470
6520.000000 0.089630
6525.000000 0.087810
6530.000000 0.086030
6535.000000 0.084290
6540.000000 0.082640
6545.000000 0.081070
6550.000000 0.079550
6555.000000 0.078000
6560.000000 0.076390
6565.000000 0.074790
6570.000000 0.073210
6575.000000 0.071630
6580.000000 0.070150
6585.000000 0.068630
6590.000000 0.067140
6595.000000 0.065670
6600.000000 0.064200
6605.000000 0.062780
6610.000000 0.061380
6615.000000 0.059980
6620.000000 0.058660
6625.000000 0.057350
6630.000000 0.056070
6635.000000 0.054850
6640.000000 0.053590
6645.000000 0.052340
6650.000000 0.051170
6655.000000 0.050020
6660.000000 0.048890
6665.000000 0.047760
6670.000000 0.046670
6675.000000 0.045590
6680.000000 0.044530
6685.000000 0.043520
6690.000000 0.042520
6695.000000 0.041540
6700.000000 0.040570
6705.000000 0.039590
6710.000000 0.038660
6715.000000 0.037750
6720.000000 0.036870
6725.000000 0.035960
6730.000000 0.035120
6735.000000 0.034270
6740.000000 0.033440
6745.000000 0.032640
6750.000000 0.031840
6755.000000 0.031100
6760.000000 0.030410
6765.000000 0.029730
6770.000000 0.029040
6775.000000 0.028310
6780.000000 0.027630
6785.000000 0.026950
6790.000000 0.026270
6795.000000 0.025630
6800.000000 0.024980
6805.000000 0.024330
6810.000000 0.023710
6815.000000 0.023090
6820.000000 0.022480
6825.000000 0.021910
6830.000000 0.021320
6835.000000 0.020770
6840.000000 0.020220
6845.000000 0.019700
6850.000000 0.019180
6855.000000 0.018680
6860.000000 0.018180
6865.000000 0.017750
6870.000000 0.017250
6875.000000 0.016820
6880.000000 0.016380
6885.000000 0.015950
6890.000000 0.015520
6895.000000 0.015120
6900.000000 0.014710
6905.000000 0.014320
6910.000000 0.013950
6915.000000 0.013570
6920.000000 0.013210
6925.000000 0.012860
6930.000000 0.012510
6935.000000 0.012160
6940.000000 0.011830
6945.000000 0.011520
6950.000000 0.011210
6955.000000 0.010900
6960.000000 0.010610
6965.000000 0.010310
6970.000000 0.010040
6975.000000 0.009780
6980.000000 0.009540
6985.000000 0.009310
6990.000000 0.009030
6995.000000 0.008790
7000.000000 0.008540
7005.000000 0.008320
7010.000000 0.008080
7015.000000 0.007850
7020.000000 0.007630
7025.000000 0.007410
7030.000000 0.007200
7035.000000 0.006990
7040.000000 0.006780
7045.000000 0.006590
7050.000000 0.006410
7055.000000 0.006220
7060.000000 0.006040
7065.000000 0.005870
7070.000000 0.005700
7075.000000 0.005530
7080.000000 0.005380
7085.000000 0.005230
7090.000000 0.005080
7095.000000 0.004930
7100.000000 0.004780
7105.000000 0.004660
7110.000000 0.004520
7115.000000 0.004390
7120.000000 0.004260
7125.000000 0.004140
7130.000000 0.004020
