5890.000000 0.006580
5895.000000 0.011230
5900.000000 0.018830
5905.000000 0.030940
5910.000000 0.050590
5915.000000 0.083020
5920.000000 0.131600
5925.000000 0.200630
5930.000000 0.292140
5935.000000 0.402600
5940.000000 0.521610
5945.000000 0.633170
5950.000000 0.719160
5955.000000 0.768470
5960.000000 0.779540
5965.000000 0.765290
5970.000000 0.741370
5975.000000 0.720370
5980.000000 0.707930
5985.000000 0.705520
5990.000000 0.712510
5995.000000 0.727530
6000.000000 0.748030
6005.000000 0.773420
6010.000000 0.800910
6015.000000 0.828600
6020.000000 0.856040
6025.000000 0.881320
6030.000000 0.902560
6035.000000 0.919320
6040.000000 0.930590
6045.000000 0.936120
6050.000000 0.936810
6055.000000 0.933480
6060.000000 0.927220
6065.000000 0.919750
6070.000000 0.911770
6075.000000 0.903720
6080.000000 0.896610
6085.000000 0.890050
6090.000000 0.884000
6095.000000 0.879250
6105.000000 0.876090
6110.000000 0.879720
6115.000000 0.886530
6120.000000 0.892820
6125.000000 0.892170
6130.000000 0.870110
6135.000000 0.810970
6140.000000 0.704970
6145.000000 0.565740
6150.000000 0.416230
6155.000000 0.283320
6160.000000 0.182270
6165.000000 0.114550
6170.000000 0.071320
6175.000000 0.045400
6180.000000 0.029420
6185.000000 0.019530
6190.000000 0.013290
6195.000000 0.009270
6200.000000 0.006650
6205.000000 0.004870
