6280.000000 0.005240
6285.000000 0.007840
6290.000000 0.012120
6295.000000 0.019320
6300.000000 0.032240
6305.000000 0.055910
6310.000000 0.099830
6315.000000 0.178620
6320.000000 0.303270
6325.000000 0.468520
6330.000000 0.633900
6335.000000 0.766950
6340.000000 0.857450
6345.000000 0.897990
6350.000000 0.904960
6355.000000 0.902270
6360.000000 0.901980
6365.000000 0.904210
6370.000000 0.906320
6375.000000 0.906780
6380.000000 0.904150
6385.000000 0.899600
6390.000000 0.893940
6395.000000 0.889660
6400.000000 0.888020
6405.000000 0.889850
6410.000000 0.893900
6420.000000 0.897530
6425.000000 0.894030
6430.000000 0.886460
6435.000000 0.876910
6440.000000 0.866740
6445.000000 0.856320
6450.000000 0.846660
6455.000000 0.838120
6460.000000 0.830680
6465.000000 0.824790
6470.000000 0.820500
6475.000000 0.816850
6480.000000 0.813140
6485.000000 0.808280
6490.000000 0.803110
6495.000000 0.798970
6500.000000 0.798520
6505.000000 0.802030
6510.000000 0.808320
6515.000000 0.813360
6520.000000 0.812110
6525.000000 0.800290
6530.000000 0.773810
6535.000000 0.731630
6540.000000 0.677000
6545.000000 0.619980
6550.000000 0.566020
6555.000000 0.518530
6560.000000 0.482150
6565.000000 0.464400
6570.000000 0.473840
6575.000000 0.518730
6580.000000 0.602390
6585.000000 0.695350
6590.000000 0.738420
6595.000000 0.671720
6600.000000 0.500590
6605.000000 0.303600
6610.000000 0.156780
6615.000000 0.079260
6620.000000 0.042320
6625.000000 0.024550
6630.000000 0.015210
6635.000000 0.010010
6640.000000 0.006860
6645.000000 0.004850
