7490.000000 0.004230
7495.000000 0.004910
7500.000000 0.005700
7505.000000 0.006680
7510.000000 0.007850
7515.000000 0.009280
7520.000000 0.010990
7525.000000 0.013100
7530.000000 0.015650
7535.000000 0.018840
7540.000000 0.022820
7545.000000 0.027860
7550.000000 0.034070
7555.000000 0.042020
7560.000000 0.052180
7565.000000 0.065140
7570.000000 0.082430
7575.000000 0.104580
7580.000000 0.133110
7585.000000 0.169970
7590.000000 0.216940
7595.000000 0.275390
7600.000000 0.347120
7605.000000 0.431550
7610.000000 0.525270
7615.000000 0.620020
7620.000000 0.708580
7625.000000 0.783420
7630.000000 0.842630
7635.000000 0.887980
7640.000000 0.918650
7645.000000 0.935540
7650.000000 0.942280
7655.000000 0.943400
7660.000000 0.941620
7665.000000 0.939110
7670.000000 0.938420
7675.000000 0.938710
7680.000000 0.940640
7685.000000 0.943230
7690.000000 0.946960
7695.000000 0.950650
7700.000000 0.953640
7705.000000 0.955300
7710.000000 0.956040
7715.000000 0.954970
7720.000000 0.953100
7725.000000 0.950360
7730.000000 0.946690
7735.000000 0.942880
7740.000000 0.938530
7745.000000 0.934180
7750.000000 0.928680
7755.000000 0.921410
7760.000000 0.911530
7765.000000 0.896180
7770.000000 0.871790
7775.000000 0.838630
7780.000000 0.793040
7785.000000 0.734070
7790.000000 0.665040
7795.000000 0.587440
7800.000000 0.506820
7805.000000 0.428980
7810.000000 0.357330
7815.000000 0.293360
7820.000000 0.238260
7825.000000 0.193090
7830.000000 0.155610
7835.000000 0.126010
7840.000000 0.103570
7845.000000 0.085650
7850.000000 0.070800
7855.000000 0.058530
7860.000000 0.048200
7865.000000 0.039820
7870.000000 0.033120
7875.000000 0.027670
7880.000000 0.023200
7885.000000 0.019520
7890.000000 0.016540
7895.000000 0.014070
7900.000000 0.012050
7905.000000 0.010380
7910.000000 0.008970
7915.000000 0.007750
7920.000000 0.006760
7925.000000 0.005900
7930.000000 0.005170
7935.000000 0.004540
7940.000000 0.004030
