12622.900000 0.004447
12627.900000 0.005148
12632.900000 0.005897
12637.900000 0.006930
12642.900000 0.008354
12647.900000 0.010145
12652.900000 0.012144
12657.900000 0.014519
12662.900000 0.017497
12667.900000 0.021033
12672.900000 0.026002
12677.900000 0.032746
12682.900000 0.041012
12687.900000 0.050870
12692.900000 0.062541
12697.800000 0.077575
12702.800000 0.096885
12707.800000 0.123660
12712.800000 0.155798
12717.800000 0.189857
12722.800000 0.229047
12727.800000 0.269863
12732.800000 0.319692
12737.800000 0.372733
12742.800000 0.431107
12747.800000 0.483133
12752.800000 0.529268
12757.800000 0.569464
12762.800000 0.605601
12767.800000 0.640764
12772.800000 0.667547
12777.800000 0.687752
12782.800000 0.701728
12787.800000 0.710216
12792.800000 0.714838
12797.800000 0.716394
12802.700000 0.714146
12807.700000 0.708663
12812.700000 0.701083
12817.700000 0.691494
12822.700000 0.680916
12827.700000 0.668908
12832.700000 0.654089
12837.700000 0.640777
12842.700000 0.629949
12847.700000 0.620771
12852.700000 0.613936
12857.700000 0.610235
12862.700000 0.609488
12867.700000 0.612989
12872.700000 0.619823
12877.700000 0.628189
12882.700000 0.636805
12887.700000 0.644466
12892.700000 0.647599
12897.700000 0.641778
12902.700000 0.622862
12907.600000 0.595380
12912.600000 0.556363
12917.600000 0.511284
12922.600000 0.448710
12927.600000 0.381212
12932.600000 0.312631
12937.600000 0.255185
12942.600000 0.205942
12947.600000 0.164666
12952.600000 0.128983
12957.600000 0.095903
12962.600000 0.073679
12967.600000 0.056911
12972.600000 0.044541
12977.600000 0.035834
12982.600000 0.028961
12987.600000 0.022827
12992.600000 0.018073
12997.600000 0.014607
13002.600000 0.012266
13007.600000 0.010215
13012.500000 0.008644
13017.500000 0.007323
13022.500000 0.006080
13027.500000 0.005077
13032.500000 0.004426
