21500.000000 0.004099
21510.000000 0.004853
21520.000000 0.004899
21530.000000 0.005638
21540.000000 0.009501
21550.000000 0.010166
21560.000000 0.012144
21570.000000 0.014681
21580.000000 0.018001
21590.000000 0.022573
21600.000000 0.028143
21610.000000 0.035217
21620.000000 0.045152
21630.000000 0.056763
21640.000000 0.072201
21650.000000 0.090681
21660.000000 0.114949
21670.000000 0.143573
21680.000000 0.174168
21690.000000 0.212599
21700.000000 0.252687
21710.000000 0.295197
21720.000000 0.341860
21730.000000 0.384108
21740.000000 0.424411
21750.000000 0.468173
21760.000000 0.500315
21770.000000 0.531027
21780.000000 0.566454
21790.000000 0.602555
21800.000000 0.644151
21810.000000 0.679328
21820.000000 0.699911
21830.000000 0.709521
21840.000000 0.707803
21850.000000 0.694771
21860.000000 0.686100
21870.000000 0.671529
21880.000000 0.652654
21890.000000 0.631658
21900.000000 0.612651
21910.000000 0.599873
21920.000000 0.591036
21930.000000 0.587033
21940.000000 0.588621
21950.000000 0.596475
21960.000000 0.612521
21970.000000 0.631821
21980.000000 0.651277
21990.000000 0.661865
22000.000000 0.655877
22010.000000 0.627201
22020.000000 0.565386
22030.000000 0.480185
22040.000000 0.392795
22050.000000 0.301474
22060.000000 0.227144
22070.000000 0.169050
22080.000000 0.124473
22090.000000 0.092474
22100.000000 0.068932
22110.000000 0.052179
22120.000000 0.040155
22130.000000 0.031101
22140.000000 0.024164
22150.000000 0.019268
22160.000000 0.015195
22170.000000 0.012513
22180.000000 0.010159
22190.000000 0.008657
22200.000000 0.007668
22210.000000 0.005968
22220.000000 0.005256
22230.000000 0.004325
