12711.400000 0.018719
12717.500000 0.019253
12723.500000 0.019715
12729.600000 0.020327
12735.600000 0.021220
12741.700000 0.022604
12747.700000 0.023850
12753.800000 0.025929
12759.800000 0.028375
12765.900000 0.031415
12771.900000 0.034881
12778.000000 0.039975
12784.100000 0.046958
12790.100000 0.056286
12796.200000 0.068119
12802.200000 0.084416
12808.300000 0.104997
12814.300000 0.131331
12820.400000 0.164220
12826.400000 0.202952
12832.500000 0.245912
12838.600000 0.294282
12844.600000 0.344816
12850.700000 0.394664
12856.700000 0.444046
12862.800000 0.489843
12868.800000 0.531399
12874.900000 0.566666
12880.900000 0.596157
12887.000000 0.618736
12893.000000 0.634405
12899.100000 0.646132
12905.200000 0.653490
12911.200000 0.656545
12917.300000 0.654280
12923.300000 0.649966
12929.400000 0.642213
12935.400000 0.633104
12941.500000 0.621856
12947.500000 0.609611
12953.600000 0.596193
12959.600000 0.584983
12965.700000 0.577511
12971.800000 0.572013
12977.800000 0.570891
12983.900000 0.574115
12989.900000 0.582957
12996.000000 0.592843
13002.000000 0.602257
13008.100000 0.605766
13014.100000 0.599601
13020.200000 0.583507
13026.200000 0.557033
13032.300000 0.517411
13038.400000 0.468802
13044.400000 0.411956
13050.500000 0.348573
13056.500000 0.285350
13062.600000 0.226991
13068.600000 0.175475
13074.700000 0.134528
13080.700000 0.102507
13086.800000 0.078912
13092.800000 0.062247
13098.900000 0.050233
13105.000000 0.042157
13111.000000 0.035806
13117.100000 0.031281
13123.100000 0.027591
13129.200000 0.025457
13135.200000 0.023760
13141.300000 0.022241
13147.300000 0.020829
13153.400000 0.019612
13159.500000 0.019117
13165.500000 0.018601
13171.600000 0.018070
13177.600000 0.017717
13183.700000 0.017192
13189.700000 0.017076
13195.800000 0.016930
