5842.0000 0.0010
5844.0000 0.0010
5846.0000 0.0011
5848.0000 0.0012
5850.0000 0.0012
5852.0000 0.0013
5854.0000 0.0014
5856.0000 0.0015
5858.0000 0.0016
5860.0000 0.0018
5862.0000 0.0019
5864.0000 0.0021
5866.0000 0.0022
5868.0000 0.0024
5870.0000 0.0025
5872.0000 0.0028
5874.0000 0.0030
5876.0000 0.0032
5878.0000 0.0035
5880.0000 0.0038
5882.0000 0.0041
5884.0000 0.0044
5886.0000 0.0048
5888.0000 0.0053
5890.0000 0.0057
5892.0000 0.0063
5894.0000 0.0068
5896.0000 0.0075
5898.0000 0.0082
5900.0000 0.0091
5902.0000 0.0100
5904.0000 0.0110
5906.0000 0.0121
5908.0000 0.0134
5910.0000 0.0148
5912.0000 0.0164
5914.0000 0.0184
5916.0000 0.0204
5918.0000 0.0227
5920.0000 0.0253
5922.0000 0.0282
5924.0000 0.0317
5926.0000 0.0355
5928.0000 0.0401
5930.0000 0.0452
5932.0000 0.0509
5934.0000 0.0574
5936.0000 0.0647
5938.0000 0.0734
5940.0000 0.0832
5942.0000 0.0948
5944.0000 0.1072
5946.0000 0.1215
5948.0000 0.1373
5950.0000 0.1555
5952.0000 0.1761
5954.0000 0.1994
5956.0000 0.2247
5958.0000 0.2514
5960.0000 0.2809
5962.0000 0.3122
5964.0000 0.3462
5966.0000 0.3824
5968.0000 0.4203
5970.0000 0.4574
5972.0000 0.4956
5974.0000 0.5330
5976.0000 0.5708
5978.0000 0.6075
5980.0000 0.6435
5982.0000 0.6783
5984.0000 0.7083
5986.0000 0.7367
5988.0000 0.7625
5990.0000 0.7848
5992.0000 0.8060
5994.0000 0.8242
5996.0000 0.8395
5998.0000 0.8522
6000.0000 0.8632
6002.0000 0.8724
6004.0000 0.8805
6006.0000 0.8866
6008.0000 0.8921
6010.0000 0.8967
6012.0000 0.9001
6014.0000 0.9030
6016.0000 0.9056
6018.0000 0.9076
6020.0000 0.9096
6022.0000 0.9113
6024.0000 0.9122
6026.0000 0.9132
6028.0000 0.9141
6030.0000 0.9152
6032.0000 0.9154
6034.0000 0.9164
6036.0000 0.9166
6038.0000 0.9168
6040.0000 0.9170
6042.0000 0.9175
6044.0000 0.9174
6046.0000 0.9167
6048.0000 0.9158
6050.0000 0.9141
6052.0000 0.9121
6054.0000 0.9088
6056.0000 0.9041
6058.0000 0.8982
6060.0000 0.8898
6062.0000 0.8787
6064.0000 0.8656
6066.0000 0.8496
6068.0000 0.8306
6070.0000 0.8094
6072.0000 0.7830
6074.0000 0.7537
6076.0000 0.7206
6078.0000 0.6876
6080.0000 0.6503
6082.0000 0.6122
6084.0000 0.5717
6086.0000 0.5302
6088.0000 0.4879
6090.0000 0.4465
6092.0000 0.4080
6094.0000 0.3693
6096.0000 0.3340
6098.0000 0.3002
6100.0000 0.2688
6102.0000 0.2382
6104.0000 0.2120
6106.0000 0.1887
6108.0000 0.1673
6110.0000 0.1485
6112.0000 0.1314
6114.0000 0.1158
6116.0000 0.1021
6118.0000 0.0906
6120.0000 0.0804
6122.0000 0.0715
6124.0000 0.0636
6126.0000 0.0566
6128.0000 0.0502
6130.0000 0.0446
6132.0000 0.0401
6134.0000 0.0360
6136.0000 0.0324
6138.0000 0.0292
6140.0000 0.0262
6142.0000 0.0236
6144.0000 0.0213
6146.0000 0.0194
6148.0000 0.0176
6150.0000 0.0160
6152.0000 0.0146
6154.0000 0.0133
6156.0000 0.0121
6158.0000 0.0110
6160.0000 0.0102
6162.0000 0.0093
6164.0000 0.0086
6166.0000 0.0079
6168.0000 0.0072
6170.0000 0.0066
6172.0000 0.0062
6174.0000 0.0057
6176.0000 0.0053
6178.0000 0.0049
6180.0000 0.0045
6182.0000 0.0042
6184.0000 0.0039
6186.0000 0.0036
6188.0000 0.0034
6190.0000 0.0032
6192.0000 0.0030
6194.0000 0.0028
6196.0000 0.0026
6198.0000 0.0024
6200.0000 0.0023
6202.0000 0.0021
6204.0000 0.0020
6206.0000 0.0019
6208.0000 0.0018
6210.0000 0.0017
6212.0000 0.0016
6214.0000 0.0015
6216.0000 0.0014
6218.0000 0.0013
6220.0000 0.0013
6222.0000 0.0012
6224.0000 0.0011
6226.0000 0.0011
6228.0000 0.0010
