6502.0000 0.0009
6504.0000 0.0010
6506.0000 0.0012
6508.0000 0.0014
6510.0000 0.0016
6512.0000 0.0019
6514.0000 0.0022
6516.0000 0.0027
6518.0000 0.0032
6520.0000 0.0039
6522.0000 0.0047
6524.0000 0.0057
6526.0000 0.0071
6528.0000 0.0088
6530.0000 0.0111
6532.0000 0.0140
6534.0000 0.0179
6536.0000 0.0230
6538.0000 0.0297
6540.0000 0.0386
6542.0000 0.0503
6544.0000 0.0658
6546.0000 0.0862
6548.0000 0.1110
6550.0000 0.1423
6552.0000 0.1795
6554.0000 0.2238
6556.0000 0.2729
6558.0000 0.3289
6560.0000 0.3886
6562.0000 0.4500
6564.0000 0.5130
6566.0000 0.5758
6568.0000 0.6363
6570.0000 0.6931
6572.0000 0.7454
6574.0000 0.7895
6576.0000 0.8280
6578.0000 0.8590
6580.0000 0.8844
6582.0000 0.9026
6584.0000 0.9156
6586.0000 0.9233
6588.0000 0.9268
6590.0000 0.9264
6592.0000 0.9219
6594.0000 0.9136
6596.0000 0.9006
6598.0000 0.8819
6600.0000 0.8580
6602.0000 0.8273
6604.0000 0.7905
6606.0000 0.7464
6608.0000 0.6987
6610.0000 0.6441
6612.0000 0.5869
6614.0000 0.5275
6616.0000 0.4669
6618.0000 0.4062
6620.0000 0.3479
6622.0000 0.2932
6624.0000 0.2420
6626.0000 0.1981
6628.0000 0.1586
6630.0000 0.1258
6632.0000 0.0983
6634.0000 0.0765
6636.0000 0.0591
6638.0000 0.0457
6640.0000 0.0355
6642.0000 0.0277
6644.0000 0.0217
6646.0000 0.0171
6648.0000 0.0136
6650.0000 0.0108
6652.0000 0.0087
6654.0000 0.0071
6656.0000 0.0058
6658.0000 0.0047
6660.0000 0.0039
6662.0000 0.0033
6664.0000 0.0028
6666.0000 0.0023
6668.0000 0.0020
6670.0000 0.0017
6672.0000 0.0014
6674.0000 0.0012
6676.0000 0.0011
6678.0000 0.0009
