16236.050000 0.000000
16236.250000 0.000016
16236.450000 0.000049
16236.640000 0.000081
16236.840000 0.000114
16237.040000 0.000147
16237.240000 0.000180
16237.430000 0.000213
16237.630000 0.000245
16237.830000 0.000278
16238.030000 0.000307
16238.220000 0.000305
16238.420000 0.000304
16238.620000 0.000303
16238.810000 0.000302
16239.010000 0.000301
16239.210000 0.000299
16239.410000 0.000298
16239.600000 0.000297
16239.800000 0.000296
16240.000000 0.000295
16240.200000 0.000266
16240.390000 0.000237
16240.590000 0.000209
16240.790000 0.000180
16240.990000 0.000151
16241.180000 0.000123
16241.380000 0.000094
16241.580000 0.000065
16241.770000 0.000036
16241.970000 0.000008
16242.170000 0.000013
16242.370000 0.000024
16242.560000 0.000036
16242.760000 0.000047
16242.960000 0.000058
16243.160000 0.000069
16243.350000 0.000081
16243.550000 0.000092
16243.750000 0.000103
16243.950000 0.000114
16244.140000 0.000144
16244.340000 0.000180
16244.540000 0.000217
16244.740000 0.000253
16244.930000 0.000290
16245.130000 0.000326
16245.330000 0.000363
16245.520000 0.000399
16245.720000 0.000436
16245.920000 0.000472
16246.120000 0.000482
16246.310000 0.000473
16246.510000 0.000464
16246.710000 0.000455
16246.910000 0.000446
16247.100000 0.000437
16247.300000 0.000428
16247.500000 0.000419
16247.700000 0.000410
16247.890000 0.000401
16248.090000 0.000386
16248.290000 0.000365
16248.490000 0.000344
16248.680000 0.000323
16248.880000 0.000301
16249.080000 0.000280
16249.280000 0.000259
16249.470000 0.000237
16249.670000 0.000216
16249.870000 0.000195
16250.070000 0.000188
16250.260000 0.000211
16250.460000 0.000234
16250.660000 0.000256
16250.850000 0.000279
16251.050000 0.000302
16251.250000 0.000325
16251.450000 0.000348
16251.640000 0.000371
16251.840000 0.000394
16252.040000 0.000412
16252.240000 0.000409
16252.430000 0.000406
16252.630000 0.000403
16252.830000 0.000400
16253.030000 0.000397
16253.220000 0.000394
16253.420000 0.000392
16253.620000 0.000389
16253.820000 0.000386
16254.010000 0.000382
16254.210000 0.000359
16254.410000 0.000336
16254.610000 0.000313
16254.800000 0.000290
16255.000000 0.000267
16255.200000 0.000244
16255.400000 0.000221
16255.590000 0.000198
16255.790000 0.000175
16255.990000 0.000152
16256.190000 0.000176
16256.380000 0.000202
16256.580000 0.000228
16256.780000 0.000254
16256.980000 0.000281
16257.170000 0.000307
16257.370000 0.000333
16257.570000 0.000359
16257.770000 0.000386
16257.960000 0.000412
16258.160000 0.000414
16258.360000 0.000411
16258.560000 0.000408
16258.750000 0.000405
16258.950000 0.000401
16259.150000 0.000398
16259.350000 0.000395
16259.540000 0.000392
16259.740000 0.000389
16259.940000 0.000386
16260.140000 0.000394
16260.330000 0.000407
16260.530000 0.000420
16260.730000 0.000433
16260.930000 0.000447
16261.130000 0.000460
16261.320000 0.000473
16261.520000 0.000486
16261.720000 0.000499
16261.920000 0.000512
16262.110000 0.000532
16262.310000 0.000556
16262.510000 0.000579
16262.710000 0.000603
16262.900000 0.000627
16263.100000 0.000651
16263.300000 0.000674
16263.500000 0.000698
16263.690000 0.000722
16263.890000 0.000746
16264.090000 0.000755
16264.290000 0.000748
16264.480000 0.000741
16264.680000 0.000734
16264.880000 0.000726
16265.080000 0.000719
16265.280000 0.000712
16265.470000 0.000704
16265.670000 0.000697
16265.870000 0.000690
16266.070000 0.000675
16266.260000 0.000646
16266.460000 0.000617
16266.660000 0.000587
16266.860000 0.000558
16267.050000 0.000529
16267.250000 0.000500
16267.450000 0.000470
16267.650000 0.000441
16267.840000 0.000412
16268.040000 0.000391
16268.240000 0.000405
16268.440000 0.000418
16268.640000 0.000431
16268.830000 0.000445
16269.030000 0.000458
16269.230000 0.000471
16269.430000 0.000485
16269.620000 0.000498
16269.820000 0.000511
16270.020000 0.000527
16270.220000 0.000560
16270.410000 0.000594
16270.610000 0.000627
16270.810000 0.000661
16271.010000 0.000695
16271.210000 0.000728
16271.400000 0.000762
16271.600000 0.000795
16271.800000 0.000829
16272.000000 0.000862
16272.190000 0.000853
16272.390000 0.000843
16272.590000 0.000833
16272.790000 0.000823
16272.980000 0.000813
16273.180000 0.000803
16273.380000 0.000793
16273.580000 0.000783
16273.780000 0.000773
16273.970000 0.000763
16274.170000 0.000773
16274.370000 0.000786
16274.570000 0.000799
16274.760000 0.000812
16274.960000 0.000825
16275.160000 0.000839
16275.360000 0.000852
16275.550000 0.000865
16275.750000 0.000878
16275.950000 0.000891
16276.150000 0.000885
16276.350000 0.000871
16276.540000 0.000858
16276.740000 0.000845
16276.940000 0.000831
16277.140000 0.000818
16277.330000 0.000805
16277.530000 0.000791
16277.730000 0.000778
16277.930000 0.000765
16278.130000 0.000776
16278.320000 0.000801
16278.520000 0.000826
16278.720000 0.000851
16278.920000 0.000876
16279.120000 0.000901
16279.310000 0.000926
16279.510000 0.000951
16279.710000 0.000976
16279.910000 0.001002
16280.100000 0.001016
16280.300000 0.001020
16280.500000 0.001025
16280.700000 0.001029
16280.900000 0.001034
16281.090000 0.001038
16281.290000 0.001043
16281.490000 0.001047
16281.690000 0.001052
16281.880000 0.001056
16282.080000 0.001061
16282.280000 0.001067
16282.480000 0.001073
16282.680000 0.001080
16282.870000 0.001086
16283.070000 0.001092
16283.270000 0.001098
16283.470000 0.001104
16283.670000 0.001110
16283.860000 0.001116
16284.060000 0.001119
16284.260000 0.001115
16284.460000 0.001111
16284.650000 0.001107
16284.850000 0.001104
16285.050000 0.001100
16285.250000 0.001096
16285.450000 0.001092
16285.640000 0.001088
16285.840000 0.001084
16286.040000 0.001084
16286.240000 0.001097
16286.440000 0.001110
16286.630000 0.001124
16286.830000 0.001137
16287.030000 0.001151
16287.230000 0.001164
16287.420000 0.001178
16287.620000 0.001191
16287.820000 0.001204
16288.020000 0.001220
16288.220000 0.001255
16288.410000 0.001291
16288.610000 0.001326
16288.810000 0.001361
16289.010000 0.001397
16289.210000 0.001432
16289.400000 0.001467
16289.600000 0.001503
16289.800000 0.001538
16290.000000 0.001574
16290.200000 0.001581
16290.390000 0.001589
16290.590000 0.001596
16290.790000 0.001604
16290.990000 0.001611
16291.180000 0.001619
16291.380000 0.001626
16291.580000 0.001634
16291.780000 0.001641
16291.980000 0.001649
16292.170000 0.001653
16292.370000 0.001657
16292.570000 0.001660
16292.770000 0.001664
16292.970000 0.001668
16293.160000 0.001671
16293.360000 0.001675
16293.560000 0.001679
16293.760000 0.001682
16293.960000 0.001686
16294.150000 0.001677
16294.350000 0.001665
16294.550000 0.001653
16294.750000 0.001642
16294.950000 0.001630
16295.140000 0.001618
16295.340000 0.001606
16295.540000 0.001594
16295.740000 0.001582
16295.940000 0.001570
16296.130000 0.001610
16296.330000 0.001675
16296.530000 0.001740
16296.730000 0.001805
16296.930000 0.001871
16297.120000 0.001936
16297.320000 0.002001
16297.520000 0.002066
16297.720000 0.002131
16297.920000 0.002196
16298.110000 0.002221
16298.310000 0.002216
16298.510000 0.002211
16298.710000 0.002206
16298.910000 0.002201
16299.100000 0.002196
16299.300000 0.002191
16299.500000 0.002186
16299.700000 0.002181
16299.900000 0.002176
16300.090000 0.002176
16300.290000 0.002182
16300.490000 0.002188
16300.690000 0.002194
16300.890000 0.002200
16301.080000 0.002206
16301.280000 0.002212
16301.480000 0.002218
16301.680000 0.002224
16301.880000 0.002230
16302.080000 0.002252
16302.270000 0.002302
16302.470000 0.002351
16302.670000 0.002401
16302.870000 0.002450
16303.070000 0.002499
16303.260000 0.002549
16303.460000 0.002598
16303.660000 0.002648
16303.860000 0.002697
16304.060000 0.002747
16304.250000 0.002799
16304.450000 0.002850
16304.650000 0.002901
16304.850000 0.002953
16305.050000 0.003004
16305.250000 0.003056
16305.440000 0.003107
16305.640000 0.003158
16305.840000 0.003210
16306.040000 0.003250
16306.240000 0.003240
16306.430000 0.003231
16306.630000 0.003222
16306.830000 0.003213
16307.030000 0.003204
16307.230000 0.003194
16307.420000 0.003185
16307.620000 0.003176
16307.820000 0.003167
16308.020000 0.003164
16308.220000 0.003218
16308.420000 0.003272
16308.610000 0.003327
16308.810000 0.003381
16309.010000 0.003435
16309.210000 0.003489
16309.410000 0.003544
16309.600000 0.003598
16309.800000 0.003652
16310.000000 0.003706
16310.200000 0.003728
16310.400000 0.003749
16310.590000 0.003771
16310.790000 0.003792
16310.990000 0.003814
16311.190000 0.003835
16311.390000 0.003856
16311.590000 0.003878
16311.780000 0.003899
16311.980000 0.003921
16312.180000 0.003922
16312.380000 0.003921
16312.580000 0.003920
16312.780000 0.003919
16312.970000 0.003918
16313.170000 0.003917
16313.370000 0.003917
16313.570000 0.003916
16313.770000 0.003915
16313.960000 0.003914
16314.160000 0.003958
16314.360000 0.004012
16314.560000 0.004067
16314.760000 0.004121
16314.960000 0.004175
16315.150000 0.004230
16315.350000 0.004284
16315.550000 0.004338
16315.750000 0.004392
16315.950000 0.004447
16316.140000 0.004491
16316.340000 0.004531
16316.540000 0.004571
16316.740000 0.004611
16316.940000 0.004652
16317.140000 0.004692
16317.330000 0.004732
16317.530000 0.004772
16317.730000 0.004813
16317.930000 0.004853
16318.130000 0.004920
16318.330000 0.005002
16318.520000 0.005085
16318.720000 0.005167
16318.920000 0.005249
16319.120000 0.005332
16319.320000 0.005414
16319.520000 0.005497
16319.710000 0.005579
16319.910000 0.005661
16320.110000 0.005712
16320.310000 0.005737
16320.510000 0.005763
16320.710000 0.005788
16320.900000 0.005813
16321.100000 0.005838
16321.300000 0.005864
16321.500000 0.005889
16321.700000 0.005914
16321.890000 0.005940
16322.090000 0.005990
16322.290000 0.006068
16322.490000 0.006146
16322.690000 0.006224
16322.890000 0.006302
16323.080000 0.006380
16323.280000 0.006459
16323.480000 0.006537
16323.680000 0.006615
16323.880000 0.006693
16324.080000 0.006760
16324.270000 0.006810
16324.470000 0.006860
16324.670000 0.006909
16324.870000 0.006959
16325.070000 0.007009
16325.270000 0.007058
16325.460000 0.007108
16325.660000 0.007158
16325.860000 0.007207
16326.060000 0.007266
16326.260000 0.007347
16326.460000 0.007427
16326.660000 0.007507
16326.850000 0.007588
16327.050000 0.007668
16327.250000 0.007748
16327.450000 0.007828
16327.650000 0.007909
16327.850000 0.007989
16328.040000 0.008074
16328.240000 0.008175
16328.440000 0.008276
16328.640000 0.008378
16328.840000 0.008479
16329.040000 0.008580
16329.230000 0.008681
16329.430000 0.008783
16329.630000 0.008884
16329.830000 0.008985
16330.030000 0.009084
16330.230000 0.009167
16330.420000 0.009251
16330.620000 0.009334
16330.820000 0.009417
16331.020000 0.009501
16331.220000 0.009585
16331.420000 0.009668
16331.620000 0.009751
16331.810000 0.009835
16332.010000 0.009920
16332.210000 0.010029
16332.410000 0.010138
16332.610000 0.010247
16332.810000 0.010356
16333.000000 0.010465
16333.200000 0.010575
16333.400000 0.010684
16333.600000 0.010793
16333.800000 0.010902
16334.000000 0.011011
16334.200000 0.011147
16334.390000 0.011282
16334.590000 0.011418
16334.790000 0.011553
16334.990000 0.011690
16335.190000 0.011825
16335.390000 0.011960
16335.580000 0.012096
16335.780000 0.012232
16335.980000 0.012368
16336.180000 0.012498
16336.380000 0.012628
16336.580000 0.012759
16336.780000 0.012889
16336.970000 0.013019
16337.170000 0.013150
16337.370000 0.013280
16337.570000 0.013411
16337.770000 0.013541
16337.970000 0.013671
16338.170000 0.013845
16338.360000 0.014026
16338.560000 0.014208
16338.760000 0.014391
16338.960000 0.014572
16339.160000 0.014754
16339.360000 0.014936
16339.550000 0.015118
16339.750000 0.015300
16339.950000 0.015482
16340.150000 0.015658
16340.350000 0.015832
16340.550000 0.016005
16340.750000 0.016180
16340.940000 0.016353
16341.140000 0.016527
16341.340000 0.016700
16341.540000 0.016875
16341.740000 0.017048
16341.940000 0.017222
16342.140000 0.017408
16342.330000 0.017599
16342.530000 0.017790
16342.730000 0.017982
16342.930000 0.018172
16343.130000 0.018363
16343.330000 0.018555
16343.530000 0.018746
16343.720000 0.018937
16343.920000 0.019129
16344.120000 0.019328
16344.320000 0.019533
16344.520000 0.019738
16344.720000 0.019942
16344.920000 0.020148
16345.110000 0.020352
16345.310000 0.020557
16345.510000 0.020762
16345.710000 0.020967
16345.910000 0.021171
16346.110000 0.021409
16346.310000 0.021672
16346.500000 0.021936
16346.700000 0.022199
16346.900000 0.022463
16347.100000 0.022727
16347.300000 0.022990
16347.500000 0.023253
16347.700000 0.023518
16347.890000 0.023781
16348.090000 0.024060
16348.290000 0.024353
16348.490000 0.024646
16348.690000 0.024940
16348.890000 0.025233
16349.090000 0.025527
16349.290000 0.025820
16349.480000 0.026115
16349.680000 0.026408
16349.880000 0.026701
16350.080000 0.027007
16350.280000 0.027329
16350.480000 0.027653
16350.680000 0.027975
16350.880000 0.028298
16351.070000 0.028620
16351.270000 0.028942
16351.470000 0.029266
16351.670000 0.029588
16351.870000 0.029912
16352.070000 0.030251
16352.270000 0.030624
16352.460000 0.030996
16352.660000 0.031370
16352.860000 0.031742
16353.060000 0.032113
16353.260000 0.032487
16353.460000 0.032859
16353.660000 0.033233
16353.850000 0.033605
16354.050000 0.033992
16354.250000 0.034413
16354.450000 0.034835
16354.650000 0.035256
16354.850000 0.035679
16355.050000 0.036100
16355.250000 0.036522
16355.440000 0.036943
16355.640000 0.037366
16355.840000 0.037787
16356.040000 0.038222
16356.240000 0.038701
16356.440000 0.039182
16356.640000 0.039662
16356.840000 0.040143
16357.030000 0.040622
16357.230000 0.041104
16357.430000 0.041583
16357.630000 0.042065
16357.830000 0.042544
16358.030000 0.043030
16358.230000 0.043539
16358.430000 0.044050
16358.620000 0.044558
16358.820000 0.045070
16359.020000 0.045578
16359.220000 0.046090
16359.420000 0.046598
16359.620000 0.047110
16359.820000 0.047621
16360.020000 0.048138
16360.210000 0.048754
16360.410000 0.049367
16360.610000 0.049983
16360.810000 0.050596
16361.010000 0.051212
16361.210000 0.051825
16361.410000 0.052441
16361.610000 0.053057
16361.800000 0.053670
16362.000000 0.054287
16362.200000 0.054889
16362.400000 0.055494
16362.600000 0.056096
16362.800000 0.056701
16363.000000 0.057306
16363.200000 0.057909
16363.400000 0.058514
16363.590000 0.059116
16363.790000 0.059722
16363.990000 0.060327
16364.190000 0.061060
16364.390000 0.061802
16364.590000 0.062540
16364.790000 0.063282
16364.990000 0.064024
16365.180000 0.064762
16365.380000 0.065504
16365.580000 0.066242
16365.780000 0.066984
16365.980000 0.067726
16366.180000 0.068470
16366.380000 0.069217
16366.580000 0.069964
16366.780000 0.070708
16366.970000 0.071456
16367.170000 0.072200
16367.370000 0.072947
16367.570000 0.073695
16367.770000 0.074439
16367.970000 0.075187
16368.170000 0.076051
16368.370000 0.076932
16368.570000 0.077818
16368.760000 0.078704
16368.960000 0.079586
16369.160000 0.080472
16369.360000 0.081358
16369.560000 0.082239
16369.760000 0.083126
16369.960000 0.084012
16370.160000 0.084829
16370.360000 0.085633
16370.550000 0.086437
16370.750000 0.087237
16370.950000 0.088041
16371.150000 0.088845
16371.350000 0.089645
16371.550000 0.090450
16371.750000 0.091254
16371.950000 0.092054
16372.150000 0.092946
16372.340000 0.093870
16372.540000 0.094794
16372.740000 0.095713
16372.940000 0.096637
16373.140000 0.097561
16373.340000 0.098481
16373.540000 0.099405
16373.740000 0.100330
16373.940000 0.101254
16374.130000 0.102144
16374.330000 0.103025
16374.530000 0.103906
16374.730000 0.104783
16374.930000 0.105664
16375.130000 0.106546
16375.330000 0.107427
16375.530000 0.108304
16375.730000 0.109185
16375.930000 0.110067
16376.120000 0.111012
16376.320000 0.111990
16376.520000 0.112972
16376.720000 0.113955
16376.920000 0.114938
16377.120000 0.115916
16377.320000 0.116900
16377.520000 0.117883
16377.720000 0.118866
16377.920000 0.119849
16378.110000 0.120787
16378.310000 0.121698
16378.510000 0.122610
16378.710000 0.123522
16378.910000 0.124429
16379.110000 0.125341
16379.310000 0.126253
16379.510000 0.127165
16379.710000 0.128077
16379.910000 0.128984
16380.100000 0.129904
16380.300000 0.130830
16380.500000 0.131756
16380.700000 0.132683
16380.900000 0.133604
16381.100000 0.134531
16381.300000 0.135457
16381.500000 0.136384
16381.700000 0.137310
16381.900000 0.138233
16382.090000 0.139137
16382.290000 0.140017
16382.490000 0.140898
16382.690000 0.141778
16382.890000 0.142659
16383.090000 0.143535
16383.290000 0.144416
16383.490000 0.145296
16383.690000 0.146177
16383.890000 0.147058
16384.090000 0.147920
16384.290000 0.148757
16384.480000 0.149594
16384.680000 0.150431
16384.880000 0.151268
16385.080000 0.152097
16385.280000 0.152935
16385.480000 0.153772
16385.680000 0.154610
16385.880000 0.155447
16386.080000 0.156249
16386.280000 0.156993
16386.470000 0.157737
16386.670000 0.158481
16386.870000 0.159225
16387.070000 0.159969
16387.270000 0.160713
16387.470000 0.161458
16387.670000 0.162202
16387.870000 0.162946
16388.070000 0.163651
16388.270000 0.164273
16388.460000 0.164901
16388.660000 0.165530
16388.860000 0.166158
16389.060000 0.166787
16389.260000 0.167415
16389.460000 0.168044
16389.660000 0.168673
16389.860000 0.169301
16390.060000 0.169918
16390.260000 0.170507
16390.460000 0.171095
16390.660000 0.171684
16390.860000 0.172272
16391.050000 0.172861
16391.250000 0.173449
16391.450000 0.174038
16391.650000 0.174626
16391.850000 0.175215
16392.050000 0.175764
16392.250000 0.176195
16392.450000 0.176627
16392.650000 0.177059
16392.850000 0.177490
16393.050000 0.177922
16393.250000 0.178354
16393.450000 0.178785
16393.640000 0.179217
16393.840000 0.179649
16394.040000 0.180067
16394.240000 0.180438
16394.440000 0.180808
16394.640000 0.181179
16394.840000 0.181549
16395.040000 0.181920
16395.240000 0.182290
16395.440000 0.182657
16395.630000 0.183028
16395.830000 0.183398
16396.030000 0.183749
16396.230000 0.184003
16396.430000 0.184256
16396.630000 0.184509
16396.830000 0.184763
16397.030000 0.185016
16397.230000 0.185270
16397.430000 0.185526
16397.630000 0.185779
16397.830000 0.186033
16398.030000 0.186277
16398.230000 0.186461
16398.430000 0.186644
16398.630000 0.186828
16398.820000 0.187012
16399.020000 0.187196
16399.220000 0.187380
16399.420000 0.187564
16399.620000 0.187748
16399.820000 0.187932
16400.020000 0.188110
16400.220000 0.188235
16400.420000 0.188360
16400.620000 0.188485
16400.820000 0.188610
16401.020000 0.188735
16401.210000 0.188860
16401.410000 0.188985
16401.610000 0.189110
16401.810000 0.189236
16402.010000 0.189356
16402.210000 0.189403
16402.410000 0.189450
16402.610000 0.189498
16402.810000 0.189545
16403.010000 0.189592
16403.210000 0.189639
16403.410000 0.189686
16403.610000 0.189734
16403.800000 0.189781
16404.000000 0.189828
16404.200000 0.189860
16404.400000 0.189893
16404.600000 0.189925
16404.800000 0.189957
16405.000000 0.189989
16405.200000 0.190022
16405.400000 0.190054
16405.600000 0.190086
16405.800000 0.190119
16406.000000 0.190151
16406.200000 0.190106
16406.400000 0.190060
16406.600000 0.190015
16406.790000 0.189969
16406.990000 0.189924
16407.190000 0.189878
16407.390000 0.189832
16407.590000 0.189787
16407.790000 0.189741
16407.990000 0.189695
16408.190000 0.189646
16408.390000 0.189597
16408.590000 0.189547
16408.790000 0.189498
16408.990000 0.189449
16409.190000 0.189399
16409.390000 0.189350
16409.590000 0.189301
16409.790000 0.189251
16409.980000 0.189202
16410.180000 0.189126
16410.380000 0.189047
16410.580000 0.188969
16410.780000 0.188891
16410.980000 0.188813
16411.180000 0.188734
16411.380000 0.188656
16411.580000 0.188578
16411.780000 0.188500
16411.980000 0.188421
16412.180000 0.188358
16412.380000 0.188295
16412.580000 0.188233
16412.780000 0.188172
16412.980000 0.188110
16413.180000 0.188048
16413.380000 0.187986
16413.570000 0.187924
16413.770000 0.187862
16413.970000 0.187800
16414.170000 0.187716
16414.370000 0.187626
16414.570000 0.187537
16414.770000 0.187448
16414.970000 0.187360
16415.170000 0.187271
16415.370000 0.187182
16415.570000 0.187094
16415.770000 0.187005
16415.970000 0.186915
16416.170000 0.186823
16416.370000 0.186729
16416.570000 0.186636
16416.770000 0.186542
16416.960000 0.186448
16417.160000 0.186355
16417.360000 0.186261
16417.560000 0.186167
16417.760000 0.186073
16417.960000 0.185980
16418.160000 0.185934
16418.360000 0.185899
16418.560000 0.185865
16418.760000 0.185830
16418.960000 0.185795
16419.160000 0.185761
16419.360000 0.185726
16419.560000 0.185692
16419.760000 0.185657
16419.960000 0.185622
16420.160000 0.185535
16420.360000 0.185432
16420.560000 0.185330
16420.760000 0.185227
16420.960000 0.185125
16421.150000 0.185023
16421.350000 0.184921
16421.550000 0.184819
16421.750000 0.184716
16421.950000 0.184613
16422.150000 0.184568
16422.350000 0.184541
16422.550000 0.184514
16422.750000 0.184487
16422.950000 0.184459
16423.150000 0.184432
16423.350000 0.184405
16423.550000 0.184378
16423.750000 0.184351
16423.950000 0.184323
16424.150000 0.184284
16424.350000 0.184241
16424.550000 0.184198
16424.750000 0.184155
16424.950000 0.184112
16425.140000 0.184069
16425.350000 0.184026
16425.540000 0.183983
16425.740000 0.183940
16425.940000 0.183897
16426.140000 0.183865
16426.340000 0.183838
16426.540000 0.183811
16426.740000 0.183783
16426.940000 0.183756
16427.140000 0.183729
16427.340000 0.183701
16427.540000 0.183674
16427.740000 0.183647
16427.940000 0.183619
16428.140000 0.183624
16428.340000 0.183642
16428.540000 0.183660
16428.740000 0.183678
16428.940000 0.183696
16429.140000 0.183714
16429.340000 0.183732
16429.540000 0.183750
16429.740000 0.183768
16429.940000 0.183786
16430.130000 0.183782
16430.340000 0.183766
16430.540000 0.183751
16430.730000 0.183735
16430.930000 0.183720
16431.130000 0.183704
16431.330000 0.183689
16431.530000 0.183673
16431.730000 0.183658
16431.930000 0.183642
16432.130000 0.183661
16432.330000 0.183696
16432.530000 0.183732
16432.730000 0.183768
16432.930000 0.183803
16433.130000 0.183839
16433.330000 0.183874
16433.530000 0.183910
16433.730000 0.183946
16433.930000 0.183981
16434.130000 0.184016
16434.330000 0.184051
16434.530000 0.184086
16434.730000 0.184122
16434.930000 0.184157
16435.130000 0.184192
16435.330000 0.184226
16435.530000 0.184261
16435.730000 0.184297
16435.930000 0.184332
16436.120000 0.184361
16436.320000 0.184386
16436.530000 0.184412
16436.720000 0.184438
16436.920000 0.184463
16437.120000 0.184489
16437.320000 0.184515
16437.520000 0.184540
16437.720000 0.184566
16437.920000 0.184591
16438.120000 0.184638
16438.320000 0.184697
16438.520000 0.184755
16438.720000 0.184815
16438.920000 0.184874
16439.120000 0.184933
16439.320000 0.184991
16439.520000 0.185051
16439.720000 0.185110
16439.920000 0.185169
16440.120000 0.185228
16440.320000 0.185287
16440.520000 0.185347
16440.720000 0.185406
16440.920000 0.185466
16441.120000 0.185525
16441.320000 0.185584
16441.520000 0.185643
16441.720000 0.185703
16441.920000 0.185762
16442.120000 0.185822
16442.320000 0.185882
16442.520000 0.185942
16442.720000 0.186002
16442.920000 0.186062
16443.120000 0.186123
16443.320000 0.186183
16443.520000 0.186243
16443.720000 0.186303
16443.920000 0.186363
16444.120000 0.186415
16444.310000 0.186460
16444.520000 0.186506
16444.710000 0.186551
16444.910000 0.186597
16445.120000 0.186642
16445.310000 0.186688
16445.510000 0.186733
16445.710000 0.186779
16445.910000 0.186825
16446.110000 0.186892
16446.310000 0.186976
16446.510000 0.187061
16446.710000 0.187145
16446.910000 0.187230
16447.110000 0.187315
16447.310000 0.187399
16447.510000 0.187483
16447.710000 0.187568
16447.910000 0.187653
16448.110000 0.187728
16448.310000 0.187798
16448.510000 0.187867
16448.710000 0.187936
16448.910000 0.188005
16449.110000 0.188074
16449.310000 0.188143
16449.510000 0.188212
16449.710000 0.188281
16449.910000 0.188350
16450.110000 0.188416
16450.310000 0.188479
16450.510000 0.188542
16450.710000 0.188606
16450.910000 0.188669
16451.110000 0.188732
16451.310000 0.188795
16451.510000 0.188859
16451.710000 0.188921
16451.910000 0.188985
16452.110000 0.189037
16452.310000 0.189080
16452.510000 0.189124
16452.710000 0.189167
16452.910000 0.189211
16453.110000 0.189254
16453.310000 0.189297
16453.510000 0.189341
16453.710000 0.189384
16453.910000 0.189427
16454.110000 0.189494
16454.310000 0.189578
16454.510000 0.189663
16454.710000 0.189748
16454.910000 0.189833
16455.110000 0.189917
16455.310000 0.190003
16455.510000 0.190087
16455.710000 0.190172
16455.910000 0.190257
16456.110000 0.190331
16456.310000 0.190396
16456.510000 0.190460
16456.710000 0.190524
16456.910000 0.190589
16457.110000 0.190653
16457.310000 0.190717
16457.510000 0.190782
16457.710000 0.190846
16457.910000 0.190911
16458.110000 0.190965
16458.310000 0.191011
16458.510000 0.191057
16458.710000 0.191103
16458.910000 0.191149
16459.110000 0.191195
16459.310000 0.191241
16459.510000 0.191287
16459.710000 0.191333
16459.910000 0.191379
16460.110000 0.191422
16460.310000 0.191462
16460.510000 0.191503
16460.710000 0.191543
16460.910000 0.191584
16461.110000 0.191624
16461.310000 0.191664
16461.510000 0.191705
16461.710000 0.191745
16461.910000 0.191786
16462.110000 0.191818
16462.310000 0.191842
16462.510000 0.191867
16462.710000 0.191891
16462.910000 0.191916
16463.110000 0.191940
16463.310000 0.191965
16463.510000 0.191990
16463.710000 0.192014
16463.910000 0.192039
16464.110000 0.192063
16464.310000 0.192086
16464.510000 0.192110
16464.710000 0.192133
16464.910000 0.192157
16465.110000 0.192180
16465.310000 0.192204
16465.510000 0.192227
16465.710000 0.192251
16465.910000 0.192275
16466.110000 0.192301
16466.310000 0.192331
16466.510000 0.192361
16466.710000 0.192390
16466.910000 0.192420
16467.110000 0.192450
16467.310000 0.192479
16467.510000 0.192509
16467.710000 0.192539
16467.910000 0.192568
16468.110000 0.192593
16468.310000 0.192613
16468.510000 0.192634
16468.710000 0.192654
16468.910000 0.192675
16469.110000 0.192695
16469.310000 0.192716
16469.510000 0.192737
16469.710000 0.192757
16469.910000 0.192778
16470.110000 0.192774
16470.310000 0.192751
16470.510000 0.192728
16470.710000 0.192704
16470.910000 0.192681
16471.110000 0.192658
16471.310000 0.192635
16471.510000 0.192611
16471.710000 0.192588
16471.910000 0.192565
16472.110000 0.192578
16472.310000 0.192619
16472.510000 0.192662
16472.710000 0.192703
16472.910000 0.192745
16473.110000 0.192787
16473.310000 0.192829
16473.510000 0.192870
16473.710000 0.192912
16473.910000 0.192954
16474.110000 0.192983
16474.310000 0.193001
16474.510000 0.193019
16474.710000 0.193038
16474.910000 0.193056
16475.110000 0.193074
16475.310000 0.193093
16475.510000 0.193111
16475.710000 0.193130
16475.910000 0.193148
16476.120000 0.193139
16476.310000 0.193111
16476.520000 0.193083
16476.710000 0.193054
16476.920000 0.193026
16477.120000 0.192997
16477.320000 0.192969
16477.520000 0.192941
16477.720000 0.192912
16477.920000 0.192884
16478.120000 0.192863
16478.320000 0.192847
16478.520000 0.192831
16478.720000 0.192815
16478.920000 0.192799
16479.120000 0.192783
16479.320000 0.192767
16479.520000 0.192752
16479.720000 0.192736
16479.920000 0.192720
16480.120000 0.192708
16480.320000 0.192698
16480.520000 0.192689
16480.720000 0.192680
16480.920000 0.192670
16481.120000 0.192661
16481.320000 0.192651
16481.520000 0.192642
16481.720000 0.192632
16481.920000 0.192623
16482.120000 0.192614
16482.320000 0.192605
16482.520000 0.192597
16482.720000 0.192589
16482.920000 0.192580
16483.120000 0.192572
16483.320000 0.192563
16483.520000 0.192555
16483.720000 0.192547
16483.920000 0.192538
16484.120000 0.192508
16484.320000 0.192465
16484.530000 0.192422
16484.720000 0.192380
16484.930000 0.192336
16485.130000 0.192294
16485.330000 0.192250
16485.530000 0.192208
16485.730000 0.192165
16485.930000 0.192122
16486.130000 0.192097
16486.330000 0.192082
16486.530000 0.192068
16486.730000 0.192054
16486.930000 0.192039
16487.130000 0.192025
16487.330000 0.192010
16487.530000 0.191996
16487.730000 0.191981
16487.930000 0.191967
16488.130000 0.191947
16488.330000 0.191925
16488.530000 0.191903
16488.730000 0.191881
16488.930000 0.191859
16489.130000 0.191836
16489.330000 0.191814
16489.530000 0.191792
16489.730000 0.191770
16489.930000 0.191748
16490.130000 0.191730
16490.330000 0.191714
16490.540000 0.191698
16490.730000 0.191682
16490.940000 0.191666
16491.130000 0.191650
16491.340000 0.191634
16491.540000 0.191618
16491.740000 0.191602
16491.940000 0.191586
16492.140000 0.191580
16492.340000 0.191578
16492.540000 0.191576
16492.740000 0.191574
16492.940000 0.191572
16493.140000 0.191570
16493.340000 0.191568
16493.540000 0.191566
16493.740000 0.191563
16493.940000 0.191562
16494.140000 0.191543
16494.340000 0.191517
16494.540000 0.191491
16494.740000 0.191465
16494.940000 0.191439
16495.140000 0.191413
16495.340000 0.191387
16495.540000 0.191361
16495.740000 0.191335
16495.950000 0.191309
16496.150000 0.191285
16496.350000 0.191261
16496.550000 0.191238
16496.750000 0.191214
16496.950000 0.191190
16497.150000 0.191167
16497.350000 0.191143
16497.550000 0.191119
16497.750000 0.191096
16497.950000 0.191072
16498.150000 0.191031
16498.350000 0.190986
16498.550000 0.190940
16498.750000 0.190893
16498.950000 0.190847
16499.150000 0.190801
16499.350000 0.190755
16499.550000 0.190709
16499.750000 0.190663
16499.960000 0.190616
16500.150000 0.190593
16500.360000 0.190576
16500.550000 0.190559
16500.760000 0.190543
16500.960000 0.190526
16501.160000 0.190509
16501.360000 0.190492
16501.560000 0.190475
16501.760000 0.190458
16501.960000 0.190442
16502.160000 0.190397
16502.360000 0.190346
16502.560000 0.190295
16502.760000 0.190243
16502.960000 0.190192
16503.160000 0.190140
16503.360000 0.190089
16503.560000 0.190038
16503.760000 0.189986
16503.960000 0.189935
16504.160000 0.189884
16504.370000 0.189833
16504.570000 0.189782
16504.770000 0.189731
16504.970000 0.189680
16505.170000 0.189629
16505.370000 0.189578
16505.570000 0.189527
16505.770000 0.189476
16505.970000 0.189425
16506.170000 0.189387
16506.370000 0.189351
16506.570000 0.189314
16506.770000 0.189278
16506.970000 0.189242
16507.170000 0.189205
16507.370000 0.189169
16507.570000 0.189133
16507.780000 0.189097
16507.970000 0.189061
16508.180000 0.188986
16508.380000 0.188906
16508.580000 0.188827
16508.780000 0.188747
16508.980000 0.188667
16509.180000 0.188587
16509.380000 0.188508
16509.580000 0.188428
16509.780000 0.188348
16509.980000 0.188269
16510.180000 0.188176
16510.380000 0.188082
16510.580000 0.187988
16510.780000 0.187894
16510.980000 0.187800
16511.190000 0.187706
16511.380000 0.187613
16511.590000 0.187518
16511.790000 0.187424
16511.990000 0.187331
16512.190000 0.187175
16512.390000 0.187014
16512.590000 0.186853
16512.790000 0.186694
16512.990000 0.186533
16513.190000 0.186372
16513.390000 0.186211
16513.590000 0.186051
16513.790000 0.185890
16513.990000 0.185729
16514.190000 0.185595
16514.390000 0.185461
16514.600000 0.185326
16514.800000 0.185191
16515.000000 0.185058
16515.200000 0.184923
16515.400000 0.184788
16515.600000 0.184653
16515.800000 0.184520
16516.000000 0.184385
16516.200000 0.184143
16516.400000 0.183902
16516.600000 0.183663
16516.800000 0.183422
16517.000000 0.183180
16517.210000 0.182939
16517.400000 0.182700
16517.610000 0.182458
16517.810000 0.182217
16518.010000 0.181977
16518.210000 0.181764
16518.410000 0.181549
16518.610000 0.181334
16518.810000 0.181119
16519.010000 0.180906
16519.210000 0.180691
16519.410000 0.180476
16519.610000 0.180260
16519.810000 0.180045
16520.010000 0.179824
16520.210000 0.179494
16520.420000 0.179163
16520.620000 0.178832
16520.820000 0.178505
16521.020000 0.178174
16521.220000 0.177843
16521.420000 0.177513
16521.620000 0.177185
16521.820000 0.176854
16522.020000 0.176519
16522.220000 0.176148
16522.420000 0.175777
16522.620000 0.175410
16522.820000 0.175039
16523.030000 0.174667
16523.230000 0.174296
16523.430000 0.173925
16523.630000 0.173558
16523.830000 0.173186
16524.030000 0.172803
16524.230000 0.172350
16524.430000 0.171897
16524.630000 0.171449
16524.830000 0.170996
16525.030000 0.170543
16525.230000 0.170090
16525.440000 0.169637
16525.630000 0.169189
16525.840000 0.168736
16526.040000 0.168266
16526.240000 0.167722
16526.440000 0.167178
16526.640000 0.166639
16526.840000 0.166095
16527.040000 0.165550
16527.240000 0.165006
16527.440000 0.164462
16527.640000 0.163923
16527.840000 0.163379
16528.040000 0.162848
16528.250000 0.162365
16528.450000 0.161883
16528.650000 0.161400
16528.850000 0.160921
16529.050000 0.160439
16529.250000 0.159956
16529.450000 0.159473
16529.650000 0.158990
16529.850000 0.158511
16530.050000 0.157978
16530.250000 0.157304
16530.460000 0.156629
16530.660000 0.155955
16530.860000 0.155280
16531.060000 0.154605
16531.260000 0.153937
16531.460000 0.153263
16531.660000 0.152588
16531.860000 0.151913
16532.060000 0.151243
16532.260000 0.150583
16532.460000 0.149930
16532.660000 0.149270
16532.870000 0.148610
16533.070000 0.147950
16533.270000 0.147290
16533.470000 0.146630
16533.670000 0.145970
16533.870000 0.145316
16534.070000 0.144637
16534.270000 0.143923
16534.470000 0.143210
16534.670000 0.142496
16534.870000 0.141783
16535.080000 0.141069
16535.280000 0.140362
16535.480000 0.139649
16535.680000 0.138935
16535.880000 0.138221
16536.080000 0.137486
16536.280000 0.136719
16536.480000 0.135952
16536.680000 0.135193
16536.880000 0.134426
16537.080000 0.133659
16537.290000 0.132892
16537.490000 0.132125
16537.690000 0.131358
16537.890000 0.130591
16538.090000 0.129837
16538.290000 0.129106
16538.490000 0.128368
16538.690000 0.127631
16538.890000 0.126892
16539.090000 0.126155
16539.290000 0.125416
16539.500000 0.124678
16539.700000 0.123940
16539.900000 0.123202
16540.100000 0.122440
16540.300000 0.121637
16540.500000 0.120835
16540.700000 0.120032
16540.900000 0.119230
16541.100000 0.118427
16541.300000 0.117624
16541.510000 0.116821
16541.710000 0.116019
16541.910000 0.115216
16542.110000 0.114420
16542.310000 0.113637
16542.510000 0.112847
16542.710000 0.112056
16542.910000 0.111266
16543.110000 0.110475
16543.310000 0.109685
16543.520000 0.108894
16543.720000 0.108103
16543.920000 0.107312
16544.120000 0.106510
16544.320000 0.105701
16544.520000 0.104899
16544.720000 0.104089
16544.920000 0.103278
16545.120000 0.102469
16545.320000 0.101658
16545.530000 0.100848
16545.730000 0.100038
16545.930000 0.099228
16546.130000 0.098412
16546.330000 0.097593
16546.530000 0.096774
16546.730000 0.095955
16546.930000 0.095136
16547.130000 0.094317
16547.340000 0.093498
16547.540000 0.092686
16547.740000 0.091867
16547.940000 0.091048
16548.140000 0.090284
16548.340000 0.089545
16548.540000 0.088806
16548.740000 0.088068
16548.940000 0.087329
16549.140000 0.086590
16549.350000 0.085851
16549.550000 0.085112
16549.750000 0.084373
16549.950000 0.083634
16550.150000 0.082864
16550.350000 0.082083
16550.550000 0.081303
16550.750000 0.080522
16550.960000 0.079742
16551.160000 0.078961
16551.360000 0.078180
16551.560000 0.077400
16551.760000 0.076626
16551.960000 0.075846
16552.160000 0.075155
16552.360000 0.074488
16552.560000 0.073820
16552.760000 0.073152
16552.960000 0.072485
16553.170000 0.071817
16553.370000 0.071150
16553.570000 0.070482
16553.770000 0.069814
16553.970000 0.069146
16554.170000 0.068480
16554.370000 0.067814
16554.570000 0.067148
16554.780000 0.066482
16554.980000 0.065816
16555.180000 0.065150
16555.380000 0.064484
16555.580000 0.063818
16555.780000 0.063152
16555.980000 0.062485
16556.180000 0.061918
16556.380000 0.061361
16556.590000 0.060803
16556.790000 0.060245
16556.990000 0.059688
16557.190000 0.059130
16557.390000 0.058572
16557.590000 0.058014
16557.790000 0.057456
16557.990000 0.056899
16558.200000 0.056282
16558.400000 0.055663
16558.600000 0.055045
16558.800000 0.054426
16559.000000 0.053807
16559.200000 0.053189
16559.400000 0.052570
16559.600000 0.051951
16559.800000 0.051332
16560.010000 0.050718
16560.210000 0.050275
16560.410000 0.049832
16560.610000 0.049388
16560.810000 0.048945
16561.010000 0.048502
16561.210000 0.048058
16561.410000 0.047615
16561.620000 0.047171
16561.820000 0.046728
16562.020000 0.046280
16562.220000 0.045782
16562.420000 0.045280
16562.620000 0.044783
16562.820000 0.044285
16563.030000 0.043788
16563.230000 0.043290
16563.430000 0.042793
16563.630000 0.042295
16563.830000 0.041797
16564.030000 0.041318
16564.230000 0.040937
16564.430000 0.040556
16564.630000 0.040176
16564.840000 0.039795
16565.040000 0.039414
16565.240000 0.039033
16565.440000 0.038652
16565.640000 0.038271
16565.840000 0.037890
16566.040000 0.037505
16566.240000 0.037106
16566.450000 0.036707
16566.650000 0.036308
16566.850000 0.035905
16567.050000 0.035506
16567.250000 0.035107
16567.450000 0.034708
16567.650000 0.034309
16567.860000 0.033910
16568.060000 0.033535
16568.260000 0.033223
16568.460000 0.032911
16568.660000 0.032599
16568.860000 0.032286
16569.060000 0.031974
16569.260000 0.031662
16569.460000 0.031350
16569.670000 0.031034
16569.870000 0.030722
16570.070000 0.030407
16570.270000 0.030089
16570.470000 0.029770
16570.670000 0.029451
16570.880000 0.029132
16571.080000 0.028813
16571.280000 0.028494
16571.480000 0.028175
16571.680000 0.027856
16571.880000 0.027537
16572.080000 0.027232
16572.290000 0.026952
16572.490000 0.026672
16572.690000 0.026393
16572.890000 0.026113
16573.090000 0.025833
16573.290000 0.025554
16573.490000 0.025274
16573.690000 0.024994
16573.890000 0.024714
16574.100000 0.024456
16574.300000 0.024226
16574.500000 0.023996
16574.700000 0.023766
16574.900000 0.023536
16575.100000 0.023306
16575.300000 0.023076
16575.510000 0.022846
16575.710000 0.022616
16575.910000 0.022383
16576.110000 0.022148
16576.310000 0.021908
16576.510000 0.021669
16576.710000 0.021429
16576.920000 0.021190
16577.120000 0.020950
16577.320000 0.020711
16577.520000 0.020469
16577.720000 0.020229
16577.920000 0.019989
16578.120000 0.019801
16578.330000 0.019645
16578.530000 0.019488
16578.730000 0.019332
16578.930000 0.019175
16579.130000 0.019017
16579.330000 0.018860
16579.540000 0.018703
16579.740000 0.018547
16579.940000 0.018390
16580.140000 0.018199
16580.340000 0.017991
16580.540000 0.017782
16580.740000 0.017575
16580.950000 0.017368
16581.150000 0.017161
16581.350000 0.016953
16581.550000 0.016746
16581.750000 0.016539
16581.950000 0.016329
16582.150000 0.016163
16582.360000 0.016009
16582.560000 0.015854
16582.760000 0.015700
16582.960000 0.015546
16583.160000 0.015390
16583.360000 0.015236
16583.560000 0.015082
16583.770000 0.014927
16583.970000 0.014773
16584.170000 0.014637
16584.370000 0.014503
16584.570000 0.014371
16584.770000 0.014238
16584.970000 0.014106
16585.180000 0.013973
16585.380000 0.013841
16585.580000 0.013707
16585.780000 0.013574
16585.980000 0.013442
16586.180000 0.013308
16586.380000 0.013175
16586.590000 0.013040
16586.790000 0.012907
16586.990000 0.012773
16587.190000 0.012640
16587.390000 0.012506
16587.590000 0.012373
16587.800000 0.012238
16588.000000 0.012105
16588.200000 0.011978
16588.400000 0.011851
16588.600000 0.011725
16588.800000 0.011597
16589.010000 0.011471
16589.210000 0.011344
16589.410000 0.011217
16589.610000 0.011091
16589.810000 0.010963
16590.010000 0.010840
16590.210000 0.010757
16590.420000 0.010675
16590.620000 0.010593
16590.820000 0.010509
16591.020000 0.010427
16591.220000 0.010345
16591.420000 0.010262
16591.630000 0.010179
16591.830000 0.010097
16592.030000 0.010010
16592.230000 0.009896
16592.430000 0.009783
16592.630000 0.009668
16592.840000 0.009554
16593.040000 0.009440
16593.240000 0.009327
16593.440000 0.009212
16593.640000 0.009098
16593.840000 0.008984
16594.040000 0.008883
16594.250000 0.008827
16594.450000 0.008770
16594.650000 0.008714
16594.850000 0.008658
16595.050000 0.008602
16595.260000 0.008545
16595.460000 0.008489
16595.660000 0.008433
16595.860000 0.008376
16596.060000 0.008309
16596.260000 0.008219
16596.460000 0.008129
16596.670000 0.008039
16596.870000 0.007948
16597.070000 0.007858
16597.270000 0.007768
16597.470000 0.007678
16597.680000 0.007587
16597.880000 0.007497
16598.080000 0.007422
16598.280000 0.007369
16598.480000 0.007315
16598.680000 0.007262
16598.880000 0.007208
16599.090000 0.007155
16599.290000 0.007101
16599.490000 0.007048
16599.690000 0.006995
16599.890000 0.006942
16600.100000 0.006880
16600.300000 0.006811
16600.500000 0.006742
16600.700000 0.006672
16600.900000 0.006602
16601.100000 0.006533
16601.300000 0.006464
16601.510000 0.006394
16601.710000 0.006325
16601.910000 0.006255
16602.110000 0.006198
16602.310000 0.006150
16602.520000 0.006103
16602.720000 0.006056
16602.920000 0.006008
16603.120000 0.005960
16603.320000 0.005913
16603.520000 0.005866
16603.730000 0.005818
16603.930000 0.005771
16604.130000 0.005719
16604.330000 0.005663
16604.530000 0.005608
16604.730000 0.005554
16604.940000 0.005499
16605.140000 0.005444
16605.340000 0.005389
16605.540000 0.005334
16605.740000 0.005279
16605.950000 0.005224
16606.150000 0.005182
16606.350000 0.005144
16606.550000 0.005106
16606.750000 0.005068
16606.950000 0.005030
16607.160000 0.004992
16607.360000 0.004955
16607.560000 0.004917
16607.760000 0.004879
16607.960000 0.004841
16608.160000 0.004810
16608.370000 0.004779
16608.570000 0.004749
16608.770000 0.004719
16608.970000 0.004689
16609.170000 0.004659
16609.370000 0.004629
16609.580000 0.004599
16609.780000 0.004569
16609.980000 0.004539
16610.180000 0.004493
16610.380000 0.004446
16610.590000 0.004399
16610.790000 0.004352
16610.990000 0.004305
16611.190000 0.004258
16611.390000 0.004210
16611.600000 0.004163
16611.800000 0.004117
16612.000000 0.004069
16612.200000 0.004057
16612.400000 0.004044
16612.610000 0.004032
16612.810000 0.004019
16613.010000 0.004007
16613.210000 0.003994
16613.410000 0.003982
16613.610000 0.003970
16613.820000 0.003957
16614.020000 0.003940
16614.220000 0.003876
16614.420000 0.003811
16614.620000 0.003747
16614.830000 0.003682
16615.030000 0.003618
16615.230000 0.003554
16615.430000 0.003489
16615.630000 0.003425
16615.830000 0.003361
16616.040000 0.003302
16616.240000 0.003269
16616.440000 0.003236
16616.640000 0.003203
16616.840000 0.003170
16617.050000 0.003137
16617.250000 0.003104
16617.450000 0.003071
16617.650000 0.003038
16617.850000 0.003005
16618.050000 0.002967
16618.260000 0.002916
16618.460000 0.002865
16618.660000 0.002813
16618.860000 0.002763
16619.060000 0.002712
16619.270000 0.002660
16619.470000 0.002610
16619.670000 0.002558
16619.870000 0.002507
16620.070000 0.002483
16620.280000 0.002505
16620.480000 0.002526
16620.680000 0.002548
16620.880000 0.002569
16621.080000 0.002591
16621.290000 0.002613
16621.490000 0.002634
16621.690000 0.002656
16621.890000 0.002677
16622.090000 0.002687
16622.300000 0.002685
16622.500000 0.002682
16622.700000 0.002680
16622.900000 0.002677
16623.100000 0.002674
16623.310000 0.002672
16623.510000 0.002669
16623.710000 0.002666
16623.910000 0.002664
16624.110000 0.002642
16624.320000 0.002606
16624.520000 0.002569
16624.720000 0.002532
16624.920000 0.002496
16625.130000 0.002459
16625.330000 0.002423
16625.530000 0.002387
16625.730000 0.002350
16625.930000 0.002313
16626.130000 0.002283
16626.340000 0.002257
16626.540000 0.002231
16626.740000 0.002204
16626.940000 0.002178
16627.140000 0.002152
16627.350000 0.002125
16627.550000 0.002099
16627.750000 0.002073
16627.950000 0.002046
16628.150000 0.002035
16628.360000 0.002028
16628.560000 0.002021
16628.760000 0.002014
16628.960000 0.002006
16629.160000 0.001999
16629.370000 0.001992
16629.570000 0.001985
16629.770000 0.001978
16629.970000 0.001971
16630.180000 0.001958
16630.380000 0.001944
16630.580000 0.001930
16630.780000 0.001916
16630.980000 0.001902
16631.190000 0.001888
16631.390000 0.001874
16631.590000 0.001859
16631.790000 0.001845
16631.990000 0.001831
16632.200000 0.001834
16632.400000 0.001838
16632.600000 0.001842
16632.800000 0.001846
16633.000000 0.001849
16633.210000 0.001853
16633.410000 0.001857
16633.610000 0.001861
16633.810000 0.001865
16634.010000 0.001865
16634.220000 0.001822
16634.420000 0.001780
16634.620000 0.001737
16634.820000 0.001694
16635.030000 0.001651
16635.230000 0.001608
16635.430000 0.001565
16635.630000 0.001523
16635.830000 0.001480
16636.040000 0.001447
16636.240000 0.001462
16636.440000 0.001476
16636.640000 0.001491
16636.840000 0.001505
16637.050000 0.001520
16637.250000 0.001534
16637.450000 0.001549
16637.650000 0.001563
16637.860000 0.001578
16638.060000 0.001584
16638.260000 0.001568
16638.460000 0.001552
16638.660000 0.001535
16638.870000 0.001519
16639.070000 0.001503
16639.270000 0.001487
16639.470000 0.001471
16639.670000 0.001455
16639.880000 0.001438
16640.080000 0.001415
16640.280000 0.001379
16640.480000 0.001343
16640.690000 0.001306
16640.890000 0.001271
16641.090000 0.001234
16641.290000 0.001199
16641.490000 0.001162
16641.700000 0.001126
16641.900000 0.001090
16642.100000 0.001077
16642.300000 0.001086
16642.510000 0.001095
16642.710000 0.001104
16642.910000 0.001113
16643.110000 0.001123
16643.310000 0.001132
16643.520000 0.001141
16643.720000 0.001150
16643.920000 0.001159
16644.120000 0.001161
16644.320000 0.001157
16644.530000 0.001154
16644.730000 0.001150
16644.930000 0.001147
16645.130000 0.001143
16645.340000 0.001140
16645.540000 0.001136
16645.740000 0.001133
16645.940000 0.001129
16646.140000 0.001119
16646.350000 0.001107
16646.550000 0.001094
16646.750000 0.001081
16646.960000 0.001068
16647.160000 0.001056
16647.360000 0.001043
16647.560000 0.001030
16647.760000 0.001017
16647.960000 0.001005
16648.170000 0.000994
16648.370000 0.000984
16648.570000 0.000973
16648.780000 0.000963
16648.980000 0.000953
16649.180000 0.000942
16649.380000 0.000932
16649.580000 0.000921
16649.790000 0.000911
16649.990000 0.000901
16650.190000 0.000910
16650.390000 0.000921
16650.600000 0.000932
16650.800000 0.000943
16651.000000 0.000954
16651.200000 0.000965
16651.400000 0.000975
16651.610000 0.000986
16651.810000 0.000997
16652.010000 0.001006
16652.210000 0.000980
16652.420000 0.000955
16652.620000 0.000930
16652.820000 0.000905
16653.020000 0.000879
16653.230000 0.000854
16653.430000 0.000829
16653.630000 0.000804
16653.830000 0.000778
16654.040000 0.000755
16654.240000 0.000743
16654.440000 0.000730
16654.640000 0.000717
16654.840000 0.000705
16655.050000 0.000692
16655.250000 0.000679
16655.450000 0.000666
16655.650000 0.000654
16655.860000 0.000641
16656.060000 0.000638
16656.260000 0.000660
16656.460000 0.000682
16656.670000 0.000704
16656.870000 0.000726
16657.070000 0.000748
16657.270000 0.000770
16657.470000 0.000792
16657.680000 0.000814
16657.880000 0.000836
16658.080000 0.000839
16658.290000 0.000813
16658.490000 0.000788
16658.690000 0.000762
16658.890000 0.000737
16659.090000 0.000712
16659.300000 0.000686
16659.500000 0.000661
16659.700000 0.000636
16659.900000 0.000610
16660.110000 0.000602
16660.310000 0.000609
16660.510000 0.000616
16660.710000 0.000623
16660.920000 0.000631
16661.120000 0.000638
16661.320000 0.000645
16661.520000 0.000652
16661.730000 0.000659
16661.930000 0.000666
16662.130000 0.000660
16662.330000 0.000645
16662.540000 0.000630
16662.740000 0.000616
16662.940000 0.000601
16663.140000 0.000587
16663.350000 0.000572
16663.550000 0.000557
16663.750000 0.000543
16663.950000 0.000528
16664.160000 0.000535
16664.360000 0.000548
16664.560000 0.000561
16664.760000 0.000574
16664.960000 0.000586
16665.170000 0.000599
16665.370000 0.000612
16665.570000 0.000625
16665.780000 0.000638
16665.980000 0.000651
16666.180000 0.000644
16666.380000 0.000635
16666.590000 0.000626
16666.790000 0.000618
16666.990000 0.000609
16667.190000 0.000600
16667.400000 0.000591
16667.600000 0.000582
16667.800000 0.000573
16668.000000 0.000564
16668.210000 0.000544
16668.410000 0.000523
16668.610000 0.000503
16668.810000 0.000483
16669.020000 0.000462
16669.220000 0.000442
16669.420000 0.000422
16669.620000 0.000401
