6259.954000 0.000572
6261.024000 0.000829
6262.096000 0.001231
6263.167000 0.001886
6264.239000 0.002950
6265.311000 0.004736
6266.382000 0.007782
6267.455000 0.013072
6268.527000 0.022136
6269.599000 0.037011
6270.672000 0.060450
6271.745000 0.094651
6272.818000 0.134679
6273.891000 0.172452
6274.964000 0.199651
6276.038000 0.210029
6277.112000 0.208793
6278.186000 0.203368
6279.260000 0.199723
6280.334000 0.199136
6281.409000 0.201620
6282.483000 0.206062
6283.558000 0.211815
6284.633000 0.217882
6285.708000 0.223842
6286.784000 0.228708
6287.859000 0.232236
6288.936000 0.234482
6290.011000 0.235741
6291.087000 0.235483
6292.164000 0.234812
6293.240000 0.233652
6294.317000 0.232674
6295.394000 0.231702
6296.471000 0.230911
6297.548000 0.230755
6298.625000 0.230742
6299.703000 0.230844
6300.781000 0.231424
6301.859000 0.232084
6302.938000 0.233228
6304.016000 0.234773
6305.094000 0.235851
6306.173000 0.237266
6307.252000 0.238488
6308.331000 0.239506
6309.410000 0.240507
6310.490000 0.241566
6311.569000 0.242348
6312.649000 0.242976
6313.729000 0.243489
6314.810000 0.243866
6315.890000 0.244297
6316.970000 0.244801
6318.051000 0.245498
6319.132000 0.246474
6320.213000 0.247509
6321.294000 0.248635
6322.376000 0.249767
6323.458000 0.250890
6324.540000 0.251259
6325.622000 0.250555
6326.704000 0.247583
6327.786000 0.241309
6328.869000 0.231006
6329.952000 0.215985
6331.035000 0.195374
6332.118000 0.170569
6333.201000 0.142943
6334.285000 0.116480
6335.369000 0.091024
6336.453000 0.068956
6337.537000 0.050825
6338.621000 0.036794
6339.705000 0.026068
6340.790000 0.018296
6341.875000 0.012710
6342.960000 0.008766
6344.045000 0.006082
6345.130000 0.004253
6346.216000 0.002970
6347.302000 0.002137
6348.388000 0.001552
6349.474000 0.001120
6350.560000 0.000816
6351.646000 0.000599
6352.733000 0.000440
