2985.525000 0.000409
2986.036000 0.000419
2986.547000 0.000428
2987.058000 0.000438
2987.569000 0.000448
2988.080000 0.000458
2988.591000 0.000467
2989.103000 0.000477
2989.614000 0.000487
2990.126000 0.000497
2990.637000 0.000506
2991.149000 0.000522
2991.661000 0.000544
2992.173000 0.000565
2992.685000 0.000586
2993.197000 0.000608
2993.709000 0.000629
2994.221000 0.000651
2994.733000 0.000672
2995.246000 0.000693
2995.758000 0.000715
2996.271000 0.000736
2996.783000 0.000758
2997.296000 0.000779
2997.809000 0.000801
2998.322000 0.000823
2998.835000 0.000844
2999.348000 0.000866
2999.861000 0.000887
3000.374000 0.000909
3000.887000 0.000931
3001.401000 0.000968
3001.915000 0.001005
3002.428000 0.001042
3002.942000 0.001080
3003.456000 0.001117
3003.969000 0.001154
3004.483000 0.001192
3004.998000 0.001229
3005.512000 0.001266
3006.026000 0.001304
3006.540000 0.001341
3007.054000 0.001378
3007.569000 0.001416
3008.084000 0.001453
3008.598000 0.001490
3009.113000 0.001528
3009.628000 0.001565
3010.143000 0.001603
3010.658000 0.001640
3011.173000 0.001690
3011.688000 0.001748
3012.203000 0.001806
3012.719000 0.001865
3013.234000 0.001923
3013.750000 0.001982
3014.265000 0.002040
3014.781000 0.002099
3015.297000 0.002157
3015.813000 0.002216
3016.329000 0.002274
3016.845000 0.002333
3017.361000 0.002391
3017.877000 0.002450
3018.394000 0.002508
3018.910000 0.002567
3019.427000 0.002626
3019.943000 0.002684
3020.460000 0.002743
3020.977000 0.002812
3021.494000 0.002925
3022.010000 0.003039
3022.528000 0.003153
3023.045000 0.003266
3023.562000 0.003380
3024.079000 0.003494
3024.597000 0.003607
3025.114000 0.003721
3025.632000 0.003835
3026.149000 0.003948
3026.667000 0.004062
3027.185000 0.004176
3027.703000 0.004290
3028.221000 0.004404
3028.739000 0.004518
3029.257000 0.004632
3029.776000 0.004746
3030.294000 0.004860
3030.812000 0.004973
3031.331000 0.005152
3031.850000 0.005340
3032.368000 0.005528
3032.887000 0.005716
3033.406000 0.005905
3033.925000 0.006093
3034.444000 0.006281
3034.963000 0.006470
3035.483000 0.006658
3036.002000 0.006846
3036.521000 0.007035
3037.041000 0.007223
3037.561000 0.007412
3038.080000 0.007600
3038.600000 0.007789
3039.120000 0.007978
3039.640000 0.008166
3040.160000 0.008355
3040.680000 0.008544
3041.200000 0.008811
3041.721000 0.009128
3042.241000 0.009445
3042.762000 0.009762
3043.282000 0.010079
3043.803000 0.010396
3044.324000 0.010713
3044.845000 0.011031
3045.366000 0.011348
3045.887000 0.011666
3046.408000 0.011983
3046.929000 0.012301
3047.450000 0.012619
3047.972000 0.012936
3048.493000 0.013254
3049.015000 0.013572
3049.536000 0.013890
3050.058000 0.014208
3050.580000 0.014526
3051.102000 0.014921
3051.624000 0.015429
3052.146000 0.015936
3052.668000 0.016444
3053.191000 0.016952
3053.713000 0.017459
3054.236000 0.017967
3054.758000 0.018475
3055.281000 0.018983
3055.803000 0.019491
3056.326000 0.019999
3056.849000 0.020507
3057.372000 0.021015
3057.895000 0.021523
3058.418000 0.022031
3058.942000 0.022540
3059.465000 0.023048
3059.989000 0.023557
3060.512000 0.024066
3061.036000 0.024663
3061.560000 0.025486
3062.083000 0.026309
3062.607000 0.027132
3063.131000 0.027955
3063.655000 0.028779
3064.179000 0.029602
3064.704000 0.030426
3065.228000 0.031250
3065.753000 0.032075
3066.277000 0.032899
3066.802000 0.033723
3067.326000 0.034548
3067.851000 0.035373
3068.376000 0.036198
3068.901000 0.037023
3069.426000 0.037849
3069.951000 0.038675
3070.477000 0.039499
3071.002000 0.040398
3071.527000 0.041582
3072.053000 0.042767
3072.579000 0.043952
3073.104000 0.045136
3073.630000 0.046321
3074.156000 0.047506
3074.682000 0.048691
3075.208000 0.049877
3075.734000 0.051062
3076.260000 0.052248
3076.787000 0.053434
3077.313000 0.054620
3077.840000 0.055806
3078.366000 0.056992
3078.893000 0.058179
3079.420000 0.059365
3079.947000 0.060552
3080.473000 0.061741
3081.000000 0.063016
3081.528000 0.064624
3082.055000 0.066234
3082.582000 0.067843
3083.110000 0.069453
3083.637000 0.071064
3084.165000 0.072674
3084.692000 0.074285
3085.220000 0.075896
3085.748000 0.077508
3086.276000 0.079120
3086.804000 0.080732
3087.332000 0.082346
3087.860000 0.083958
3088.389000 0.085572
3088.917000 0.087186
3089.446000 0.088800
3089.974000 0.090414
3090.503000 0.092026
3091.032000 0.093641
3091.561000 0.095271
3092.090000 0.096901
3092.619000 0.098532
3093.148000 0.100162
3093.677000 0.101793
3094.206000 0.103423
3094.736000 0.105054
3095.265000 0.106686
3095.795000 0.108317
3096.324000 0.109949
3096.854000 0.111580
3097.384000 0.113213
3097.914000 0.114845
3098.444000 0.116477
3098.974000 0.118110
3099.504000 0.119743
3100.035000 0.121377
3100.565000 0.123016
3101.095000 0.124563
3101.626000 0.125952
3102.157000 0.127342
3102.687000 0.128733
3103.218000 0.130123
3103.749000 0.131514
3104.280000 0.132905
3104.812000 0.134297
3105.343000 0.135689
3105.874000 0.137081
3106.405000 0.138473
3106.937000 0.139866
3107.469000 0.141259
3108.000000 0.142652
3108.532000 0.144046
3109.064000 0.145440
3109.596000 0.146834
3110.128000 0.148229
3110.660000 0.149624
3111.192000 0.150787
3111.724000 0.151756
3112.257000 0.152725
3112.789000 0.153695
3113.322000 0.154664
3113.854000 0.155634
3114.387000 0.156604
3114.920000 0.157575
3115.453000 0.158545
3115.986000 0.159516
3116.519000 0.160487
3117.052000 0.161459
3117.586000 0.162430
3118.119000 0.163402
3118.653000 0.164373
3119.186000 0.165346
3119.720000 0.166318
3120.254000 0.167287
3120.788000 0.168251
3121.322000 0.168700
3121.855000 0.169003
3122.390000 0.169306
3122.924000 0.169609
3123.458000 0.169913
3123.993000 0.170216
3124.527000 0.170519
3125.062000 0.170823
3125.596000 0.171126
3126.131000 0.171430
3126.666000 0.171733
3127.201000 0.172037
3127.736000 0.172340
3128.271000 0.172644
3128.806000 0.172948
3129.342000 0.173251
3129.877000 0.173555
3130.413000 0.173865
3130.948000 0.174180
3131.484000 0.174530
3132.020000 0.174880
3132.556000 0.175231
3133.092000 0.175581
3133.628000 0.175931
3134.164000 0.176282
3134.700000 0.176632
3135.236000 0.176983
3135.773000 0.177333
3136.309000 0.177684
3136.846000 0.178035
3137.383000 0.178386
3137.919000 0.178737
3138.456000 0.179088
3138.993000 0.179439
3139.530000 0.179790
3140.067000 0.180140
3140.605000 0.180483
3141.142000 0.180706
3141.679000 0.180774
3142.217000 0.180841
3142.755000 0.180909
3143.292000 0.180976
3143.830000 0.181044
3144.368000 0.181111
3144.906000 0.181179
3145.444000 0.181246
3145.982000 0.181314
3146.521000 0.181381
3147.059000 0.181449
3147.597000 0.181516
3148.136000 0.181584
3148.674000 0.181651
3149.213000 0.181719
3149.752000 0.181786
3150.291000 0.181859
3150.830000 0.181935
3151.369000 0.182007
3151.908000 0.182079
3152.448000 0.182151
3152.987000 0.182223
3153.526000 0.182294
3154.066000 0.182366
3154.605000 0.182438
3155.145000 0.182510
3155.685000 0.182582
3156.225000 0.182654
3156.765000 0.182726
3157.305000 0.182798
3157.845000 0.182869
3158.385000 0.182941
3158.926000 0.183013
3159.466000 0.183085
3160.007000 0.183157
3160.548000 0.183220
3161.088000 0.183341
3161.629000 0.183583
3162.170000 0.183824
3162.711000 0.184066
3163.252000 0.184308
3163.793000 0.184550
3164.335000 0.184792
3164.876000 0.185034
3165.418000 0.185276
3165.959000 0.185518
3166.501000 0.185760
3167.043000 0.186002
3167.585000 0.186244
3168.126000 0.186486
3168.669000 0.186729
3169.211000 0.186971
3169.753000 0.187213
3170.295000 0.187460
3170.838000 0.187712
3171.380000 0.187905
3171.923000 0.188088
3172.466000 0.188272
3173.008000 0.188455
3173.551000 0.188638
3174.094000 0.188822
3174.637000 0.189005
3175.180000 0.189189
3175.724000 0.189373
3176.267000 0.189556
3176.811000 0.189740
3177.354000 0.189924
3177.898000 0.190108
3178.441000 0.190292
3178.985000 0.190475
3179.529000 0.190659
3180.073000 0.190842
3180.617000 0.191017
3181.161000 0.191164
3181.706000 0.191277
3182.250000 0.191390
3182.794000 0.191503
3183.339000 0.191616
3183.884000 0.191730
3184.428000 0.191843
3184.973000 0.191956
3185.518000 0.192069
3186.063000 0.192182
3186.608000 0.192295
3187.154000 0.192409
3187.699000 0.192522
3188.244000 0.192635
3188.790000 0.192748
3189.335000 0.192861
3189.881000 0.192975
3190.427000 0.193095
3190.973000 0.193226
3191.519000 0.193443
3192.065000 0.193659
3192.611000 0.193875
3193.157000 0.194092
3193.703000 0.194308
3194.250000 0.194525
3194.796000 0.194741
3195.343000 0.194958
3195.890000 0.195175
3196.437000 0.195391
3196.983000 0.195608
3197.530000 0.195825
3198.077000 0.196042
3198.625000 0.196259
3199.172000 0.196475
3199.719000 0.196692
3200.267000 0.196901
3200.814000 0.197100
3201.362000 0.197062
3201.910000 0.196963
3202.458000 0.196864
3203.005000 0.196765
3203.553000 0.196666
3204.102000 0.196567
3204.650000 0.196468
3205.198000 0.196369
3205.746000 0.196270
3206.295000 0.196171
3206.844000 0.196072
3207.392000 0.195973
3207.941000 0.195874
3208.490000 0.195775
3209.039000 0.195676
3209.588000 0.195577
3210.137000 0.195480
3210.686000 0.195391
3211.235000 0.195428
3211.785000 0.195565
3212.334000 0.195702
3212.884000 0.195839
3213.434000 0.195976
3213.983000 0.196113
3214.533000 0.196250
3215.083000 0.196388
3215.634000 0.196525
3216.184000 0.196662
3216.734000 0.196799
3217.284000 0.196936
3217.835000 0.197073
3218.385000 0.197211
3218.936000 0.197348
3219.487000 0.197485
3220.038000 0.197622
3220.588000 0.197749
3221.139000 0.197804
3221.691000 0.197740
3222.242000 0.197676
3222.793000 0.197612
3223.344000 0.197548
3223.896000 0.197484
3224.448000 0.197420
3224.999000 0.197356
3225.551000 0.197293
3226.103000 0.197228
3226.655000 0.197164
3227.207000 0.197101
3227.759000 0.197037
3228.311000 0.196972
3228.864000 0.196908
3229.416000 0.196844
3229.969000 0.196780
3230.521000 0.196725
3231.074000 0.196687
3231.627000 0.196695
3232.180000 0.196702
3232.733000 0.196710
3233.286000 0.196717
3233.839000 0.196725
3234.392000 0.196733
3234.946000 0.196740
3235.499000 0.196748
3236.053000 0.196756
3236.606000 0.196763
3237.160000 0.196771
3237.714000 0.196778
3238.268000 0.196786
3238.822000 0.196794
3239.376000 0.196801
3239.930000 0.196809
3240.485000 0.196808
3241.039000 0.196815
3241.594000 0.196859
3242.148000 0.196904
3242.703000 0.196948
3243.258000 0.196993
3243.813000 0.197037
3244.368000 0.197081
3244.923000 0.197126
3245.478000 0.197170
3246.033000 0.197215
3246.589000 0.197259
3247.144000 0.197303
3247.700000 0.197348
3248.256000 0.197392
3248.811000 0.197437
3249.367000 0.197481
3249.923000 0.197526
3250.479000 0.197578
3251.035000 0.197631
3251.592000 0.197677
3252.148000 0.197723
3252.704000 0.197769
3253.261000 0.197815
3253.817000 0.197861
3254.374000 0.197906
3254.931000 0.197952
3255.488000 0.197998
3256.045000 0.198044
3256.602000 0.198090
3257.159000 0.198136
3257.716000 0.198182
3258.274000 0.198228
3258.831000 0.198274
3259.389000 0.198320
3259.947000 0.198366
3260.504000 0.198403
3261.062000 0.198437
3261.620000 0.198462
3262.178000 0.198487
3262.736000 0.198512
3263.294000 0.198537
3263.853000 0.198562
3264.411000 0.198587
3264.970000 0.198612
3265.528000 0.198637
3266.087000 0.198662
3266.646000 0.198687
3267.205000 0.198712
3267.764000 0.198737
3268.323000 0.198762
3268.882000 0.198787
3269.441000 0.198813
3270.001000 0.198838
3270.560000 0.198873
3271.120000 0.198897
3271.679000 0.198898
3272.239000 0.198898
3272.799000 0.198899
3273.359000 0.198900
3273.919000 0.198901
3274.479000 0.198902
3275.040000 0.198902
3275.600000 0.198903
3276.160000 0.198904
3276.721000 0.198905
3277.281000 0.198906
3277.842000 0.198906
3278.403000 0.198907
3278.964000 0.198908
3279.525000 0.198909
3280.086000 0.198908
3280.647000 0.198899
3281.208000 0.198884
3281.770000 0.198863
3282.331000 0.198842
3282.893000 0.198821
3283.455000 0.198800
3284.016000 0.198779
3284.578000 0.198758
3285.140000 0.198737
3285.702000 0.198716
3286.265000 0.198695
3286.827000 0.198674
3287.389000 0.198653
3287.952000 0.198632
3288.514000 0.198611
3289.077000 0.198590
3289.640000 0.198569
3290.202000 0.198552
3290.765000 0.198541
3291.328000 0.198527
3291.892000 0.198512
3292.455000 0.198497
3293.018000 0.198483
3293.582000 0.198468
3294.145000 0.198453
3294.708000 0.198438
3295.272000 0.198423
3295.836000 0.198408
3296.400000 0.198394
3296.964000 0.198379
3297.528000 0.198364
3298.092000 0.198349
3298.656000 0.198334
3299.221000 0.198319
3299.785000 0.198304
3300.350000 0.198283
3300.915000 0.198259
3301.479000 0.198212
3302.044000 0.198165
3302.609000 0.198117
3303.174000 0.198070
3303.740000 0.198022
3304.305000 0.197974
3304.870000 0.197927
3305.436000 0.197879
3306.001000 0.197831
3306.567000 0.197784
3307.132000 0.197736
3307.698000 0.197688
3308.264000 0.197640
3308.830000 0.197593
3309.396000 0.197545
3309.963000 0.197497
3310.529000 0.197459
3311.095000 0.197438
3311.662000 0.197465
3312.229000 0.197493
3312.795000 0.197521
3313.362000 0.197549
3313.929000 0.197576
3314.496000 0.197604
3315.063000 0.197632
3315.630000 0.197660
3316.197000 0.197687
3316.765000 0.197715
3317.332000 0.197743
3317.900000 0.197771
3318.468000 0.197798
3319.035000 0.197826
3319.603000 0.197854
3320.171000 0.197879
3320.739000 0.197897
3321.307000 0.197948
3321.875000 0.198020
3322.444000 0.198091
3323.012000 0.198163
3323.581000 0.198235
3324.150000 0.198306
3324.718000 0.198378
3325.287000 0.198450
3325.856000 0.198521
3326.425000 0.198593
3326.994000 0.198665
3327.563000 0.198737
3328.133000 0.198808
3328.702000 0.198880
3329.272000 0.198952
3329.841000 0.199023
3330.411000 0.199102
3330.981000 0.199184
3331.551000 0.199257
3332.121000 0.199330
3332.691000 0.199404
3333.261000 0.199477
3333.832000 0.199551
3334.402000 0.199624
3334.972000 0.199698
3335.543000 0.199771
3336.114000 0.199845
3336.685000 0.199918
3337.255000 0.199992
3337.826000 0.200065
3338.397000 0.200139
3338.969000 0.200212
3339.540000 0.200286
3340.111000 0.200357
3340.683000 0.200421
3341.254000 0.200472
3341.826000 0.200513
3342.398000 0.200554
3342.970000 0.200595
3343.542000 0.200636
3344.114000 0.200677
3344.686000 0.200717
3345.258000 0.200758
3345.830000 0.200799
3346.403000 0.200840
3346.975000 0.200881
3347.548000 0.200921
3348.121000 0.200962
3348.694000 0.201003
3349.267000 0.201044
3349.840000 0.201084
3350.413000 0.201133
3350.986000 0.201181
3351.559000 0.201163
3352.133000 0.201145
3352.706000 0.201127
3353.280000 0.201109
3353.854000 0.201091
3354.427000 0.201073
3355.001000 0.201055
3355.575000 0.201037
3356.150000 0.201019
3356.724000 0.201001
3357.298000 0.200983
3357.873000 0.200964
3358.447000 0.200946
3359.022000 0.200928
3359.596000 0.200910
3360.171000 0.200889
3360.746000 0.200861
3361.321000 0.200803
3361.896000 0.200726
3362.471000 0.200649
3363.047000 0.200573
3363.622000 0.200496
3364.198000 0.200419
3364.773000 0.200342
3365.349000 0.200266
3365.925000 0.200189
3366.500000 0.200112
3367.077000 0.200035
3367.653000 0.199959
3368.229000 0.199882
3368.805000 0.199805
3369.382000 0.199728
3369.958000 0.199652
3370.535000 0.199584
3371.111000 0.199510
3371.688000 0.199413
3372.265000 0.199315
3372.842000 0.199217
3373.419000 0.199120
3373.996000 0.199022
3374.573000 0.198925
3375.151000 0.198827
3375.728000 0.198729
3376.306000 0.198631
3376.884000 0.198534
3377.461000 0.198436
3378.039000 0.198338
3378.617000 0.198241
3379.195000 0.198143
3379.773000 0.198045
3380.352000 0.197941
3380.930000 0.197833
3381.508000 0.197687
3382.087000 0.197537
3382.666000 0.197387
3383.244000 0.197237
3383.823000 0.197088
3384.402000 0.196938
3384.981000 0.196788
3385.560000 0.196638
3386.140000 0.196488
3386.719000 0.196338
3387.298000 0.196189
3387.878000 0.196039
3388.458000 0.195889
3389.037000 0.195739
3389.617000 0.195589
3390.197000 0.195443
3390.777000 0.195303
3391.357000 0.195218
3391.937000 0.195161
3392.518000 0.195104
3393.098000 0.195048
3393.679000 0.194991
3394.260000 0.194934
3394.840000 0.194877
3395.421000 0.194820
3396.002000 0.194764
3396.583000 0.194707
3397.164000 0.194650
3397.745000 0.194593
3398.327000 0.194536
3398.908000 0.194479
3399.490000 0.194422
3400.071000 0.194357
3400.653000 0.194234
3401.235000 0.194149
3401.817000 0.194113
3402.399000 0.194076
3402.981000 0.194039
3403.563000 0.194003
3404.146000 0.193966
3404.728000 0.193929
3405.311000 0.193892
3405.893000 0.193855
3406.476000 0.193818
3407.059000 0.193781
3407.642000 0.193744
3408.225000 0.193707
3408.808000 0.193670
3409.391000 0.193633
3409.974000 0.193596
3410.558000 0.193568
3411.141000 0.193545
3411.725000 0.193533
3412.309000 0.193521
3412.893000 0.193509
3413.477000 0.193496
3414.061000 0.193484
3414.645000 0.193472
3415.229000 0.193459
3415.813000 0.193447
3416.398000 0.193434
3416.982000 0.193421
3417.567000 0.193409
3418.152000 0.193396
3418.736000 0.193384
3419.321000 0.193371
3419.906000 0.193358
3420.491000 0.193337
3421.077000 0.193312
3421.662000 0.193280
3422.247000 0.193247
3422.833000 0.193215
3423.418000 0.193182
3424.004000 0.193150
3424.590000 0.193117
3425.176000 0.193084
3425.762000 0.193051
3426.348000 0.193018
3426.934000 0.192985
3427.521000 0.192953
3428.107000 0.192920
3428.694000 0.192887
3429.280000 0.192854
3429.867000 0.192821
3430.454000 0.192795
3431.041000 0.192773
3431.628000 0.192767
3432.215000 0.192762
3432.802000 0.192756
3433.390000 0.192751
3433.977000 0.192745
3434.564000 0.192740
3435.152000 0.192734
3435.740000 0.192728
3436.328000 0.192723
3436.916000 0.192717
3437.504000 0.192711
3438.092000 0.192705
3438.680000 0.192699
3439.268000 0.192693
3439.857000 0.192687
3440.445000 0.192673
3441.034000 0.192652
3441.623000 0.192569
3442.212000 0.192485
3442.801000 0.192402
3443.390000 0.192319
3443.979000 0.192235
3444.568000 0.192152
3445.157000 0.192069
3445.747000 0.191985
3446.336000 0.191902
3446.926000 0.191818
3447.516000 0.191735
3448.106000 0.191652
3448.696000 0.191568
3449.286000 0.191485
3449.876000 0.191401
3450.466000 0.191326
3451.056000 0.191247
3451.647000 0.191133
3452.237000 0.191018
3452.828000 0.190903
3453.419000 0.190788
3454.010000 0.190673
3454.601000 0.190558
3455.192000 0.190443
3455.783000 0.190329
3456.374000 0.190214
3456.966000 0.190099
3457.557000 0.189984
3458.148000 0.189869
3458.740000 0.189754
3459.332000 0.189639
3459.924000 0.189525
3460.516000 0.189401
3461.108000 0.189270
3461.700000 0.189113
3462.292000 0.188957
3462.885000 0.188800
3463.477000 0.188643
3464.070000 0.188487
3464.663000 0.188330
3465.255000 0.188174
3465.848000 0.188018
3466.441000 0.187861
3467.034000 0.187705
3467.627000 0.187548
3468.221000 0.187392
3468.814000 0.187236
3469.408000 0.187079
3470.001000 0.186923
3470.595000 0.186767
3471.189000 0.186616
3471.783000 0.186474
3472.377000 0.186333
3472.971000 0.186192
3473.565000 0.186051
3474.159000 0.185910
3474.754000 0.185769
3475.348000 0.185627
3475.943000 0.185486
3476.537000 0.185345
3477.132000 0.185204
3477.727000 0.185063
3478.322000 0.184922
3478.917000 0.184781
3479.512000 0.184640
3480.108000 0.184501
3480.703000 0.184370
3481.299000 0.184231
3481.895000 0.184085
3482.490000 0.183940
3483.086000 0.183794
3483.682000 0.183648
3484.278000 0.183503
3484.874000 0.183357
3485.470000 0.183211
3486.067000 0.183066
3486.663000 0.182920
3487.260000 0.182774
3487.856000 0.182629
3488.453000 0.182483
3489.050000 0.182338
3489.647000 0.182192
3490.244000 0.182043
3490.841000 0.181888
3491.438000 0.181726
3492.036000 0.181561
3492.633000 0.181396
3493.231000 0.181231
3493.829000 0.181066
3494.426000 0.180901
3495.024000 0.180737
3495.622000 0.180572
3496.220000 0.180407
3496.818000 0.180243
3497.417000 0.180078
3498.015000 0.179914
3498.614000 0.179749
3499.212000 0.179585
3499.811000 0.179420
3500.410000 0.179253
3501.009000 0.179084
3501.608000 0.178895
3502.207000 0.178706
3502.806000 0.178517
3503.405000 0.178328
3504.005000 0.178140
3504.604000 0.177951
3505.204000 0.177763
3505.803000 0.177574
3506.403000 0.177386
3507.003000 0.177197
3507.603000 0.177009
3508.203000 0.176821
3508.804000 0.176632
3509.404000 0.176444
3510.004000 0.176256
3510.605000 0.176059
3511.206000 0.175863
3511.806000 0.175671
3512.407000 0.175479
3513.008000 0.175287
3513.609000 0.175095
3514.210000 0.174903
3514.812000 0.174711
3515.413000 0.174519
3516.014000 0.174328
3516.616000 0.174136
3517.218000 0.173944
3517.820000 0.173753
3518.421000 0.173561
3519.023000 0.173370
3519.625000 0.173179
3520.228000 0.172991
3520.830000 0.172809
3521.432000 0.172621
3522.035000 0.172430
3522.637000 0.172239
3523.240000 0.172048
3523.843000 0.171857
3524.446000 0.171667
3525.049000 0.171476
3525.652000 0.171286
3526.255000 0.171095
3526.858000 0.170904
3527.462000 0.170714
3528.065000 0.170524
3528.669000 0.170333
3529.273000 0.170143
3529.877000 0.169953
3530.481000 0.169756
3531.085000 0.169556
3531.689000 0.169354
3532.293000 0.169151
3532.897000 0.168948
3533.502000 0.168746
3534.106000 0.168544
3534.711000 0.168341
3535.316000 0.168139
3535.921000 0.167937
3536.526000 0.167735
3537.131000 0.167533
3537.736000 0.167331
3538.341000 0.167129
3538.947000 0.166928
3539.552000 0.166726
3540.158000 0.166527
3540.763000 0.166334
3541.369000 0.166143
3541.975000 0.165954
3542.581000 0.165765
3543.187000 0.165575
3543.793000 0.165386
3544.400000 0.165197
3545.006000 0.165008
3545.613000 0.164819
3546.219000 0.164630
3546.826000 0.164441
3547.433000 0.164252
3548.040000 0.164063
3548.647000 0.163874
3549.254000 0.163686
3549.861000 0.163497
3550.469000 0.163302
3551.076000 0.163102
3551.684000 0.162873
3552.292000 0.162644
3552.899000 0.162416
3553.507000 0.162188
3554.115000 0.161959
3554.723000 0.161731
3555.332000 0.161503
3555.940000 0.161275
3556.548000 0.161047
3557.157000 0.160820
3557.765000 0.160592
3558.374000 0.160365
3558.983000 0.160137
3559.592000 0.159910
3560.201000 0.159683
3560.810000 0.159456
3561.419000 0.159197
3562.028000 0.158923
3562.638000 0.158648
3563.247000 0.158374
3563.857000 0.158100
3564.467000 0.157826
3565.077000 0.157552
3565.687000 0.157278
3566.297000 0.157005
3566.907000 0.156731
3567.517000 0.156458
3568.127000 0.156185
3568.738000 0.155912
3569.349000 0.155639
3569.959000 0.155366
3570.570000 0.155102
3571.181000 0.154814
3571.792000 0.154464
3572.403000 0.154113
3573.014000 0.153763
3573.626000 0.153412
3574.237000 0.153062
3574.849000 0.152712
3575.460000 0.152363
3576.072000 0.152013
3576.684000 0.151664
3577.296000 0.151314
3577.908000 0.150966
3578.520000 0.150617
3579.132000 0.150268
3579.745000 0.149920
3580.357000 0.149567
3580.970000 0.149211
3581.583000 0.148802
3582.195000 0.148389
3582.808000 0.147975
3583.421000 0.147562
3584.034000 0.147150
3584.647000 0.146737
3585.261000 0.146325
3585.874000 0.145913
3586.488000 0.145502
3587.101000 0.145090
3587.715000 0.144679
3588.329000 0.144269
3588.943000 0.143858
3589.557000 0.143448
3590.171000 0.143040
3590.785000 0.142638
3591.400000 0.142223
3592.014000 0.141800
3592.629000 0.141377
3593.243000 0.140954
3593.858000 0.140532
3594.473000 0.140110
3595.088000 0.139688
3595.703000 0.139266
3596.318000 0.138845
3596.934000 0.138424
3597.549000 0.138003
3598.165000 0.137582
3598.780000 0.137162
3599.396000 0.136742
3600.012000 0.136324
3600.628000 0.135987
3601.244000 0.135683
3601.860000 0.135440
3602.476000 0.135197
3603.093000 0.134954
3603.709000 0.134711
3604.326000 0.134468
3604.942000 0.134224
3605.559000 0.133981
3606.176000 0.133737
3606.793000 0.133493
3607.410000 0.133249
3608.027000 0.133005
3608.645000 0.132761
3609.262000 0.132517
3609.880000 0.132272
3610.497000 0.132034
3611.115000 0.131806
3611.733000 0.131637
3612.351000 0.131468
3612.969000 0.131299
3613.587000 0.131130
3614.205000 0.130961
3614.823000 0.130791
3615.442000 0.130622
3616.061000 0.130452
3616.679000 0.130283
3617.298000 0.130113
3617.917000 0.129943
3618.536000 0.129774
3619.155000 0.129604
3619.774000 0.129433
3620.394000 0.129259
3621.013000 0.129081
3621.633000 0.128737
3622.252000 0.128387
3622.872000 0.128036
3623.492000 0.127686
3624.112000 0.127335
3624.732000 0.126985
3625.352000 0.126634
3625.972000 0.126283
3626.593000 0.125932
3627.213000 0.125580
3627.834000 0.125229
3628.455000 0.124877
3629.075000 0.124525
3629.696000 0.124173
3630.317000 0.123820
3630.938000 0.123467
3631.560000 0.122570
3632.181000 0.121574
3632.802000 0.120576
3633.424000 0.119579
3634.046000 0.118581
3634.667000 0.117582
3635.289000 0.116583
3635.911000 0.115584
3636.533000 0.114584
3637.156000 0.113584
3637.778000 0.112583
3638.400000 0.111582
3639.023000 0.110581
3639.645000 0.109579
3640.268000 0.108579
3640.891000 0.107582
3641.514000 0.105983
3642.137000 0.104197
3642.760000 0.102411
3643.383000 0.100623
3644.007000 0.098835
3644.630000 0.097045
3645.254000 0.095255
3645.877000 0.093464
3646.501000 0.091671
3647.125000 0.089879
3647.749000 0.088084
3648.373000 0.086289
3648.997000 0.084493
3649.622000 0.082696
3650.246000 0.080896
3650.871000 0.079093
3651.495000 0.077170
3652.120000 0.075201
3652.745000 0.073232
3653.370000 0.071262
3653.995000 0.069291
3654.620000 0.067319
3655.245000 0.065346
3655.871000 0.063372
3656.496000 0.061398
3657.122000 0.059423
3657.748000 0.057447
3658.374000 0.055469
3658.999000 0.053492
3659.625000 0.051513
3660.251000 0.049535
3660.878000 0.047558
3661.504000 0.045973
3662.131000 0.044529
3662.757000 0.043084
3663.384000 0.041638
3664.011000 0.040190
3664.637000 0.038743
3665.265000 0.037295
3665.892000 0.035846
3666.519000 0.034396
3667.146000 0.032945
3667.774000 0.031494
3668.401000 0.030042
3669.029000 0.028589
3669.656000 0.027135
3670.284000 0.025680
3670.912000 0.024223
3671.541000 0.023291
3672.169000 0.022499
3672.797000 0.021707
3673.425000 0.020914
3674.054000 0.020121
3674.682000 0.019328
3675.311000 0.018534
3675.940000 0.017740
3676.569000 0.016946
3677.198000 0.016151
3677.827000 0.015356
3678.456000 0.014561
3679.086000 0.013765
3679.715000 0.012969
3680.345000 0.012173
3680.974000 0.011376
3681.604000 0.010959
3682.234000 0.010593
3682.864000 0.010226
3683.494000 0.009859
3684.125000 0.009492
3684.755000 0.009125
3685.385000 0.008758
3686.016000 0.008390
3686.646000 0.008023
3687.277000 0.007655
3687.908000 0.007287
3688.539000 0.006919
3689.170000 0.006551
3689.801000 0.006183
3690.433000 0.005814
3691.064000 0.005450
3691.696000 0.005279
3692.327000 0.005108
3692.959000 0.004937
3693.591000 0.004766
3694.223000 0.004594
3694.855000 0.004423
3695.487000 0.004252
3696.119000 0.004080
3696.752000 0.003908
3697.384000 0.003736
3698.017000 0.003565
3698.649000 0.003393
3699.282000 0.003221
3699.915000 0.003048
3700.548000 0.002876
3701.181000 0.002722
3701.815000 0.002641
3702.448000 0.002560
3703.082000 0.002479
3703.715000 0.002397
3704.349000 0.002316
3704.982000 0.002235
3705.616000 0.002154
3706.250000 0.002072
3706.885000 0.001991
3707.519000 0.001909
3708.153000 0.001828
3708.788000 0.001746
3709.422000 0.001665
3710.057000 0.001583
3710.692000 0.001502
3711.326000 0.001438
3711.961000 0.001397
3712.596000 0.001356
3713.232000 0.001316
3713.867000 0.001275
3714.502000 0.001234
3715.138000 0.001194
3715.774000 0.001153
3716.409000 0.001112
3717.045000 0.001071
3717.681000 0.001031
3718.317000 0.000990
3718.953000 0.000949
3719.590000 0.000908
3720.226000 0.000867
3720.863000 0.000826
3721.499000 0.000799
3722.136000 0.000777
3722.773000 0.000756
3723.410000 0.000734
3724.047000 0.000712
3724.684000 0.000691
3725.321000 0.000669
3725.959000 0.000648
3726.596000 0.000626
3727.234000 0.000605
3727.872000 0.000583
3728.509000 0.000562
3729.147000 0.000540
3729.785000 0.000518
3730.423000 0.000497
3731.062000 0.000475
3731.700000 0.000463
3732.339000 0.000451
3732.977000 0.000439
3733.616000 0.000426
3734.255000 0.000414
3734.894000 0.000402
