3211.987000 0.000403
3212.536000 0.000409
3213.086000 0.000414
3213.635000 0.000420
3214.185000 0.000425
3214.735000 0.000431
3215.285000 0.000436
3215.835000 0.000442
3216.385000 0.000448
3216.935000 0.000453
3217.486000 0.000459
3218.036000 0.000464
3218.586000 0.000470
3219.137000 0.000476
3219.688000 0.000481
3220.239000 0.000487
3220.789000 0.000492
3221.340000 0.000501
3221.891000 0.000510
3222.443000 0.000519
3222.994000 0.000529
3223.545000 0.000538
3224.096000 0.000547
3224.648000 0.000557
3225.200000 0.000566
3225.751000 0.000576
3226.303000 0.000585
3226.855000 0.000594
3227.407000 0.000604
3227.959000 0.000613
3228.511000 0.000622
3229.064000 0.000632
3229.616000 0.000641
3230.168000 0.000651
3230.721000 0.000660
3231.274000 0.000676
3231.826000 0.000695
3232.379000 0.000714
3232.932000 0.000734
3233.485000 0.000753
3234.038000 0.000773
3234.592000 0.000792
3235.145000 0.000812
3235.698000 0.000831
3236.252000 0.000851
3236.805000 0.000870
3237.359000 0.000890
3237.913000 0.000909
3238.467000 0.000929
3239.021000 0.000948
3239.575000 0.000968
3240.129000 0.000987
3240.683000 0.001006
3241.238000 0.001041
3241.792000 0.001088
3242.347000 0.001135
3242.901000 0.001182
3243.456000 0.001229
3244.011000 0.001276
3244.566000 0.001323
3245.121000 0.001370
3245.676000 0.001417
3246.231000 0.001465
3246.786000 0.001512
3247.342000 0.001559
3247.897000 0.001606
3248.453000 0.001653
3249.009000 0.001700
3249.564000 0.001747
3250.120000 0.001794
3250.676000 0.001841
3251.232000 0.001915
3251.788000 0.002012
3252.345000 0.002109
3252.901000 0.002206
3253.458000 0.002303
3254.014000 0.002400
3254.571000 0.002497
3255.127000 0.002594
3255.684000 0.002691
3256.241000 0.002789
3256.798000 0.002886
3257.355000 0.002983
3257.913000 0.003080
3258.470000 0.003177
3259.027000 0.003274
3259.585000 0.003372
3260.142000 0.003469
3260.700000 0.003566
3261.258000 0.003704
3261.816000 0.003873
3262.374000 0.004043
3262.932000 0.004212
3263.490000 0.004381
3264.048000 0.004551
3264.606000 0.004720
3265.165000 0.004889
3265.723000 0.005058
3266.282000 0.005228
3266.841000 0.005397
3267.400000 0.005567
3267.958000 0.005736
3268.518000 0.005905
3269.077000 0.006075
3269.636000 0.006244
3270.195000 0.006414
3270.755000 0.006583
3271.314000 0.006796
3271.874000 0.007031
3272.434000 0.007266
3272.993000 0.007501
3273.553000 0.007736
3274.113000 0.007971
3274.673000 0.008206
3275.233000 0.008441
3275.794000 0.008676
3276.354000 0.008911
3276.915000 0.009147
3277.475000 0.009382
3278.036000 0.009617
3278.596000 0.009852
3279.157000 0.010088
3279.718000 0.010323
3280.279000 0.010558
3280.840000 0.010793
3281.402000 0.011051
3281.963000 0.011314
3282.524000 0.011577
3283.086000 0.011840
3283.647000 0.012104
3284.209000 0.012367
3284.771000 0.012630
3285.333000 0.012893
3285.895000 0.013156
3286.457000 0.013420
3287.019000 0.013683
3287.582000 0.013946
3288.144000 0.014210
3288.706000 0.014473
3289.269000 0.014736
3289.832000 0.015000
3290.394000 0.015263
3290.957000 0.015528
3291.520000 0.015796
3292.083000 0.016064
3292.646000 0.016333
3293.209000 0.016601
3293.773000 0.016870
3294.336000 0.017138
3294.900000 0.017407
3295.464000 0.017675
3296.027000 0.017944
3296.591000 0.018212
3297.155000 0.018481
3297.719000 0.018750
3298.283000 0.019019
3298.847000 0.019287
3299.412000 0.019556
3299.976000 0.019825
3300.541000 0.020093
3301.105000 0.020362
3301.670000 0.020634
3302.235000 0.020906
3302.800000 0.021178
3303.365000 0.021450
3303.930000 0.021722
3304.495000 0.021995
3305.060000 0.022267
3305.625000 0.022539
3306.191000 0.022811
3306.756000 0.023083
3307.322000 0.023355
3307.888000 0.023628
3308.454000 0.023900
3309.020000 0.024172
3309.586000 0.024444
3310.152000 0.024717
3310.718000 0.024990
3311.284000 0.025296
3311.851000 0.025626
3312.417000 0.025955
3312.984000 0.026284
3313.551000 0.026614
3314.118000 0.026943
3314.685000 0.027273
3315.251000 0.027602
3315.819000 0.027932
3316.386000 0.028261
3316.953000 0.028591
3317.521000 0.028921
3318.088000 0.029251
3318.656000 0.029581
3319.223000 0.029911
3319.791000 0.030240
3320.359000 0.030569
3320.927000 0.030898
3321.495000 0.031278
3322.063000 0.031662
3322.632000 0.032045
3323.200000 0.032428
3323.768000 0.032812
3324.337000 0.033195
3324.906000 0.033578
3325.474000 0.033962
3326.043000 0.034345
3326.612000 0.034729
3327.181000 0.035112
3327.750000 0.035495
3328.320000 0.035879
3328.889000 0.036262
3329.458000 0.036646
3330.028000 0.037029
3330.598000 0.037415
3331.167000 0.037812
3331.737000 0.038229
3332.307000 0.038646
3332.877000 0.039064
3333.447000 0.039481
3334.018000 0.039898
3334.588000 0.040316
3335.158000 0.040733
3335.729000 0.041151
3336.300000 0.041569
3336.870000 0.041986
3337.441000 0.042404
3338.012000 0.042822
3338.583000 0.043240
3339.154000 0.043658
3339.725000 0.044076
3340.297000 0.044493
3340.868000 0.044908
3341.439000 0.045316
3342.011000 0.045721
3342.583000 0.046127
3343.155000 0.046532
3343.726000 0.046937
3344.298000 0.047343
3344.870000 0.047748
3345.443000 0.048154
3346.015000 0.048560
3346.587000 0.048965
3347.160000 0.049371
3347.732000 0.049777
3348.305000 0.050182
3348.878000 0.050588
3349.451000 0.050993
3350.024000 0.051399
3350.597000 0.051807
3351.170000 0.052202
3351.743000 0.052572
3352.316000 0.052942
3352.890000 0.053313
3353.463000 0.053683
3354.037000 0.054054
3354.611000 0.054424
3355.185000 0.054795
3355.759000 0.055165
3356.333000 0.055536
3356.907000 0.055906
3357.481000 0.056277
3358.055000 0.056648
3358.630000 0.057019
3359.204000 0.057390
3359.779000 0.057761
3360.354000 0.058130
3360.928000 0.058498
3361.503000 0.058916
3362.079000 0.059338
3362.654000 0.059760
3363.229000 0.060181
3363.804000 0.060603
3364.380000 0.061025
3364.955000 0.061447
3365.531000 0.061869
3366.106000 0.062291
3366.682000 0.062713
3367.258000 0.063134
3367.834000 0.063556
3368.410000 0.063978
3368.987000 0.064400
3369.563000 0.064822
3370.139000 0.065245
3370.716000 0.065670
3371.292000 0.066134
3371.869000 0.066627
3372.446000 0.067121
3373.023000 0.067615
3373.600000 0.068108
3374.177000 0.068602
3374.754000 0.069096
3375.331000 0.069590
3375.909000 0.070084
3376.486000 0.070578
3377.064000 0.071072
3377.641000 0.071566
3378.219000 0.072060
3378.797000 0.072555
3379.375000 0.073049
3379.953000 0.073543
3380.531000 0.074034
3381.110000 0.074523
3381.688000 0.075005
3382.267000 0.075488
3382.845000 0.075970
3383.424000 0.076452
3384.002000 0.076935
3384.581000 0.077417
3385.160000 0.077899
3385.740000 0.078382
3386.319000 0.078864
3386.898000 0.079346
3387.477000 0.079829
3388.057000 0.080311
3388.636000 0.080793
3389.216000 0.081276
3389.796000 0.081758
3390.375000 0.082243
3390.956000 0.082730
3391.536000 0.083222
3392.116000 0.083715
3392.696000 0.084207
3393.276000 0.084699
3393.857000 0.085192
3394.437000 0.085684
3395.018000 0.086177
3395.599000 0.086670
3396.180000 0.087162
3396.761000 0.087655
3397.342000 0.088148
3397.923000 0.088641
3398.504000 0.089134
3399.085000 0.089627
3399.667000 0.090120
3400.249000 0.090600
3400.830000 0.091062
3401.412000 0.091480
3401.994000 0.091884
3402.576000 0.092287
3403.158000 0.092690
3403.740000 0.093093
3404.322000 0.093495
3404.905000 0.093897
3405.487000 0.094299
3406.070000 0.094701
3406.652000 0.095102
3407.235000 0.095503
3407.818000 0.095904
3408.401000 0.096305
3408.984000 0.096705
3409.567000 0.097105
3410.150000 0.097507
3410.733000 0.097911
3411.317000 0.098291
3411.900000 0.098653
3412.484000 0.099014
3413.068000 0.099376
3413.652000 0.099737
3414.236000 0.100098
3414.820000 0.100459
3415.404000 0.100819
3415.988000 0.101179
3416.573000 0.101540
3417.157000 0.101900
3417.741000 0.102260
3418.326000 0.102619
3418.911000 0.102979
3419.496000 0.103338
3420.081000 0.103696
3420.666000 0.104050
3421.251000 0.104392
3421.836000 0.104721
3422.421000 0.105049
3423.007000 0.105377
3423.592000 0.105706
3424.178000 0.106034
3424.764000 0.106361
3425.350000 0.106689
3425.936000 0.107016
3426.522000 0.107343
3427.108000 0.107670
3427.694000 0.107996
3428.280000 0.108323
3428.867000 0.108649
3429.453000 0.108975
3430.040000 0.109301
3430.627000 0.109632
3431.214000 0.109969
3431.801000 0.110315
3432.388000 0.110662
3432.975000 0.111008
3433.562000 0.111354
3434.149000 0.111700
3434.737000 0.112046
3435.324000 0.112391
3435.912000 0.112736
3436.500000 0.113081
3437.088000 0.113426
3437.676000 0.113771
3438.264000 0.114115
3438.852000 0.114460
3439.440000 0.114804
3440.028000 0.115147
3440.617000 0.115485
3441.206000 0.115852
3441.794000 0.116268
3442.383000 0.116684
3442.972000 0.117099
3443.561000 0.117515
3444.150000 0.117930
3444.739000 0.118344
3445.328000 0.118759
3445.917000 0.119173
3446.507000 0.119586
3447.097000 0.120000
3447.686000 0.120413
3448.276000 0.120826
3448.866000 0.121239
3449.456000 0.121651
3450.046000 0.122064
3450.636000 0.122482
3451.226000 0.122914
3451.817000 0.123365
3452.407000 0.123817
3452.998000 0.124268
3453.588000 0.124718
3454.179000 0.125169
3454.770000 0.125619
3455.361000 0.126069
3455.952000 0.126519
3456.543000 0.126968
3457.135000 0.127417
3457.726000 0.127866
3458.318000 0.128315
3458.909000 0.128763
3459.501000 0.129211
3460.093000 0.129658
3460.685000 0.130099
3461.276000 0.130554
3461.869000 0.131026
3462.461000 0.131496
3463.053000 0.131967
3463.646000 0.132437
3464.238000 0.132907
3464.831000 0.133376
3465.423000 0.133846
3466.016000 0.134315
3466.609000 0.134783
3467.202000 0.135251
3467.795000 0.135719
3468.388000 0.136187
3468.982000 0.136654
3469.575000 0.137121
3470.168000 0.137587
3470.762000 0.138054
3471.356000 0.138513
3471.950000 0.138966
3472.543000 0.139419
3473.138000 0.139873
3473.732000 0.140325
3474.326000 0.140778
3474.920000 0.141230
3475.515000 0.141682
3476.109000 0.142133
3476.704000 0.142584
3477.299000 0.143035
3477.893000 0.143485
3478.488000 0.143936
3479.083000 0.144386
3479.678000 0.144835
3480.274000 0.145288
3480.869000 0.145745
3481.465000 0.146161
3482.060000 0.146567
3482.656000 0.146973
3483.251000 0.147378
3483.847000 0.147784
3484.443000 0.148189
3485.039000 0.148593
3485.635000 0.148998
3486.232000 0.149402
3486.828000 0.149806
3487.425000 0.150209
3488.021000 0.150613
3488.618000 0.151016
3489.215000 0.151419
3489.812000 0.151822
3490.408000 0.152219
3491.006000 0.152612
3491.603000 0.152948
3492.200000 0.153283
3492.797000 0.153618
3493.395000 0.153952
3493.992000 0.154287
3494.590000 0.154621
3495.188000 0.154955
3495.786000 0.155288
3496.384000 0.155621
3496.982000 0.155955
3497.580000 0.156287
3498.178000 0.156620
3498.777000 0.156952
3499.375000 0.157284
3499.974000 0.157616
3500.573000 0.157944
3501.171000 0.158253
3501.771000 0.158518
3502.369000 0.158782
3502.969000 0.159046
3503.568000 0.159310
3504.167000 0.159574
3504.767000 0.159837
3505.366000 0.160101
3505.966000 0.160363
3506.565000 0.160626
3507.165000 0.160889
3507.765000 0.161151
3508.365000 0.161413
3508.965000 0.161674
3509.566000 0.161936
3510.166000 0.162195
3510.766000 0.162447
3511.367000 0.162666
3511.968000 0.162862
3512.568000 0.163058
3513.169000 0.163254
3513.770000 0.163450
3514.371000 0.163645
3514.972000 0.163841
3515.574000 0.164036
3516.175000 0.164230
3516.777000 0.164425
3517.378000 0.164619
3517.980000 0.164813
3518.582000 0.165007
3519.184000 0.165200
3519.786000 0.165394
3520.388000 0.165593
3520.990000 0.165794
3521.592000 0.165982
3522.195000 0.166168
3522.797000 0.166355
3523.400000 0.166541
3524.002000 0.166727
3524.605000 0.166913
3525.208000 0.167099
3525.811000 0.167285
3526.414000 0.167470
3527.018000 0.167655
3527.621000 0.167840
3528.224000 0.168025
3528.828000 0.168209
3529.432000 0.168393
3530.035000 0.168577
3530.639000 0.168752
3531.243000 0.168911
3531.847000 0.169044
3532.451000 0.169178
3533.056000 0.169311
3533.660000 0.169444
3534.265000 0.169577
3534.869000 0.169710
3535.474000 0.169842
3536.079000 0.169975
3536.684000 0.170107
3537.289000 0.170239
3537.894000 0.170370
3538.499000 0.170502
3539.104000 0.170633
3539.709000 0.170764
3540.315000 0.170900
3540.921000 0.171040
3541.526000 0.171179
3542.132000 0.171319
3542.738000 0.171458
3543.344000 0.171597
3543.950000 0.171736
3544.556000 0.171874
3545.163000 0.172012
3545.769000 0.172151
3546.376000 0.172289
3546.982000 0.172427
3547.589000 0.172564
3548.196000 0.172702
3548.803000 0.172839
3549.410000 0.172976
3550.017000 0.173113
3550.625000 0.173240
3551.232000 0.173365
3551.839000 0.173486
3552.447000 0.173607
3553.055000 0.173727
3553.662000 0.173847
3554.270000 0.173967
3554.878000 0.174087
3555.486000 0.174207
3556.095000 0.174326
3556.703000 0.174446
3557.311000 0.174565
3557.920000 0.174683
3558.529000 0.174802
3559.137000 0.174921
3559.746000 0.175039
3560.355000 0.175157
3560.964000 0.175275
3561.573000 0.175423
3562.182000 0.175573
3562.792000 0.175723
3563.401000 0.175873
3564.011000 0.176022
3564.621000 0.176172
3565.230000 0.176321
3565.840000 0.176470
3566.450000 0.176619
3567.060000 0.176767
3567.670000 0.176916
3568.281000 0.177064
3568.891000 0.177211
3569.502000 0.177359
3570.112000 0.177508
3570.723000 0.177665
3571.334000 0.177833
3571.945000 0.178012
3572.556000 0.178192
3573.167000 0.178371
3573.778000 0.178549
3574.389000 0.178728
3575.001000 0.178906
3575.612000 0.179084
3576.224000 0.179262
3576.836000 0.179439
3577.448000 0.179617
3578.060000 0.179794
3578.672000 0.179971
3579.284000 0.180147
3579.896000 0.180324
3580.509000 0.180492
3581.121000 0.180658
3581.734000 0.180822
3582.346000 0.180985
3582.959000 0.181148
3583.572000 0.181311
3584.185000 0.181473
3584.798000 0.181636
3585.411000 0.181798
3586.025000 0.181960
3586.638000 0.182121
3587.252000 0.182283
3587.865000 0.182444
3588.479000 0.182605
3589.093000 0.182765
3589.707000 0.182926
3590.321000 0.183091
3590.935000 0.183261
3591.549000 0.183421
3592.164000 0.183581
3592.778000 0.183740
3593.393000 0.183898
3594.008000 0.184057
3594.622000 0.184215
3595.237000 0.184373
3595.852000 0.184531
3596.467000 0.184689
3597.083000 0.184846
3597.698000 0.185003
3598.313000 0.185160
3598.929000 0.185317
3599.544000 0.185473
3600.160000 0.185659
3600.776000 0.185928
3601.392000 0.186171
3602.008000 0.186395
3602.624000 0.186620
3603.240000 0.186844
3603.857000 0.187069
3604.473000 0.187293
3605.090000 0.187518
3605.707000 0.187743
3606.323000 0.187968
3606.940000 0.188193
3607.557000 0.188418
3608.175000 0.188643
3608.792000 0.188868
3609.409000 0.189094
3610.026000 0.189320
3610.644000 0.189555
3611.262000 0.189777
3611.879000 0.189975
3612.497000 0.190173
3613.115000 0.190371
3613.733000 0.190570
3614.352000 0.190768
3614.970000 0.190967
3615.588000 0.191165
3616.207000 0.191364
3616.825000 0.191563
3617.444000 0.191762
3618.063000 0.191961
3618.682000 0.192160
3619.301000 0.192359
3619.920000 0.192558
3620.539000 0.192748
3621.158000 0.192926
3621.778000 0.193056
3622.397000 0.193187
3623.017000 0.193318
3623.637000 0.193448
3624.257000 0.193579
3624.877000 0.193710
3625.497000 0.193841
3626.117000 0.193972
3626.737000 0.194103
3627.358000 0.194234
3627.978000 0.194365
3628.599000 0.194497
3629.219000 0.194628
3629.840000 0.194759
3630.461000 0.194889
3631.082000 0.195016
3631.703000 0.195108
3632.324000 0.195199
3632.946000 0.195291
3633.567000 0.195383
3634.189000 0.195475
3634.811000 0.195567
3635.432000 0.195659
3636.054000 0.195751
3636.676000 0.195844
3637.298000 0.195936
3637.921000 0.196028
3638.543000 0.196120
3639.165000 0.196212
3639.788000 0.196305
3640.410000 0.196404
3641.033000 0.196507
3641.656000 0.196632
3642.279000 0.196756
3642.902000 0.196881
3643.525000 0.197006
3644.148000 0.197131
3644.772000 0.197256
3645.395000 0.197381
3646.019000 0.197506
3646.643000 0.197631
3647.266000 0.197756
3647.890000 0.197881
3648.514000 0.198007
3649.138000 0.198132
3649.763000 0.198257
3650.387000 0.198376
3651.011000 0.198491
3651.636000 0.198604
3652.261000 0.198716
3652.885000 0.198829
3653.510000 0.198942
3654.135000 0.199054
3654.760000 0.199167
3655.385000 0.199280
3656.011000 0.199393
3656.636000 0.199506
3657.262000 0.199619
3657.887000 0.199732
3658.513000 0.199845
3659.139000 0.199958
3659.765000 0.200071
3660.391000 0.200191
3661.017000 0.200316
3661.643000 0.200468
3662.270000 0.200622
3662.896000 0.200776
3663.523000 0.200931
3664.149000 0.201085
3664.776000 0.201239
3665.403000 0.201394
3666.030000 0.201548
3666.657000 0.201703
3667.284000 0.201857
3667.912000 0.202012
3668.539000 0.202167
3669.167000 0.202321
3669.794000 0.202476
3670.422000 0.202624
3671.050000 0.202768
3671.678000 0.202913
3672.306000 0.203058
3672.934000 0.203204
3673.563000 0.203349
3674.191000 0.203495
3674.820000 0.203641
3675.448000 0.203786
3676.077000 0.203932
3676.706000 0.204078
3677.335000 0.204224
3677.964000 0.204369
3678.593000 0.204515
3679.222000 0.204661
3679.852000 0.204807
3680.481000 0.204953
3681.111000 0.205098
3681.740000 0.205234
3682.370000 0.205371
3683.000000 0.205507
3683.630000 0.205643
3684.260000 0.205779
3684.890000 0.205915
3685.521000 0.206051
3686.151000 0.206188
3686.782000 0.206324
3687.413000 0.206461
3688.043000 0.206597
3688.674000 0.206734
3689.305000 0.206870
3689.936000 0.207007
3690.567000 0.207154
3691.199000 0.207301
3691.830000 0.207444
3692.462000 0.207588
3693.093000 0.207731
3693.725000 0.207874
3694.357000 0.208018
3694.989000 0.208161
3695.621000 0.208305
3696.253000 0.208449
3696.885000 0.208593
3697.518000 0.208736
3698.150000 0.208880
3698.783000 0.209024
3699.416000 0.209169
3700.049000 0.209312
3700.681000 0.209444
3701.314000 0.209557
3701.948000 0.209640
3702.581000 0.209723
3703.214000 0.209806
3703.848000 0.209889
3704.481000 0.209972
3705.115000 0.210056
3705.749000 0.210139
3706.383000 0.210222
3707.017000 0.210305
3707.651000 0.210389
3708.285000 0.210472
3708.919000 0.210555
3709.554000 0.210639
3710.188000 0.210726
3710.823000 0.210821
3711.458000 0.210918
3712.093000 0.211017
3712.728000 0.211116
3713.363000 0.211215
3713.998000 0.211314
3714.634000 0.211413
3715.269000 0.211512
3715.905000 0.211612
3716.540000 0.211711
3717.176000 0.211810
3717.812000 0.211909
3718.448000 0.212008
3719.084000 0.212108
3719.720000 0.212207
3720.356000 0.212300
3720.993000 0.212388
3721.629000 0.212474
3722.266000 0.212560
3722.903000 0.212646
3723.540000 0.212732
3724.177000 0.212818
3724.813000 0.212904
3725.451000 0.212990
3726.088000 0.213076
3726.725000 0.213162
3727.363000 0.213248
3728.000000 0.213334
3728.638000 0.213421
3729.276000 0.213507
3729.914000 0.213593
3730.552000 0.213679
3731.190000 0.213770
3731.828000 0.213879
3732.467000 0.213987
3733.105000 0.214096
3733.744000 0.214205
3734.383000 0.214314
3735.021000 0.214423
3735.660000 0.214532
3736.299000 0.214641
3736.938000 0.214750
3737.578000 0.214859
3738.217000 0.214968
3738.856000 0.215077
3739.496000 0.215186
3740.136000 0.215297
3740.776000 0.215419
3741.416000 0.215549
3742.055000 0.215687
3742.696000 0.215825
3743.336000 0.215962
3743.976000 0.216100
3744.617000 0.216238
3745.257000 0.216376
3745.898000 0.216515
3746.539000 0.216653
3747.180000 0.216791
3747.821000 0.216929
3748.462000 0.217068
3749.103000 0.217206
3749.744000 0.217345
3750.386000 0.217476
3751.027000 0.217603
3751.669000 0.217736
3752.311000 0.217870
3752.953000 0.218004
3753.594000 0.218138
3754.237000 0.218273
3754.879000 0.218407
3755.521000 0.218541
3756.164000 0.218675
3756.806000 0.218810
3757.449000 0.218944
3758.092000 0.219079
3758.734000 0.219213
3759.377000 0.219348
3760.021000 0.219483
3760.664000 0.219630
3761.307000 0.219778
3761.950000 0.219928
3762.594000 0.220079
3763.238000 0.220229
3763.881000 0.220380
3764.525000 0.220531
3765.169000 0.220682
3765.813000 0.220832
3766.457000 0.220983
3767.102000 0.221134
3767.746000 0.221285
3768.391000 0.221437
3769.035000 0.221588
3769.680000 0.221739
3770.325000 0.221884
3770.970000 0.222023
3771.615000 0.222110
3772.260000 0.222187
3772.905000 0.222263
3773.551000 0.222340
3774.196000 0.222417
3774.842000 0.222494
3775.488000 0.222571
3776.133000 0.222648
3776.779000 0.222725
3777.426000 0.222802
3778.072000 0.222879
3778.718000 0.222956
3779.364000 0.223033
3780.011000 0.223110
3780.657000 0.223187
3781.304000 0.223254
3781.951000 0.223301
3782.598000 0.223349
3783.245000 0.223396
3783.892000 0.223444
3784.539000 0.223492
3785.187000 0.223540
3785.834000 0.223587
3786.482000 0.223635
3787.130000 0.223683
3787.778000 0.223730
3788.426000 0.223778
3789.073000 0.223826
3789.722000 0.223874
3790.370000 0.223929
3791.018000 0.223989
3791.667000 0.224019
3792.315000 0.224045
3792.964000 0.224071
3793.613000 0.224098
3794.262000 0.224124
3794.911000 0.224151
3795.560000 0.224177
3796.209000 0.224203
3796.859000 0.224230
3797.508000 0.224256
3798.158000 0.224283
3798.808000 0.224309
3799.458000 0.224335
3800.107000 0.224368
3800.758000 0.224430
3801.408000 0.224473
3802.058000 0.224497
3802.708000 0.224522
3803.359000 0.224546
3804.010000 0.224570
3804.660000 0.224594
3805.311000 0.224619
3805.962000 0.224643
3806.613000 0.224667
3807.264000 0.224691
3807.915000 0.224715
3808.567000 0.224739
3809.218000 0.224763
3809.870000 0.224787
3810.522000 0.224811
3811.174000 0.224839
3811.825000 0.224893
3812.478000 0.224947
3813.130000 0.225000
3813.782000 0.225054
3814.434000 0.225108
3815.087000 0.225162
3815.740000 0.225216
3816.392000 0.225269
3817.045000 0.225323
3817.698000 0.225377
3818.351000 0.225431
3819.004000 0.225484
3819.657000 0.225538
3820.311000 0.225598
3820.964000 0.225664
3821.618000 0.225741
3822.272000 0.225820
3822.926000 0.225899
3823.580000 0.225978
3824.234000 0.226057
3824.888000 0.226136
3825.542000 0.226216
3826.197000 0.226295
3826.851000 0.226374
3827.506000 0.226453
3828.160000 0.226532
3828.815000 0.226611
3829.470000 0.226691
3830.125000 0.226768
3830.781000 0.226834
3831.436000 0.226930
3832.091000 0.227053
3832.747000 0.227176
3833.402000 0.227298
3834.058000 0.227421
3834.714000 0.227544
3835.370000 0.227667
3836.026000 0.227790
3836.682000 0.227913
3837.339000 0.228037
3837.995000 0.228160
3838.651000 0.228283
3839.308000 0.228406
3839.965000 0.228530
3840.622000 0.228665
3841.279000 0.228814
3841.936000 0.228990
3842.593000 0.229167
3843.250000 0.229344
3843.908000 0.229522
3844.565000 0.229699
3845.223000 0.229876
3845.881000 0.230054
3846.539000 0.230232
3847.197000 0.230409
3847.855000 0.230587
3848.513000 0.230765
3849.171000 0.230943
3849.830000 0.231121
3850.488000 0.231290
3851.147000 0.231456
3851.806000 0.231633
3852.465000 0.231810
3853.124000 0.231987
3853.783000 0.232165
3854.442000 0.232342
3855.101000 0.232520
3855.761000 0.232698
3856.420000 0.232875
3857.080000 0.233053
3857.740000 0.233231
3858.400000 0.233409
3859.060000 0.233587
3859.720000 0.233766
3860.380000 0.233944
3861.041000 0.234122
3861.701000 0.234282
3862.362000 0.234439
3863.022000 0.234597
3863.683000 0.234755
3864.344000 0.234913
3865.005000 0.235071
3865.666000 0.235229
3866.328000 0.235388
3866.989000 0.235546
3867.650000 0.235704
3868.312000 0.235863
3868.974000 0.236021
3869.636000 0.236180
3870.298000 0.236345
3870.960000 0.236517
3871.622000 0.236643
3872.284000 0.236757
3872.947000 0.236872
3873.609000 0.236986
3874.272000 0.237100
3874.934000 0.237214
3875.597000 0.237329
3876.260000 0.237443
3876.923000 0.237558
3877.586000 0.237672
3878.250000 0.237787
3878.913000 0.237902
3879.577000 0.238016
3880.240000 0.238126
3880.904000 0.238227
3881.568000 0.238293
3882.232000 0.238344
3882.896000 0.238394
3883.560000 0.238445
3884.225000 0.238496
3884.889000 0.238547
3885.554000 0.238598
3886.218000 0.238649
3886.883000 0.238700
3887.548000 0.238750
3888.213000 0.238801
3888.878000 0.238852
3889.543000 0.238903
3890.209000 0.238954
3890.874000 0.239004
3891.540000 0.239007
3892.206000 0.238985
3892.871000 0.238963
3893.537000 0.238940
3894.203000 0.238918
3894.869000 0.238896
3895.536000 0.238873
3896.202000 0.238850
3896.869000 0.238828
3897.535000 0.238805
3898.202000 0.238782
3898.869000 0.238759
3899.536000 0.238736
3900.203000 0.238718
3900.870000 0.238708
3901.537000 0.238677
3902.205000 0.238633
3902.872000 0.238590
3903.540000 0.238546
3904.208000 0.238502
3904.875000 0.238458
3905.543000 0.238414
3906.211000 0.238370
3906.880000 0.238326
3907.548000 0.238282
3908.216000 0.238237
3908.885000 0.238193
3909.554000 0.238148
3910.222000 0.238099
3910.891000 0.238040
3911.560000 0.237986
3912.229000 0.237935
3912.899000 0.237884
3913.568000 0.237833
3914.238000 0.237781
3914.907000 0.237730
3915.577000 0.237678
3916.247000 0.237627
3916.917000 0.237575
3917.586000 0.237523
3918.257000 0.237471
3918.927000 0.237419
3919.597000 0.237367
3920.268000 0.237315
3920.938000 0.237262
3921.609000 0.237230
3922.280000 0.237205
3922.951000 0.237179
3923.622000 0.237154
3924.293000 0.237128
3924.964000 0.237103
3925.636000 0.237077
3926.307000 0.237051
3926.979000 0.237026
3927.651000 0.237000
3928.323000 0.236974
3928.995000 0.236948
3929.667000 0.236922
3930.339000 0.236903
3931.011000 0.236890
3931.684000 0.236939
3932.356000 0.236999
3933.029000 0.237060
3933.702000 0.237120
3934.375000 0.237180
3935.048000 0.237240
3935.721000 0.237300
3936.394000 0.237360
3937.067000 0.237420
3937.741000 0.237480
3938.415000 0.237540
3939.088000 0.237600
3939.762000 0.237660
3940.436000 0.237711
3941.110000 0.237758
3941.784000 0.237846
3942.458000 0.237935
3943.133000 0.238024
3943.807000 0.238113
3944.482000 0.238202
3945.157000 0.238291
3945.832000 0.238380
3946.507000 0.238469
3947.182000 0.238558
3947.857000 0.238648
3948.532000 0.238737
3949.208000 0.238826
3949.883000 0.238915
3950.559000 0.239004
3951.235000 0.239105
3951.911000 0.239260
3952.587000 0.239416
3953.263000 0.239571
3953.939000 0.239727
3954.615000 0.239883
3955.292000 0.240039
3955.969000 0.240195
3956.645000 0.240351
3957.322000 0.240507
3957.999000 0.240663
3958.676000 0.240819
3959.353000 0.240975
3960.031000 0.241132
3960.708000 0.241303
3961.385000 0.241474
3962.063000 0.241646
3962.741000 0.241819
3963.419000 0.241991
3964.097000 0.242164
3964.775000 0.242337
3965.453000 0.242509
3966.132000 0.242682
3966.810000 0.242855
3967.489000 0.243029
3968.167000 0.243202
3968.846000 0.243375
3969.525000 0.243549
3970.204000 0.243718
3970.883000 0.243877
3971.562000 0.244035
3972.242000 0.244192
3972.921000 0.244350
3973.601000 0.244508
3974.281000 0.244665
3974.960000 0.244823
3975.640000 0.244981
3976.321000 0.245139
3977.001000 0.245297
3977.681000 0.245455
3978.362000 0.245614
3979.042000 0.245772
3979.723000 0.245930
3980.404000 0.246089
3981.084000 0.246247
3981.765000 0.246365
3982.447000 0.246480
3983.128000 0.246596
3983.809000 0.246711
3984.490000 0.246827
3985.172000 0.246942
3985.854000 0.247058
3986.536000 0.247174
3987.218000 0.247289
3987.900000 0.247405
3988.582000 0.247521
3989.264000 0.247637
3989.947000 0.247753
3990.629000 0.247882
3991.312000 0.247990
3991.995000 0.248039
3992.677000 0.248089
3993.360000 0.248138
3994.043000 0.248187
3994.727000 0.248236
3995.410000 0.248285
3996.094000 0.248334
3996.777000 0.248384
3997.461000 0.248433
3998.145000 0.248482
3998.829000 0.248531
3999.513000 0.248580
4000.197000 0.248607
4000.881000 0.248581
4001.565000 0.248527
4002.250000 0.248456
4002.935000 0.248385
4003.619000 0.248314
4004.304000 0.248243
4004.989000 0.248171
4005.674000 0.248100
4006.360000 0.248029
4007.045000 0.247958
4007.730000 0.247887
4008.416000 0.247816
4009.102000 0.247745
4009.787000 0.247673
4010.473000 0.247602
4011.159000 0.247528
4011.845000 0.247394
4012.532000 0.247261
4013.218000 0.247127
4013.905000 0.246993
4014.591000 0.246859
4015.278000 0.246725
4015.965000 0.246591
4016.652000 0.246457
4017.339000 0.246323
4018.026000 0.246189
4018.714000 0.246055
4019.401000 0.245921
4020.089000 0.245788
4020.776000 0.245669
4021.464000 0.245544
4022.152000 0.245414
4022.840000 0.245284
4023.528000 0.245154
4024.217000 0.245024
4024.905000 0.244894
4025.593000 0.244764
4026.282000 0.244633
4026.971000 0.244503
4027.660000 0.244372
4028.349000 0.244242
4029.038000 0.244112
4029.727000 0.243981
4030.416000 0.243848
4031.106000 0.243713
4031.795000 0.243575
4032.485000 0.243437
4033.175000 0.243299
4033.865000 0.243160
4034.555000 0.243022
4035.245000 0.242884
4035.935000 0.242745
4036.625000 0.242607
4037.316000 0.242468
4038.007000 0.242329
4038.698000 0.242191
4039.388000 0.242052
4040.079000 0.241913
4040.770000 0.241774
4041.462000 0.241652
4042.153000 0.241550
4042.844000 0.241447
4043.536000 0.241345
4044.228000 0.241242
4044.919000 0.241140
4045.611000 0.241037
4046.303000 0.240934
4046.996000 0.240832
4047.688000 0.240729
4048.380000 0.240626
4049.073000 0.240523
4049.765000 0.240420
4050.458000 0.240327
4051.151000 0.240239
4051.844000 0.240232
4052.537000 0.240226
4053.230000 0.240219
4053.924000 0.240213
4054.617000 0.240206
4055.311000 0.240200
4056.005000 0.240193
4056.698000 0.240187
4057.392000 0.240180
4058.086000 0.240173
4058.781000 0.240167
4059.475000 0.240160
4060.169000 0.240150
4060.864000 0.240129
4061.559000 0.240120
4062.253000 0.240119
4062.948000 0.240118
4063.643000 0.240117
4064.338000 0.240116
4065.034000 0.240115
4065.729000 0.240114
4066.425000 0.240113
4067.120000 0.240112
4067.816000 0.240111
4068.512000 0.240111
4069.208000 0.240110
4069.904000 0.240109
4070.600000 0.240107
4071.296000 0.240116
4071.993000 0.240162
4072.689000 0.240208
4073.386000 0.240255
4074.083000 0.240301
4074.780000 0.240347
4075.477000 0.240393
4076.174000 0.240439
4076.871000 0.240485
4077.569000 0.240532
4078.266000 0.240578
4078.964000 0.240624
4079.661000 0.240671
4080.359000 0.240724
4081.057000 0.240785
4081.755000 0.240861
4082.454000 0.240939
4083.152000 0.241017
4083.851000 0.241095
4084.549000 0.241174
4085.248000 0.241252
4085.947000 0.241330
4086.646000 0.241409
4087.345000 0.241487
4088.044000 0.241565
4088.743000 0.241644
4089.443000 0.241723
4090.142000 0.241798
4090.842000 0.241862
4091.542000 0.241922
4092.241000 0.241978
4092.941000 0.242035
4093.642000 0.242091
4094.342000 0.242148
4095.042000 0.242205
4095.743000 0.242261
4096.443000 0.242318
4097.144000 0.242375
4097.845000 0.242431
4098.546000 0.242488
4099.247000 0.242545
4099.948000 0.242601
4100.650000 0.242658
4101.351000 0.242713
4102.053000 0.242766
4102.754000 0.242818
4103.457000 0.242870
4104.158000 0.242922
4104.860000 0.242974
4105.562000 0.243026
4106.265000 0.243079
4106.967000 0.243131
4107.670000 0.243183
4108.373000 0.243235
4109.075000 0.243288
4109.778000 0.243340
4110.481000 0.243402
4111.184000 0.243467
4111.888000 0.243485
4112.591000 0.243503
4113.294000 0.243521
4113.998000 0.243539
4114.702000 0.243557
4115.406000 0.243575
4116.110000 0.243593
4116.814000 0.243611
4117.518000 0.243629
4118.223000 0.243647
4118.927000 0.243665
4119.631000 0.243683
4120.336000 0.243694
4121.041000 0.243697
4121.746000 0.243687
4122.451000 0.243674
4123.156000 0.243662
4123.861000 0.243649
4124.567000 0.243636
4125.272000 0.243623
4125.978000 0.243611
4126.684000 0.243598
4127.390000 0.243585
4128.096000 0.243572
4128.802000 0.243560
4129.508000 0.243547
4130.215000 0.243534
4130.921000 0.243521
4131.628000 0.243478
4132.335000 0.243419
4133.042000 0.243360
4133.749000 0.243301
4134.456000 0.243241
4135.163000 0.243182
4135.871000 0.243123
4136.578000 0.243063
4137.286000 0.243004
4137.993000 0.242945
4138.701000 0.242886
4139.409000 0.242826
4140.117000 0.242767
4140.825000 0.242707
4141.534000 0.242650
4142.242000 0.242596
4142.951000 0.242542
4143.660000 0.242488
4144.368000 0.242433
4145.077000 0.242379
4145.786000 0.242325
4146.496000 0.242270
4147.205000 0.242216
4147.914000 0.242162
4148.624000 0.242108
4149.333000 0.242053
4150.043000 0.241999
4150.753000 0.241960
4151.463000 0.241925
4152.173000 0.241898
4152.884000 0.241872
4153.594000 0.241845
4154.305000 0.241818
4155.015000 0.241791
4155.726000 0.241764
4156.437000 0.241738
4157.148000 0.241711
4157.859000 0.241684
4158.570000 0.241657
4159.282000 0.241630
4159.993000 0.241603
4160.705000 0.241561
4161.417000 0.241521
4162.128000 0.241484
4162.840000 0.241448
4163.552000 0.241411
4164.265000 0.241374
4164.977000 0.241338
4165.689000 0.241301
4166.402000 0.241264
4167.115000 0.241227
4167.828000 0.241190
4168.541000 0.241154
4169.253000 0.241117
4169.967000 0.241080
4170.680000 0.241043
4171.394000 0.241023
4172.107000 0.241041
4172.821000 0.241060
4173.535000 0.241079
4174.249000 0.241097
4174.962000 0.241116
4175.677000 0.241135
4176.391000 0.241154
4177.105000 0.241172
4177.820000 0.241191
4178.535000 0.241210
4179.250000 0.241228
4179.964000 0.241247
4180.680000 0.241280
4181.395000 0.241316
4182.110000 0.241358
4182.825000 0.241399
4183.541000 0.241441
4184.256000 0.241483
4184.972000 0.241525
4185.688000 0.241567
4186.404000 0.241609
4187.120000 0.241651
4187.836000 0.241693
4188.553000 0.241734
4189.270000 0.241777
4189.986000 0.241818
4190.703000 0.241846
4191.419000 0.241884
4192.137000 0.241946
4192.854000 0.242008
4193.571000 0.242070
4194.289000 0.242132
4195.006000 0.242194
4195.724000 0.242256
4196.441000 0.242318
4197.159000 0.242379
4197.877000 0.242442
4198.595000 0.242504
4199.313000 0.242565
4200.032000 0.242627
4200.750000 0.242690
4201.469000 0.242756
4202.187000 0.242829
4202.906000 0.242902
4203.625000 0.242975
4204.344000 0.243049
4205.063000 0.243122
4205.783000 0.243195
4206.502000 0.243268
4207.222000 0.243342
4207.941000 0.243415
4208.662000 0.243488
4209.381000 0.243562
4210.102000 0.243635
4210.822000 0.243708
4211.542000 0.243777
4212.262000 0.243841
4212.983000 0.243904
4213.704000 0.243968
4214.424000 0.244032
4215.146000 0.244096
4215.866000 0.244160
4216.587000 0.244224
4217.309000 0.244287
4218.030000 0.244351
4218.752000 0.244415
4219.474000 0.244479
4220.195000 0.244547
4220.917000 0.244626
4221.639000 0.244701
4222.361000 0.244774
4223.083000 0.244846
4223.806000 0.244918
4224.529000 0.244990
4225.251000 0.245063
4225.974000 0.245135
4226.697000 0.245208
4227.420000 0.245280
4228.143000 0.245353
4228.866000 0.245425
4229.590000 0.245498
4230.313000 0.245561
4231.037000 0.245611
4231.761000 0.245627
4232.485000 0.245634
4233.208000 0.245640
4233.933000 0.245647
4234.657000 0.245653
4235.381000 0.245660
4236.106000 0.245666
4236.831000 0.245673
4237.555000 0.245679
4238.280000 0.245686
4239.005000 0.245692
4239.730000 0.245698
4240.456000 0.245705
4241.181000 0.245711
4241.907000 0.245695
4242.632000 0.245679
4243.358000 0.245662
4244.084000 0.245646
4244.810000 0.245629
4245.536000 0.245612
4246.262000 0.245596
4246.989000 0.245579
4247.715000 0.245563
4248.442000 0.245546
4249.168000 0.245530
4249.896000 0.245513
4250.622000 0.245509
4251.350000 0.245501
4252.077000 0.245468
4252.804000 0.245435
4253.532000 0.245402
4254.259000 0.245369
4254.987000 0.245336
4255.715000 0.245303
4256.443000 0.245270
4257.171000 0.245236
4257.899000 0.245203
4258.627000 0.245170
4259.356000 0.245137
4260.084000 0.245102
4260.813000 0.245053
4261.542000 0.244989
4262.271000 0.244907
4263.000000 0.244825
4263.729000 0.244743
4264.459000 0.244662
4265.188000 0.244580
4265.918000 0.244498
4266.647000 0.244416
4267.377000 0.244334
4268.107000 0.244252
4268.837000 0.244170
4269.568000 0.244088
4270.298000 0.244005
4271.029000 0.243923
4271.759000 0.243822
4272.490000 0.243716
4273.221000 0.243609
4273.952000 0.243502
4274.683000 0.243395
4275.414000 0.243288
4276.146000 0.243181
4276.877000 0.243075
4277.609000 0.242968
4278.340000 0.242861
4279.072000 0.242754
4279.804000 0.242646
4280.537000 0.242539
4281.269000 0.242431
4282.001000 0.242312
4282.733000 0.242194
4283.466000 0.242075
4284.199000 0.241956
4284.932000 0.241838
4285.665000 0.241719
4286.398000 0.241600
4287.131000 0.241481
4287.864000 0.241362
4288.598000 0.241243
4289.332000 0.241124
4290.065000 0.241007
4290.799000 0.240903
4291.533000 0.240803
4292.267000 0.240710
4293.001000 0.240617
4293.736000 0.240523
4294.470000 0.240430
4295.205000 0.240336
4295.940000 0.240243
4296.675000 0.240149
4297.410000 0.240055
4298.145000 0.239962
4298.880000 0.239868
4299.615000 0.239774
4300.351000 0.239673
4301.086000 0.239564
4301.822000 0.239414
4302.558000 0.239255
4303.294000 0.239097
4304.030000 0.238938
4304.767000 0.238780
4305.503000 0.238621
4306.239000 0.238462
4306.976000 0.238304
4307.713000 0.238145
4308.450000 0.237986
4309.187000 0.237827
4309.924000 0.237668
4310.661000 0.237509
4311.398000 0.237358
4312.136000 0.237229
4312.874000 0.237101
4313.611000 0.236972
4314.349000 0.236844
4315.087000 0.236715
4315.826000 0.236586
4316.564000 0.236458
4317.302000 0.236329
4318.041000 0.236200
4318.779000 0.236071
4319.518000 0.235943
4320.257000 0.235814
4320.996000 0.235685
4321.735000 0.235583
4322.475000 0.235493
4323.214000 0.235403
4323.954000 0.235313
4324.693000 0.235223
4325.433000 0.235132
4326.173000 0.235042
4326.913000 0.234952
4327.653000 0.234861
4328.394000 0.234771
4329.134000 0.234681
4329.875000 0.234590
4330.615000 0.234512
4331.356000 0.234456
4332.097000 0.234486
4332.838000 0.234516
4333.579000 0.234545
4334.320000 0.234575
4335.062000 0.234605
4335.803000 0.234635
4336.545000 0.234665
4337.287000 0.234695
4338.029000 0.234725
4338.771000 0.234754
4339.513000 0.234784
4340.255000 0.234809
4340.998000 0.234824
4341.740000 0.234963
4342.483000 0.235156
4343.226000 0.235350
4343.969000 0.235543
4344.712000 0.235736
4345.455000 0.235929
4346.199000 0.236122
4346.942000 0.236315
4347.686000 0.236509
4348.429000 0.236702
4349.173000 0.236896
4349.917000 0.237089
4350.661000 0.237283
4351.405000 0.237505
4352.150000 0.237818
4352.895000 0.238130
4353.639000 0.238443
4354.384000 0.238756
4355.128000 0.239068
4355.874000 0.239381
4356.619000 0.239694
4357.364000 0.240007
4358.109000 0.240321
4358.855000 0.240634
4359.601000 0.240947
4360.346000 0.241261
4361.092000 0.241574
4361.838000 0.241722
4362.584000 0.241835
4363.331000 0.241947
4364.077000 0.242060
4364.823000 0.242172
4365.570000 0.242285
4366.317000 0.242397
4367.064000 0.242510
4367.811000 0.242623
4368.558000 0.242735
4369.305000 0.242848
4370.053000 0.242962
4370.800000 0.243090
4371.548000 0.242795
4372.296000 0.241935
4373.043000 0.241075
4373.792000 0.240214
4374.540000 0.239352
4375.288000 0.238490
4376.037000 0.237628
4376.785000 0.236765
4377.534000 0.235902
4378.283000 0.235039
4379.032000 0.234175
4379.781000 0.233311
4380.530000 0.232436
4381.279000 0.231437
4382.029000 0.228720
4382.778000 0.226004
4383.528000 0.223285
4384.278000 0.220568
4385.028000 0.217848
4385.778000 0.215126
4386.528000 0.212406
4387.279000 0.209683
4388.029000 0.206960
4388.780000 0.204237
4389.531000 0.201511
4390.282000 0.198785
4391.033000 0.196059
4391.784000 0.192253
4392.535000 0.188051
4393.286000 0.183851
4394.038000 0.179645
4394.790000 0.175440
4395.542000 0.171233
4396.293000 0.167028
4397.045000 0.162816
4397.797000 0.158607
4398.550000 0.154394
4399.302000 0.150181
4400.055000 0.145967
4400.807000 0.141752
4401.560000 0.137593
4402.313000 0.133509
4403.066000 0.129423
4403.819000 0.125338
4404.573000 0.121251
4405.326000 0.117163
4406.080000 0.113074
4406.833000 0.108981
4407.587000 0.104889
4408.341000 0.100795
4409.095000 0.096701
4409.850000 0.092604
4410.604000 0.088506
4411.358000 0.084594
4412.113000 0.081668
4412.868000 0.078743
4413.623000 0.075816
4414.377000 0.072888
4415.133000 0.069958
4415.888000 0.067028
4416.644000 0.064097
4417.399000 0.061166
4418.155000 0.058232
4418.911000 0.055298
4419.667000 0.052364
4420.422000 0.049431
4421.179000 0.046496
4421.935000 0.044701
4422.691000 0.043008
4423.448000 0.041315
4424.205000 0.039620
4424.961000 0.037925
4425.718000 0.036229
4426.475000 0.034532
4427.232000 0.032835
4427.990000 0.031136
4428.747000 0.029437
4429.505000 0.027737
4430.263000 0.026036
4431.021000 0.024334
4431.778000 0.023228
4432.537000 0.022372
4433.295000 0.021516
4434.053000 0.020660
4434.812000 0.019803
4435.570000 0.018946
4436.329000 0.018089
4437.088000 0.017231
4437.847000 0.016373
4438.606000 0.015515
4439.365000 0.014656
4440.125000 0.013797
4440.884000 0.012938
4441.644000 0.012306
4442.404000 0.011880
4443.164000 0.011455
4443.924000 0.011030
4444.684000 0.010604
4445.444000 0.010178
4446.205000 0.009752
4446.965000 0.009326
4447.726000 0.008900
4448.487000 0.008473
4449.248000 0.008047
4450.009000 0.007620
4450.770000 0.007193
4451.531000 0.006841
4452.293000 0.006615
4453.055000 0.006389
4453.816000 0.006163
4454.578000 0.005938
4455.340000 0.005711
4456.103000 0.005485
4456.865000 0.005259
4457.627000 0.005033
4458.390000 0.004806
4459.152000 0.004580
4459.915000 0.004353
4460.678000 0.004127
4461.441000 0.003926
4462.204000 0.003802
4462.967000 0.003677
4463.731000 0.003553
4464.495000 0.003428
4465.258000 0.003304
4466.022000 0.003180
4466.786000 0.003055
4467.550000 0.002930
4468.314000 0.002806
4469.079000 0.002681
4469.843000 0.002556
4470.608000 0.002431
4471.373000 0.002314
4472.138000 0.002245
4472.902000 0.002176
4473.667000 0.002107
4474.433000 0.002037
4475.198000 0.001968
4475.964000 0.001898
4476.729000 0.001829
4477.495000 0.001759
4478.261000 0.001690
4479.027000 0.001620
4479.793000 0.001551
4480.560000 0.001481
4481.326000 0.001414
4482.093000 0.001375
4482.859000 0.001335
4483.626000 0.001296
4484.394000 0.001256
4485.161000 0.001217
4485.928000 0.001177
4486.695000 0.001138
4487.462000 0.001098
4488.230000 0.001059
4488.998000 0.001019
4489.766000 0.000979
4490.534000 0.000940
4491.302000 0.000901
4492.070000 0.000878
4492.839000 0.000854
4493.607000 0.000830
4494.376000 0.000807
4495.145000 0.000783
4495.914000 0.000760
4496.683000 0.000736
4497.452000 0.000712
4498.222000 0.000689
4498.991000 0.000665
4499.761000 0.000641
4500.530000 0.000618
4501.300000 0.000594
4502.070000 0.000578
4502.840000 0.000562
4503.610000 0.000546
4504.381000 0.000530
4505.151000 0.000514
4505.922000 0.000498
4506.693000 0.000482
4507.464000 0.000465
4508.235000 0.000449
4509.006000 0.000433
4509.777000 0.000417
4510.549000 0.000401
