3918.829000 0.000404
3919.499000 0.000421
3920.170000 0.000438
3920.840000 0.000455
3921.511000 0.000485
3922.182000 0.000524
3922.853000 0.000563
3923.524000 0.000602
3924.196000 0.000641
3924.867000 0.000680
3925.539000 0.000719
3926.210000 0.000758
3926.882000 0.000798
3927.554000 0.000837
3928.226000 0.000876
3928.898000 0.000915
3929.570000 0.000954
3930.242000 0.000994
3930.915000 0.001033
3931.587000 0.001107
3932.260000 0.001195
3932.933000 0.001283
3933.606000 0.001371
3934.279000 0.001460
3934.952000 0.001548
3935.625000 0.001637
3936.299000 0.001725
3936.972000 0.001814
3937.646000 0.001903
3938.319000 0.001991
3938.993000 0.002080
3939.667000 0.002169
3940.341000 0.002258
3941.015000 0.002347
3941.690000 0.002522
3942.364000 0.002712
3943.039000 0.002902
3943.713000 0.003093
3944.388000 0.003283
3945.063000 0.003474
3945.738000 0.003665
3946.413000 0.003856
3947.088000 0.004047
3947.763000 0.004238
3948.439000 0.004430
3949.115000 0.004622
3949.790000 0.004813
3950.466000 0.005005
3951.142000 0.005204
3951.818000 0.005589
3952.494000 0.005974
3953.170000 0.006360
3953.846000 0.006745
3954.523000 0.007131
3955.200000 0.007518
3955.876000 0.007905
3956.553000 0.008292
3957.230000 0.008679
3957.907000 0.009067
3958.584000 0.009455
3959.262000 0.009843
3959.939000 0.010231
3960.617000 0.010621
3961.294000 0.011093
3961.972000 0.011803
3962.650000 0.012514
3963.328000 0.013225
3964.006000 0.013937
3964.684000 0.014650
3965.363000 0.015363
3966.041000 0.016077
3966.719000 0.016792
3967.398000 0.017507
3968.077000 0.018223
3968.756000 0.018940
3969.435000 0.019658
3970.114000 0.020375
3970.793000 0.021093
3971.473000 0.022023
3972.152000 0.023156
3972.832000 0.024290
3973.511000 0.025424
3974.191000 0.026559
3974.871000 0.027696
3975.552000 0.028833
3976.232000 0.029971
3976.912000 0.031110
3977.592000 0.032250
3978.273000 0.033391
3978.954000 0.034533
3979.634000 0.035675
3980.315000 0.036819
3980.996000 0.037963
3981.677000 0.039351
3982.359000 0.040796
3983.040000 0.042242
3983.721000 0.043689
3984.403000 0.045138
3985.085000 0.046588
3985.767000 0.048039
3986.448000 0.049491
3987.131000 0.050944
3987.813000 0.052399
3988.495000 0.053855
3989.177000 0.055311
3989.860000 0.056769
3990.543000 0.058231
3991.225000 0.059711
3991.908000 0.061289
3992.591000 0.062868
3993.274000 0.064449
3993.958000 0.066031
3994.641000 0.067615
3995.324000 0.069200
3996.008000 0.070787
3996.692000 0.072374
3997.375000 0.073964
3998.060000 0.075555
3998.743000 0.077147
3999.428000 0.078741
4000.112000 0.080333
4000.796000 0.081904
4001.481000 0.083461
4002.166000 0.085002
4002.850000 0.086544
4003.535000 0.088086
4004.220000 0.089629
4004.905000 0.091172
4005.590000 0.092716
4006.276000 0.094260
4006.961000 0.095805
4007.647000 0.097350
4008.333000 0.098896
4009.018000 0.100442
4009.704000 0.101989
4010.390000 0.103536
4011.076000 0.105084
4011.763000 0.106415
4012.449000 0.107727
4013.135000 0.109039
4013.822000 0.110352
4014.509000 0.111665
4015.196000 0.112979
4015.883000 0.114293
4016.570000 0.115607
4017.257000 0.116922
4017.944000 0.118237
4018.632000 0.119553
4019.319000 0.120869
4020.007000 0.122185
4020.695000 0.123509
4021.383000 0.124733
4022.071000 0.125778
4022.759000 0.126823
4023.447000 0.127868
4024.136000 0.128914
4024.824000 0.129960
4025.513000 0.131007
4026.202000 0.132054
4026.890000 0.133102
4027.579000 0.134150
4028.269000 0.135199
4028.958000 0.136247
4029.647000 0.137297
4030.336000 0.138346
4031.026000 0.139394
4031.716000 0.140230
4032.406000 0.141024
4033.095000 0.141819
4033.785000 0.142615
4034.476000 0.143411
4035.166000 0.144207
4035.856000 0.145003
4036.547000 0.145800
4037.238000 0.146597
4037.928000 0.147394
4038.619000 0.148192
4039.310000 0.148990
4040.001000 0.149788
4040.692000 0.150586
4041.384000 0.151314
4042.075000 0.151908
4042.767000 0.152503
4043.458000 0.153097
4044.150000 0.153693
4044.842000 0.154288
4045.534000 0.154883
4046.227000 0.155479
4046.919000 0.156075
4047.611000 0.156671
4048.304000 0.157268
4048.996000 0.157865
4049.689000 0.158462
4050.382000 0.159064
4051.075000 0.159671
4051.768000 0.160130
4052.461000 0.160574
4053.155000 0.161017
4053.848000 0.161461
4054.542000 0.161905
4055.235000 0.162350
4055.929000 0.162794
4056.623000 0.163239
4057.317000 0.163684
4058.011000 0.164129
4058.706000 0.164574
4059.400000 0.165020
4060.095000 0.165464
4060.789000 0.165900
4061.484000 0.166288
4062.179000 0.166625
4062.874000 0.166963
4063.569000 0.167300
4064.264000 0.167638
4064.960000 0.167975
4065.655000 0.168313
4066.351000 0.168651
4067.047000 0.168989
4067.742000 0.169327
4068.438000 0.169666
4069.135000 0.170004
4069.831000 0.170343
4070.527000 0.170682
4071.224000 0.171013
4071.920000 0.171283
4072.617000 0.171552
4073.314000 0.171822
4074.010000 0.172092
4074.708000 0.172362
4075.405000 0.172633
4076.102000 0.172903
4076.799000 0.173173
4077.497000 0.173444
4078.195000 0.173714
4078.892000 0.173985
4079.590000 0.174256
4080.288000 0.174531
4080.986000 0.174813
4081.685000 0.175048
4082.383000 0.175268
4083.081000 0.175489
4083.780000 0.175710
4084.479000 0.175931
4085.177000 0.176151
4085.876000 0.176373
4086.575000 0.176594
4087.275000 0.176815
4087.974000 0.177037
4088.673000 0.177258
4089.373000 0.177480
4090.073000 0.177700
4090.772000 0.177911
4091.472000 0.178116
4092.172000 0.178312
4092.873000 0.178509
4093.573000 0.178705
4094.273000 0.178902
4094.974000 0.179098
4095.674000 0.179295
4096.375000 0.179492
4097.076000 0.179689
4097.777000 0.179886
4098.478000 0.180083
4099.179000 0.180280
4099.881000 0.180478
4100.582000 0.180675
4101.284000 0.180863
4101.985000 0.181011
4102.687000 0.181159
4103.389000 0.181307
4104.091000 0.181456
4104.793000 0.181604
4105.496000 0.181752
4106.198000 0.181901
4106.901000 0.182049
4107.604000 0.182198
4108.306000 0.182346
4109.009000 0.182495
4109.712000 0.182644
4110.415000 0.182799
4111.119000 0.182958
4111.822000 0.183106
4112.525000 0.183252
4113.229000 0.183399
4113.933000 0.183546
4114.637000 0.183693
4115.341000 0.183839
4116.045000 0.183986
4116.749000 0.184133
4117.453000 0.184280
4118.158000 0.184427
4118.862000 0.184575
4119.567000 0.184722
4120.272000 0.184865
4120.977000 0.185001
4121.682000 0.185148
4122.387000 0.185299
4123.092000 0.185450
4123.798000 0.185601
4124.503000 0.185752
4125.209000 0.185903
4125.915000 0.186054
4126.621000 0.186206
4127.327000 0.186357
4128.033000 0.186508
4128.739000 0.186660
4129.446000 0.186811
4130.152000 0.186963
4130.859000 0.187114
4131.566000 0.187255
4132.272000 0.187387
4132.979000 0.187520
4133.687000 0.187652
4134.394000 0.187784
4135.102000 0.187917
4135.809000 0.188049
4136.517000 0.188182
4137.224000 0.188314
4137.932000 0.188447
4138.640000 0.188580
4139.348000 0.188712
4140.057000 0.188845
4140.765000 0.188978
4141.473000 0.189125
4142.182000 0.189292
4142.891000 0.189458
4143.599000 0.189625
4144.308000 0.189791
4145.018000 0.189958
4145.727000 0.190125
4146.436000 0.190292
4147.146000 0.190458
4147.855000 0.190625
4148.564000 0.190792
4149.274000 0.190959
4149.984000 0.191127
4150.694000 0.191305
4151.404000 0.191486
4152.115000 0.191670
4152.825000 0.191855
4153.536000 0.192039
4154.246000 0.192224
4154.957000 0.192408
4155.668000 0.192593
4156.379000 0.192778
4157.090000 0.192963
4157.801000 0.193148
4158.513000 0.193333
4159.224000 0.193518
4159.936000 0.193704
4160.647000 0.193878
4161.359000 0.194057
4162.071000 0.194251
4162.784000 0.194445
4163.496000 0.194639
4164.208000 0.194833
4164.920000 0.195027
4165.633000 0.195221
4166.346000 0.195415
4167.059000 0.195610
4167.771000 0.195804
4168.485000 0.195999
4169.198000 0.196193
4169.911000 0.196388
4170.625000 0.196582
4171.338000 0.196782
4172.052000 0.197000
4172.766000 0.197218
4173.480000 0.197437
4174.194000 0.197655
4174.908000 0.197873
4175.623000 0.198092
4176.337000 0.198310
4177.051000 0.198529
4177.766000 0.198747
4178.481000 0.198966
4179.196000 0.199185
4179.911000 0.199404
4180.626000 0.199633
4181.341000 0.199861
4182.057000 0.200077
4182.772000 0.200293
4183.488000 0.200509
4184.204000 0.200726
4184.919000 0.200942
4185.635000 0.201158
4186.352000 0.201375
4187.068000 0.201591
4187.784000 0.201808
4188.500000 0.202025
4189.217000 0.202242
4189.934000 0.202459
4190.651000 0.202665
4191.368000 0.202868
4192.085000 0.203069
4192.802000 0.203271
4193.520000 0.203472
4194.237000 0.203673
4194.955000 0.203875
4195.672000 0.204076
4196.391000 0.204278
4197.108000 0.204479
4197.827000 0.204681
4198.545000 0.204883
4199.263000 0.205085
4199.981000 0.205287
4200.700000 0.205488
4201.419000 0.205684
4202.138000 0.205867
4202.856000 0.206049
4203.576000 0.206232
4204.295000 0.206415
4205.014000 0.206597
4205.734000 0.206780
4206.453000 0.206963
4207.173000 0.207146
4207.893000 0.207329
4208.613000 0.207512
4209.333000 0.207695
4210.053000 0.207879
4210.773000 0.208062
4211.494000 0.208232
4212.214000 0.208386
4212.935000 0.208539
4213.656000 0.208693
4214.377000 0.208846
4215.098000 0.209000
4215.819000 0.209153
4216.541000 0.209307
4217.262000 0.209461
4217.983000 0.209615
4218.705000 0.209769
4219.427000 0.209923
4220.149000 0.210080
4220.871000 0.210247
4221.593000 0.210394
4222.315000 0.210526
4223.038000 0.210658
4223.760000 0.210790
4224.483000 0.210923
4225.206000 0.211055
4225.929000 0.211187
4226.651000 0.211320
4227.375000 0.211452
4228.098000 0.211585
4228.821000 0.211717
4229.545000 0.211850
4230.269000 0.211976
4230.992000 0.212089
4231.716000 0.212163
4232.440000 0.212222
4233.165000 0.212280
4233.889000 0.212339
4234.613000 0.212398
4235.337000 0.212456
4236.062000 0.212515
4236.787000 0.212574
4237.512000 0.212632
4238.237000 0.212691
4238.962000 0.212750
4239.688000 0.212809
4240.413000 0.212867
4241.138000 0.212926
4241.864000 0.212955
4242.590000 0.212981
4243.315000 0.213007
4244.042000 0.213034
4244.768000 0.213060
4245.494000 0.213086
4246.220000 0.213112
4246.947000 0.213139
4247.673000 0.213165
4248.400000 0.213191
4249.127000 0.213218
4249.854000 0.213244
4250.581000 0.213281
4251.309000 0.213315
4252.036000 0.213322
4252.763000 0.213330
4253.491000 0.213337
4254.219000 0.213344
4254.947000 0.213351
4255.674000 0.213358
4256.403000 0.213365
4257.131000 0.213372
4257.859000 0.213380
4258.588000 0.213387
4259.316000 0.213394
4260.045000 0.213400
4260.774000 0.213394
4261.503000 0.213385
4262.232000 0.213372
4262.961000 0.213359
4263.691000 0.213346
4264.420000 0.213333
4265.150000 0.213320
4265.879000 0.213307
4266.609000 0.213294
4267.339000 0.213281
4268.070000 0.213268
4268.800000 0.213255
4269.530000 0.213243
4270.261000 0.213229
4270.991000 0.213216
4271.722000 0.213199
4272.453000 0.213178
4273.184000 0.213159
4273.915000 0.213139
4274.646000 0.213119
4275.377000 0.213099
4276.109000 0.213079
4276.841000 0.213059
4277.573000 0.213039
4278.304000 0.213019
4279.036000 0.212999
4279.769000 0.212979
4280.501000 0.212958
4281.233000 0.212940
4281.966000 0.212965
4282.698000 0.212991
4283.431000 0.213016
4284.164000 0.213041
4284.897000 0.213066
4285.630000 0.213092
4286.363000 0.213117
4287.097000 0.213142
4287.830000 0.213168
4288.563000 0.213193
4289.297000 0.213218
4290.031000 0.213244
4290.765000 0.213283
4291.500000 0.213335
4292.234000 0.213407
4292.968000 0.213479
4293.703000 0.213551
4294.437000 0.213623
4295.172000 0.213695
4295.907000 0.213767
4296.642000 0.213839
4297.377000 0.213911
4298.112000 0.213983
4298.848000 0.214056
4299.583000 0.214128
4300.319000 0.214194
4301.055000 0.214253
4301.791000 0.214349
4302.526000 0.214455
4303.263000 0.214561
4303.999000 0.214668
4304.735000 0.214774
4305.472000 0.214880
4306.208000 0.214987
4306.945000 0.215093
4307.682000 0.215199
4308.419000 0.215306
4309.156000 0.215412
4309.894000 0.215519
4310.631000 0.215625
4311.369000 0.215741
4312.106000 0.215891
4312.844000 0.216041
4313.582000 0.216192
4314.320000 0.216342
4315.058000 0.216493
4315.796000 0.216643
4316.535000 0.216793
4317.273000 0.216944
4318.012000 0.217094
4318.750000 0.217245
4319.490000 0.217396
4320.229000 0.217546
4320.968000 0.217697
4321.707000 0.217863
4322.446000 0.218037
4323.186000 0.218210
4323.926000 0.218384
4324.666000 0.218558
4325.405000 0.218731
4326.146000 0.218905
4326.886000 0.219079
4327.626000 0.219253
4328.366000 0.219427
4329.107000 0.219601
4329.848000 0.219776
4330.588000 0.219961
4331.330000 0.220152
4332.070000 0.220361
4332.812000 0.220570
4333.553000 0.220779
4334.294000 0.220988
4335.036000 0.221197
4335.778000 0.221407
4336.520000 0.221616
4337.261000 0.221825
4338.003000 0.222035
4338.746000 0.222245
4339.488000 0.222454
4340.230000 0.222660
4340.973000 0.222856
4341.716000 0.223038
4342.458000 0.223215
4343.202000 0.223392
4343.945000 0.223569
4344.688000 0.223745
4345.431000 0.223922
4346.175000 0.224099
4346.918000 0.224276
4347.662000 0.224453
4348.406000 0.224630
4349.150000 0.224807
4349.894000 0.224984
4350.638000 0.225161
4351.383000 0.225331
4352.127000 0.225472
4352.872000 0.225614
4353.617000 0.225755
4354.361000 0.225897
4355.106000 0.226039
4355.852000 0.226180
4356.597000 0.226322
4357.342000 0.226464
4358.088000 0.226606
4358.833000 0.226747
4359.579000 0.226889
4360.325000 0.227031
4361.071000 0.227173
4361.817000 0.227288
4362.563000 0.227395
4363.310000 0.227503
4364.057000 0.227610
4364.803000 0.227718
4365.550000 0.227825
4366.297000 0.227933
4367.044000 0.228041
4367.791000 0.228148
4368.539000 0.228256
4369.286000 0.228364
4370.034000 0.228472
4370.781000 0.228595
4371.529000 0.228693
4372.277000 0.228758
4373.025000 0.228822
4373.773000 0.228886
4374.521000 0.228950
4375.270000 0.229014
4376.019000 0.229078
4376.767000 0.229142
4377.516000 0.229206
4378.265000 0.229270
4379.014000 0.229334
4379.763000 0.229399
4380.513000 0.229453
4381.262000 0.229501
4382.012000 0.229525
4382.762000 0.229548
4383.511000 0.229572
4384.261000 0.229595
4385.012000 0.229618
4385.762000 0.229642
4386.512000 0.229665
4387.263000 0.229688
4388.013000 0.229712
4388.764000 0.229735
4389.515000 0.229759
4390.266000 0.229782
4391.017000 0.229805
4391.769000 0.229805
4392.520000 0.229794
4393.271000 0.229784
4394.023000 0.229773
4394.775000 0.229763
4395.527000 0.229752
4396.279000 0.229742
4397.031000 0.229731
4397.783000 0.229721
4398.536000 0.229710
4399.289000 0.229700
4400.041000 0.229689
4400.794000 0.229679
4401.547000 0.229666
4402.300000 0.229651
4403.053000 0.229636
4403.807000 0.229621
4404.560000 0.229605
4405.313000 0.229590
4406.067000 0.229575
4406.821000 0.229559
4407.575000 0.229544
4408.329000 0.229529
4409.083000 0.229514
4409.838000 0.229498
4410.592000 0.229483
4411.347000 0.229472
4412.102000 0.229488
4412.856000 0.229503
4413.611000 0.229519
4414.367000 0.229535
4415.122000 0.229550
4415.877000 0.229566
4416.633000 0.229581
4417.389000 0.229597
4418.145000 0.229612
4418.900000 0.229628
4419.656000 0.229644
4420.413000 0.229667
4421.169000 0.229698
4421.925000 0.229753
4422.682000 0.229811
4423.438000 0.229869
4424.195000 0.229927
4424.952000 0.229985
4425.709000 0.230044
4426.467000 0.230102
4427.224000 0.230160
4427.981000 0.230218
4428.739000 0.230276
4429.497000 0.230334
4430.254000 0.230390
4431.013000 0.230440
4431.771000 0.230518
4432.529000 0.230610
4433.288000 0.230701
4434.046000 0.230793
4434.805000 0.230884
4435.563000 0.230975
4436.322000 0.231067
4437.081000 0.231158
4437.840000 0.231250
4438.600000 0.231341
4439.359000 0.231433
4440.119000 0.231525
4440.878000 0.231616
4441.638000 0.231731
4442.398000 0.231866
4443.158000 0.232002
4443.918000 0.232138
4444.679000 0.232274
4445.439000 0.232410
4446.200000 0.232546
4446.960000 0.232682
4447.721000 0.232819
4448.482000 0.232955
4449.243000 0.233091
4450.005000 0.233228
4450.766000 0.233364
4451.527000 0.233515
4452.289000 0.233691
4453.051000 0.233867
4453.813000 0.234043
4454.575000 0.234219
4455.337000 0.234396
4456.099000 0.234572
4456.862000 0.234748
4457.624000 0.234925
4458.387000 0.235101
4459.150000 0.235278
4459.913000 0.235455
4460.676000 0.235645
4461.439000 0.235841
4462.202000 0.236048
4462.966000 0.236256
4463.729000 0.236464
4464.493000 0.236672
4465.257000 0.236880
4466.021000 0.237088
4466.785000 0.237296
4467.549000 0.237505
4468.313000 0.237713
4469.078000 0.237921
4469.843000 0.238130
4470.607000 0.238326
4471.373000 0.238522
4472.137000 0.238730
4472.902000 0.238938
4473.668000 0.239147
4474.433000 0.239355
4475.199000 0.239564
4475.964000 0.239773
4476.730000 0.239981
4477.496000 0.240190
4478.262000 0.240399
4479.028000 0.240608
4479.795000 0.240817
4480.562000 0.241026
4481.328000 0.241234
4482.095000 0.241432
4482.861000 0.241629
4483.628000 0.241827
4484.396000 0.242025
4485.163000 0.242223
4485.930000 0.242421
4486.698000 0.242619
4487.465000 0.242817
4488.233000 0.243015
4489.001000 0.243214
4489.769000 0.243412
4490.538000 0.243610
4491.306000 0.243807
4492.074000 0.243975
4492.843000 0.244142
4493.611000 0.244310
4494.380000 0.244478
4495.149000 0.244645
4495.918000 0.244813
4496.687000 0.244981
4497.457000 0.245149
4498.227000 0.245317
4498.996000 0.245485
4499.766000 0.245654
4500.536000 0.245814
4501.306000 0.245969
4502.076000 0.246104
4502.846000 0.246238
4503.617000 0.246373
4504.387000 0.246507
4505.158000 0.246642
4505.929000 0.246777
4506.699000 0.246912
4507.471000 0.247047
4508.242000 0.247181
4509.013000 0.247316
4509.785000 0.247451
4510.556000 0.247598
4511.328000 0.247744
4512.100000 0.247840
4512.872000 0.247936
4513.644000 0.248032
4514.416000 0.248128
4515.188000 0.248224
4515.961000 0.248320
4516.734000 0.248416
4517.506000 0.248511
4518.279000 0.248608
4519.052000 0.248704
4519.826000 0.248800
4520.599000 0.248883
4521.373000 0.248961
4522.146000 0.249028
4522.919000 0.249095
4523.693000 0.249162
4524.467000 0.249229
4525.242000 0.249296
4526.016000 0.249363
4526.790000 0.249431
4527.565000 0.249498
4528.339000 0.249565
4529.114000 0.249632
4529.889000 0.249699
4530.664000 0.249766
4531.439000 0.249830
4532.214000 0.249880
4532.990000 0.249930
4533.766000 0.249980
4534.542000 0.250030
4535.317000 0.250080
4536.093000 0.250130
4536.869000 0.250180
4537.646000 0.250231
4538.422000 0.250281
4539.198000 0.250331
4539.975000 0.250381
4540.751000 0.250431
4541.529000 0.250476
4542.306000 0.250509
4543.083000 0.250542
4543.860000 0.250576
4544.638000 0.250609
4545.415000 0.250642
4546.193000 0.250676
4546.971000 0.250709
4547.749000 0.250743
4548.527000 0.250776
4549.305000 0.250809
4550.083000 0.250843
4550.862000 0.250876
4551.640000 0.250916
4552.419000 0.250964
4553.198000 0.251012
4553.977000 0.251060
4554.756000 0.251108
4555.536000 0.251156
4556.315000 0.251204
4557.095000 0.251252
4557.874000 0.251299
4558.654000 0.251347
4559.434000 0.251395
4560.214000 0.251448
4560.994000 0.251512
4561.775000 0.251565
4562.555000 0.251611
4563.336000 0.251656
4564.117000 0.251702
4564.897000 0.251747
4565.679000 0.251793
4566.459000 0.251839
4567.241000 0.251884
4568.022000 0.251930
4568.804000 0.251976
4569.585000 0.252021
4570.368000 0.252059
4571.149000 0.252088
4571.932000 0.252116
4572.714000 0.252144
4573.496000 0.252171
4574.279000 0.252199
4575.061000 0.252227
4575.844000 0.252254
4576.627000 0.252282
4577.410000 0.252310
4578.193000 0.252337
4578.977000 0.252365
4579.760000 0.252393
4580.543000 0.252420
4581.327000 0.252448
4582.111000 0.252473
4582.895000 0.252499
4583.679000 0.252524
4584.463000 0.252549
4585.248000 0.252574
4586.032000 0.252600
4586.817000 0.252625
4587.602000 0.252651
4588.387000 0.252676
4589.171000 0.252701
4589.957000 0.252727
4590.742000 0.252752
4591.527000 0.252770
4592.313000 0.252772
4593.099000 0.252774
4593.885000 0.252776
4594.671000 0.252778
4595.457000 0.252780
4596.243000 0.252782
4597.029000 0.252784
4597.816000 0.252786
4598.603000 0.252788
4599.390000 0.252790
4600.176000 0.252792
4600.963000 0.252794
4601.750000 0.252794
4602.538000 0.252792
4603.325000 0.252790
4604.113000 0.252789
4604.901000 0.252787
4605.688000 0.252786
4606.477000 0.252784
4607.265000 0.252782
4608.053000 0.252781
4608.841000 0.252779
4609.630000 0.252777
4610.419000 0.252785
4611.208000 0.252800
4611.997000 0.252772
4612.786000 0.252738
4613.575000 0.252705
4614.364000 0.252671
4615.154000 0.252638
4615.943000 0.252604
4616.733000 0.252570
4617.523000 0.252537
4618.313000 0.252503
4619.103000 0.252470
4619.894000 0.252436
4620.684000 0.252388
4621.475000 0.252335
4622.265000 0.252277
4623.056000 0.252219
4623.847000 0.252160
4624.638000 0.252102
4625.429000 0.252043
4626.221000 0.251985
4627.012000 0.251926
4627.804000 0.251868
4628.596000 0.251809
4629.388000 0.251751
4630.180000 0.251691
4630.972000 0.251628
4631.764000 0.251553
4632.557000 0.251470
4633.349000 0.251386
4634.142000 0.251303
4634.935000 0.251219
4635.728000 0.251136
4636.521000 0.251052
4637.314000 0.250968
4638.108000 0.250885
4638.901000 0.250801
4639.695000 0.250717
4640.489000 0.250634
4641.283000 0.250550
4642.077000 0.250466
4642.871000 0.250383
4643.666000 0.250299
4644.460000 0.250215
4645.255000 0.250131
4646.049000 0.250047
4646.844000 0.249964
4647.640000 0.249880
4648.435000 0.249796
4649.230000 0.249712
4650.025000 0.249628
4650.821000 0.249544
4651.617000 0.249460
4652.413000 0.249377
4653.208000 0.249293
4654.005000 0.249209
4654.801000 0.249125
4655.597000 0.249041
4656.394000 0.248957
4657.190000 0.248873
4657.987000 0.248789
4658.784000 0.248706
4659.582000 0.248622
4660.379000 0.248537
4661.176000 0.248453
4661.974000 0.248387
4662.771000 0.248325
4663.569000 0.248262
4664.367000 0.248199
4665.165000 0.248136
4665.963000 0.248073
4666.761000 0.248010
4667.560000 0.247948
4668.358000 0.247885
4669.157000 0.247822
4669.956000 0.247759
4670.755000 0.247712
4671.554000 0.247677
4672.354000 0.247667
4673.153000 0.247658
4673.953000 0.247648
4674.752000 0.247638
4675.552000 0.247628
4676.352000 0.247619
4677.152000 0.247609
4677.952000 0.247599
4678.753000 0.247589
4679.553000 0.247580
4680.354000 0.247562
4681.155000 0.247536
4681.956000 0.247527
4682.757000 0.247521
4683.558000 0.247516
4684.359000 0.247511
4685.161000 0.247505
4685.962000 0.247500
4686.764000 0.247495
4687.566000 0.247490
4688.368000 0.247484
4689.170000 0.247479
4689.972000 0.247474
4690.775000 0.247469
4691.577000 0.247483
4692.380000 0.247536
4693.183000 0.247590
4693.986000 0.247643
4694.789000 0.247696
4695.592000 0.247750
4696.396000 0.247804
4697.199000 0.247857
4698.003000 0.247911
4698.807000 0.247964
4699.610000 0.248018
4700.415000 0.248071
4701.219000 0.248125
4702.023000 0.248210
4702.828000 0.248299
4703.632000 0.248388
4704.437000 0.248477
4705.242000 0.248567
4706.047000 0.248656
4706.852000 0.248745
4707.658000 0.248835
4708.463000 0.248924
4709.269000 0.249013
4710.074000 0.249103
4710.880000 0.249192
4711.686000 0.249292
4712.492000 0.249403
4713.298000 0.249515
4714.105000 0.249626
4714.912000 0.249738
4715.718000 0.249849
4716.525000 0.249961
4717.332000 0.250072
4718.139000 0.250184
4718.946000 0.250296
4719.754000 0.250407
4720.562000 0.250519
4721.369000 0.250634
4722.177000 0.250788
4722.985000 0.250942
4723.793000 0.251096
4724.601000 0.251250
4725.409000 0.251405
4726.218000 0.251559
4727.026000 0.251714
4727.835000 0.251868
4728.644000 0.252022
4729.453000 0.252177
4730.262000 0.252332
4731.072000 0.252486
4731.881000 0.252629
4732.691000 0.252766
4733.500000 0.252903
4734.311000 0.253040
4735.121000 0.253177
4735.931000 0.253314
4736.741000 0.253452
4737.551000 0.253589
4738.362000 0.253726
4739.172000 0.253863
4739.983000 0.254001
4740.794000 0.254155
4741.605000 0.254313
4742.417000 0.254475
4743.228000 0.254637
4744.040000 0.254799
4744.852000 0.254962
4745.663000 0.255124
4746.475000 0.255286
4747.287000 0.255449
4748.100000 0.255611
4748.912000 0.255774
4749.725000 0.255937
4750.537000 0.256088
4751.350000 0.256233
4752.163000 0.256373
4752.976000 0.256514
4753.789000 0.256654
4754.603000 0.256795
4755.416000 0.256935
4756.229000 0.257076
4757.043000 0.257217
4757.857000 0.257358
4758.671000 0.257499
4759.485000 0.257639
4760.300000 0.257780
4761.114000 0.257921
4761.929000 0.258037
4762.744000 0.258145
4763.559000 0.258252
4764.374000 0.258360
4765.188000 0.258467
4766.004000 0.258575
4766.819000 0.258682
4767.635000 0.258790
4768.451000 0.258898
4769.267000 0.259005
4770.083000 0.259113
4770.898000 0.259221
4771.715000 0.259325
4772.531000 0.259427
4773.348000 0.259528
4774.165000 0.259629
4774.981000 0.259731
4775.798000 0.259832
4776.615000 0.259934
4777.433000 0.260035
4778.250000 0.260137
4779.067000 0.260238
4779.885000 0.260340
4780.703000 0.260441
4781.521000 0.260531
4782.339000 0.260579
4783.157000 0.260626
4783.976000 0.260674
4784.794000 0.260722
4785.613000 0.260770
4786.432000 0.260817
4787.250000 0.260865
4788.070000 0.260913
4788.889000 0.260961
4789.708000 0.261009
4790.528000 0.261057
4791.347000 0.261105
4792.167000 0.261167
4792.987000 0.261229
4793.807000 0.261292
4794.627000 0.261354
4795.448000 0.261417
4796.268000 0.261479
4797.089000 0.261541
4797.910000 0.261604
4798.730000 0.261667
4799.551000 0.261729
4800.373000 0.261792
4801.194000 0.261854
4802.016000 0.261896
4802.837000 0.261935
4803.659000 0.261972
4804.480000 0.262010
4805.303000 0.262049
4806.125000 0.262087
4806.947000 0.262125
4807.770000 0.262163
4808.592000 0.262201
4809.415000 0.262239
4810.238000 0.262282
4811.061000 0.262339
4811.884000 0.262389
4812.707000 0.262435
4813.531000 0.262482
4814.354000 0.262528
4815.178000 0.262575
4816.001000 0.262622
4816.826000 0.262668
4817.650000 0.262715
4818.474000 0.262762
4819.298000 0.262808
4820.123000 0.262852
4820.948000 0.262881
4821.772000 0.262925
4822.598000 0.262983
4823.423000 0.263042
4824.248000 0.263101
4825.073000 0.263159
4825.899000 0.263218
4826.725000 0.263277
4827.550000 0.263336
4828.376000 0.263395
4829.203000 0.263453
4830.029000 0.263512
4830.855000 0.263568
4831.682000 0.263617
4832.508000 0.263654
4833.335000 0.263690
4834.162000 0.263727
4834.989000 0.263763
4835.816000 0.263800
4836.644000 0.263837
4837.471000 0.263873
4838.299000 0.263910
4839.127000 0.263947
4839.955000 0.263984
4840.783000 0.264020
4841.611000 0.264065
4842.439000 0.264128
4843.268000 0.264190
4844.097000 0.264253
4844.925000 0.264315
4845.754000 0.264378
4846.583000 0.264440
4847.413000 0.264503
4848.242000 0.264565
4849.072000 0.264628
4849.901000 0.264690
4850.731000 0.264753
4851.561000 0.264816
4852.391000 0.264882
4853.221000 0.264947
4854.052000 0.265013
4854.882000 0.265079
4855.713000 0.265144
4856.543000 0.265210
4857.375000 0.265275
4858.206000 0.265341
4859.037000 0.265407
4859.868000 0.265472
4860.700000 0.265538
4861.531000 0.265602
4862.363000 0.265661
4863.195000 0.265719
4864.027000 0.265778
4864.859000 0.265837
4865.691000 0.265896
4866.524000 0.265954
4867.357000 0.266013
4868.189000 0.266072
4869.022000 0.266130
4869.855000 0.266189
4870.688000 0.266248
4871.522000 0.266303
4872.355000 0.266343
4873.189000 0.266384
4874.023000 0.266424
4874.857000 0.266464
4875.691000 0.266505
4876.525000 0.266545
4877.359000 0.266585
4878.194000 0.266626
4879.028000 0.266666
4879.863000 0.266707
4880.698000 0.266747
4881.533000 0.266783
4882.369000 0.266801
4883.204000 0.266818
4884.040000 0.266836
4884.875000 0.266854
4885.711000 0.266871
4886.547000 0.266889
4887.383000 0.266907
4888.219000 0.266925
4889.055000 0.266942
4889.892000 0.266960
4890.729000 0.266994
4891.565000 0.267025
4892.402000 0.267036
4893.239000 0.267047
4894.076000 0.267059
4894.914000 0.267070
4895.751000 0.267082
4896.589000 0.267093
4897.427000 0.267104
4898.265000 0.267116
4899.103000 0.267127
4899.941000 0.267138
4900.779000 0.267132
4901.618000 0.267112
4902.457000 0.267062
4903.295000 0.267012
4904.134000 0.266962
4904.973000 0.266912
4905.813000 0.266863
4906.652000 0.266813
4907.491000 0.266763
4908.331000 0.266713
4909.170000 0.266663
4910.011000 0.266613
4910.851000 0.266563
4911.691000 0.266504
4912.531000 0.266430
4913.372000 0.266355
4914.212000 0.266281
4915.053000 0.266206
4915.894000 0.266132
4916.735000 0.266057
4917.577000 0.265983
4918.418000 0.265908
4919.259000 0.265834
4920.101000 0.265759
4920.943000 0.265684
4921.785000 0.265593
4922.627000 0.265482
4923.469000 0.265372
4924.312000 0.265261
4925.154000 0.265151
4925.997000 0.265041
4926.839000 0.264930
4927.682000 0.264820
4928.525000 0.264709
4929.369000 0.264599
4930.212000 0.264488
4931.056000 0.264378
4931.899000 0.264257
4932.743000 0.264130
4933.587000 0.264004
4934.431000 0.263877
4935.275000 0.263750
4936.120000 0.263623
4936.964000 0.263495
4937.809000 0.263369
4938.654000 0.263241
4939.499000 0.263114
4940.344000 0.262987
4941.189000 0.262860
4942.035000 0.262721
4942.880000 0.262579
4943.726000 0.262437
4944.572000 0.262295
4945.418000 0.262152
4946.264000 0.262010
4947.110000 0.261868
4947.957000 0.261725
4948.803000 0.261583
4949.650000 0.261441
4950.497000 0.261298
4951.344000 0.261156
4952.191000 0.261001
4953.038000 0.260846
4953.886000 0.260690
4954.733000 0.260535
4955.581000 0.260380
4956.429000 0.260225
4957.277000 0.260069
4958.125000 0.259914
4958.973000 0.259758
4959.822000 0.259603
4960.670000 0.259447
4961.519000 0.259297
4962.368000 0.259174
4963.217000 0.259050
4964.066000 0.258927
4964.916000 0.258803
4965.765000 0.258680
4966.615000 0.258557
4967.464000 0.258433
4968.314000 0.258310
4969.165000 0.258186
4970.015000 0.258062
4970.865000 0.257939
4971.715000 0.257815
4972.566000 0.257692
4973.417000 0.257569
4974.268000 0.257446
4975.119000 0.257323
4975.970000 0.257200
4976.821000 0.257076
4977.673000 0.256953
4978.524000 0.256830
4979.376000 0.256707
4980.228000 0.256583
4981.081000 0.256460
4981.933000 0.256352
4982.785000 0.256253
4983.638000 0.256155
4984.490000 0.256056
4985.343000 0.255957
4986.196000 0.255858
4987.049000 0.255759
4987.902000 0.255660
4988.756000 0.255561
4989.609000 0.255462
4990.463000 0.255373
4991.317000 0.255292
4992.171000 0.255258
4993.025000 0.255227
4993.879000 0.255197
4994.733000 0.255166
4995.588000 0.255136
4996.443000 0.255105
4997.298000 0.255075
4998.153000 0.255044
4999.008000 0.255014
4999.863000 0.254983
5000.719000 0.254931
5001.574000 0.254874
5002.430000 0.254814
5003.286000 0.254753
5004.142000 0.254693
5004.998000 0.254633
5005.854000 0.254573
5006.711000 0.254512
5007.567000 0.254452
5008.424000 0.254392
5009.281000 0.254332
5010.138000 0.254271
5010.996000 0.254211
5011.853000 0.254181
5012.710000 0.254177
5013.568000 0.254173
5014.426000 0.254169
5015.284000 0.254164
5016.142000 0.254160
5017.000000 0.254156
5017.858000 0.254152
5018.717000 0.254148
5019.576000 0.254144
5020.435000 0.254140
5021.293000 0.254136
5022.152000 0.254154
5023.012000 0.254176
5023.871000 0.254198
5024.731000 0.254219
5025.590000 0.254241
5026.450000 0.254263
5027.311000 0.254284
5028.170000 0.254306
5029.031000 0.254327
5029.891000 0.254349
5030.752000 0.254366
5031.613000 0.254380
5032.474000 0.254382
5033.334000 0.254385
5034.196000 0.254387
5035.057000 0.254390
5035.918000 0.254393
5036.780000 0.254395
5037.642000 0.254398
5038.504000 0.254401
5039.366000 0.254403
5040.228000 0.254406
5041.090000 0.254409
5041.953000 0.254431
5042.815000 0.254464
5043.678000 0.254497
5044.541000 0.254530
5045.404000 0.254564
5046.268000 0.254597
5047.131000 0.254630
5047.995000 0.254663
5048.858000 0.254696
5049.722000 0.254730
5050.586000 0.254763
5051.450000 0.254797
5052.314000 0.254848
5053.179000 0.254899
5054.043000 0.254950
5054.908000 0.255001
5055.773000 0.255052
5056.638000 0.255103
5057.503000 0.255155
5058.369000 0.255206
5059.234000 0.255257
5060.100000 0.255308
5060.965000 0.255359
5061.831000 0.255399
5062.697000 0.255427
5063.563000 0.255455
5064.430000 0.255483
5065.296000 0.255510
5066.163000 0.255538
5067.030000 0.255566
5067.896000 0.255594
5068.764000 0.255622
5069.631000 0.255650
5070.499000 0.255678
5071.366000 0.255705
5072.233000 0.255749
5073.102000 0.255793
5073.969000 0.255837
5074.837000 0.255881
5075.706000 0.255926
5076.574000 0.255970
5077.443000 0.256014
5078.312000 0.256059
5079.181000 0.256103
5080.049000 0.256147
5080.918000 0.256191
5081.788000 0.256227
5082.657000 0.256251
5083.527000 0.256275
5084.397000 0.256299
5085.267000 0.256323
5086.137000 0.256348
5087.007000 0.256372
5087.877000 0.256396
5088.748000 0.256420
5089.619000 0.256444
5090.489000 0.256468
5091.360000 0.256493
5092.231000 0.256513
5093.103000 0.256533
5093.974000 0.256552
5094.846000 0.256572
5095.717000 0.256592
5096.589000 0.256612
5097.461000 0.256631
5098.333000 0.256651
5099.206000 0.256671
5100.078000 0.256691
5100.951000 0.256710
5101.823000 0.256729
5102.696000 0.256745
5103.569000 0.256762
5104.442000 0.256778
5105.316000 0.256794
5106.189000 0.256811
5107.063000 0.256827
5107.937000 0.256844
5108.811000 0.256860
5109.685000 0.256877
5110.559000 0.256893
5111.434000 0.256909
5112.308000 0.256917
5113.183000 0.256924
5114.058000 0.256932
5114.933000 0.256939
5115.808000 0.256947
5116.683000 0.256954
5117.558000 0.256962
5118.434000 0.256969
5119.310000 0.256976
5120.186000 0.256984
5121.062000 0.256991
5121.938000 0.256991
5122.814000 0.256986
5123.690000 0.256981
5124.567000 0.256976
5125.444000 0.256970
5126.321000 0.256965
5127.198000 0.256960
5128.075000 0.256955
5128.953000 0.256950
5129.830000 0.256945
5130.708000 0.256955
5131.585000 0.256971
5132.464000 0.256997
5133.342000 0.257022
5134.220000 0.257048
5135.099000 0.257074
5135.977000 0.257099
5136.856000 0.257125
5137.735000 0.257151
5138.614000 0.257177
5139.493000 0.257203
5140.372000 0.257220
5141.252000 0.257227
5142.131000 0.257213
5143.011000 0.257194
5143.891000 0.257174
5144.771000 0.257154
5145.651000 0.257135
5146.532000 0.257115
5147.413000 0.257096
5148.293000 0.257076
5149.174000 0.257057
5150.055000 0.257037
5150.936000 0.257017
5151.817000 0.256989
5152.699000 0.256951
5153.581000 0.256912
5154.462000 0.256873
5155.344000 0.256834
5156.226000 0.256796
5157.108000 0.256757
5157.991000 0.256718
5158.873000 0.256679
5159.756000 0.256640
5160.639000 0.256601
5161.521000 0.256565
5162.405000 0.256549
5163.288000 0.256533
5164.171000 0.256518
5165.055000 0.256502
5165.938000 0.256486
5166.823000 0.256471
5167.707000 0.256455
5168.591000 0.256439
5169.475000 0.256423
5170.359000 0.256408
5171.244000 0.256392
5172.129000 0.256382
5173.014000 0.256374
5173.899000 0.256366
5174.784000 0.256358
5175.669000 0.256351
5176.555000 0.256343
5177.441000 0.256335
5178.327000 0.256327
5179.212000 0.256319
5180.099000 0.256311
5180.985000 0.256303
5181.872000 0.256277
5182.758000 0.256231
5183.645000 0.256186
5184.532000 0.256140
5185.418000 0.256095
5186.306000 0.256049
5187.193000 0.256003
5188.081000 0.255958
5188.968000 0.255912
5189.856000 0.255867
5190.744000 0.255821
5191.632000 0.255782
5192.521000 0.255770
5193.409000 0.255758
5194.297000 0.255746
5195.186000 0.255734
5196.075000 0.255722
5196.964000 0.255710
5197.853000 0.255698
5198.743000 0.255686
5199.632000 0.255674
5200.521000 0.255661
5201.412000 0.255649
5202.301000 0.255665
5203.191000 0.255682
5204.082000 0.255699
5204.972000 0.255717
5205.863000 0.255734
5206.753000 0.255751
5207.644000 0.255768
5208.535000 0.255785
5209.426000 0.255802
5210.318000 0.255819
5211.209000 0.255836
5212.101000 0.255841
5212.993000 0.255842
5213.884000 0.255843
5214.776000 0.255844
5215.668000 0.255845
5216.561000 0.255846
5217.454000 0.255847
5218.346000 0.255848
5219.239000 0.255849
5220.132000 0.255850
5221.025000 0.255851
5221.918000 0.255857
5222.812000 0.255868
5223.706000 0.255880
5224.599000 0.255891
5225.493000 0.255902
5226.387000 0.255913
5227.281000 0.255924
5228.176000 0.255935
5229.070000 0.255947
5229.965000 0.255958
5230.860000 0.255970
5231.755000 0.255998
5232.650000 0.256058
5233.545000 0.256117
5234.440000 0.256176
5235.336000 0.256235
5236.232000 0.256295
5237.128000 0.256354
5238.024000 0.256413
5238.920000 0.256473
5239.816000 0.256532
5240.713000 0.256591
5241.609000 0.256648
5242.506000 0.256692
5243.403000 0.256736
5244.300000 0.256780
5245.198000 0.256823
5246.095000 0.256868
5246.993000 0.256912
5247.891000 0.256955
5248.789000 0.256999
5249.687000 0.257043
5250.584000 0.257087
5251.483000 0.257130
5252.381000 0.257145
5253.280000 0.257160
5254.179000 0.257175
5255.078000 0.257190
5255.977000 0.257205
5256.876000 0.257219
5257.776000 0.257234
5258.675000 0.257249
5259.575000 0.257264
5260.475000 0.257279
5261.375000 0.257294
5262.275000 0.257329
5263.175000 0.257367
5264.076000 0.257405
5264.977000 0.257443
5265.877000 0.257481
5266.778000 0.257518
5267.680000 0.257556
5268.581000 0.257594
5269.482000 0.257632
5270.384000 0.257670
5271.286000 0.257708
5272.187000 0.257698
5273.089000 0.257676
5273.992000 0.257655
5274.894000 0.257633
5275.796000 0.257612
5276.699000 0.257590
5277.602000 0.257569
5278.505000 0.257547
5279.408000 0.257526
5280.312000 0.257504
5281.215000 0.257483
5282.118000 0.257420
5283.022000 0.257342
5283.926000 0.257264
5284.830000 0.257186
5285.734000 0.257108
5286.639000 0.257030
5287.543000 0.256952
5288.448000 0.256874
5289.353000 0.256796
5290.258000 0.256718
5291.163000 0.256640
5292.068000 0.256552
5292.974000 0.256459
5293.879000 0.256366
5294.785000 0.256273
5295.691000 0.256181
5296.597000 0.256088
5297.503000 0.255995
5298.409000 0.255902
5299.316000 0.255810
5300.223000 0.255717
5301.129000 0.255624
5302.037000 0.255466
5302.943000 0.255268
5303.851000 0.255070
5304.758000 0.254872
5305.666000 0.254675
5306.574000 0.254477
5307.481000 0.254279
5308.390000 0.254081
5309.298000 0.253883
5310.207000 0.253685
5311.115000 0.253487
5312.023000 0.253265
5312.933000 0.253029
5313.841000 0.252792
5314.750000 0.252556
5315.660000 0.252319
5316.569000 0.252082
5317.479000 0.251845
5318.389000 0.251609
5319.299000 0.251372
5320.209000 0.251135
5321.119000 0.250898
5322.030000 0.250655
5322.940000 0.250407
5323.851000 0.250158
5324.762000 0.249910
5325.673000 0.249662
5326.584000 0.249414
5327.495000 0.249165
5328.407000 0.248917
5329.318000 0.248668
5330.230000 0.248420
5331.142000 0.248171
5332.054000 0.247910
5332.967000 0.247639
5333.879000 0.247369
5334.792000 0.247099
5335.705000 0.246829
5336.617000 0.246558
5337.530000 0.246288
5338.444000 0.246018
5339.357000 0.245747
5340.271000 0.245477
5341.184000 0.245206
5342.098000 0.244926
5343.012000 0.244642
5343.926000 0.244357
5344.841000 0.244073
5345.755000 0.243788
5346.670000 0.243504
5347.584000 0.243219
5348.500000 0.242934
5349.415000 0.242649
5350.330000 0.242365
5351.245000 0.242080
5352.161000 0.241855
5353.077000 0.241653
5353.992000 0.241450
5354.909000 0.241248
5355.825000 0.241045
5356.741000 0.240842
5357.658000 0.240640
5358.574000 0.240437
5359.491000 0.240234
5360.408000 0.240031
5361.325000 0.239829
5362.242000 0.239672
5363.160000 0.239527
5364.078000 0.239381
5364.995000 0.239235
5365.913000 0.239089
5366.831000 0.238943
5367.750000 0.238797
5368.668000 0.238651
5369.586000 0.238505
5370.505000 0.238359
5371.424000 0.238213
5372.343000 0.238087
5373.262000 0.237962
5374.182000 0.237838
5375.101000 0.237713
5376.021000 0.237589
5376.940000 0.237464
5377.860000 0.237340
5378.781000 0.237215
5379.701000 0.237091
5380.621000 0.236966
5381.542000 0.236844
5382.462000 0.236779
5383.384000 0.236714
5384.305000 0.236648
5385.226000 0.236583
5386.147000 0.236518
5387.069000 0.236453
5387.990000 0.236387
5388.912000 0.236322
5389.834000 0.236257
5390.756000 0.236191
5391.679000 0.236136
5392.601000 0.236121
5393.524000 0.236105
5394.447000 0.236090
5395.370000 0.236075
5396.293000 0.236060
5397.216000 0.236044
5398.140000 0.236029
5399.063000 0.236014
5399.987000 0.235998
5400.911000 0.235983
5401.835000 0.235952
5402.759000 0.235894
5403.684000 0.235836
5404.608000 0.235778
5405.533000 0.235720
5406.458000 0.235662
5407.383000 0.235604
5408.308000 0.235546
5409.233000 0.235488
5410.159000 0.235430
5411.084000 0.235372
5412.010000 0.235309
5412.936000 0.235242
5413.862000 0.235175
5414.789000 0.235108
5415.715000 0.235041
5416.642000 0.234974
5417.568000 0.234907
5418.495000 0.234840
5419.422000 0.234772
5420.350000 0.234706
5421.277000 0.234638
5422.205000 0.234531
5423.132000 0.234410
5424.060000 0.234289
5424.988000 0.234169
5425.916000 0.234048
5426.845000 0.233927
5427.773000 0.233807
5428.702000 0.233686
5429.630000 0.233565
5430.560000 0.233444
5431.489000 0.233323
5432.418000 0.233162
5433.347000 0.233000
5434.277000 0.232838
5435.207000 0.232675
5436.137000 0.232513
5437.067000 0.232351
5437.997000 0.232189
5438.927000 0.232026
5439.858000 0.231864
5440.789000 0.231702
5441.720000 0.231537
5442.651000 0.231364
5443.582000 0.231191
5444.513000 0.231019
5445.445000 0.230846
5446.376000 0.230673
5447.308000 0.230500
5448.240000 0.230327
5449.172000 0.230154
5450.105000 0.229981
5451.037000 0.229808
5451.970000 0.229646
5452.903000 0.229495
5453.836000 0.229344
5454.769000 0.229193
5455.702000 0.229043
5456.636000 0.228892
5457.569000 0.228741
5458.503000 0.228590
5459.437000 0.228439
5460.371000 0.228288
5461.305000 0.228137
5462.240000 0.227910
5463.174000 0.227661
5464.109000 0.227412
5465.044000 0.227163
5465.979000 0.226914
5466.914000 0.226665
5467.849000 0.226416
5468.785000 0.226167
5469.721000 0.225917
5470.656000 0.225668
5471.592000 0.225388
5472.528000 0.224737
5473.465000 0.224086
5474.401000 0.223435
5475.338000 0.222783
5476.275000 0.222132
5477.212000 0.221481
5478.149000 0.220829
5479.086000 0.220178
5480.023000 0.219526
5480.961000 0.218874
5481.899000 0.217823
5482.837000 0.216176
5483.775000 0.214530
5484.713000 0.212882
5485.651000 0.211236
5486.590000 0.209588
5487.529000 0.207940
5488.468000 0.206292
5489.407000 0.204644
5490.346000 0.202996
5491.285000 0.201348
5492.225000 0.198619
5493.165000 0.195521
5494.104000 0.192422
5495.044000 0.189324
5495.985000 0.186223
5496.925000 0.183125
5497.865000 0.180025
5498.806000 0.176923
5499.747000 0.173822
5500.688000 0.170720
5501.629000 0.167496
5502.570000 0.163253
5503.512000 0.159010
5504.454000 0.154765
5505.395000 0.150522
5506.337000 0.146277
5507.279000 0.142031
5508.222000 0.137784
5509.164000 0.133538
5510.106000 0.129292
5511.049000 0.125044
5511.992000 0.120826
5512.935000 0.116640
5513.878000 0.112453
5514.822000 0.108265
5515.766000 0.104076
5516.709000 0.099888
5517.653000 0.095699
5518.597000 0.091508
5519.542000 0.087317
5520.486000 0.083126
5521.430000 0.078936
5522.375000 0.075774
5523.320000 0.072738
5524.265000 0.069702
5525.210000 0.066664
5526.155000 0.063627
5527.101000 0.060590
5528.046000 0.057552
5528.992000 0.054514
5529.938000 0.051476
5530.884000 0.048436
5531.831000 0.045732
5532.777000 0.043770
5533.724000 0.041807
5534.670000 0.039844
5535.618000 0.037880
5536.564000 0.035917
5537.512000 0.033953
5538.459000 0.031988
5539.407000 0.030025
5540.354000 0.028061
5541.303000 0.026095
5542.250000 0.024786
5543.199000 0.023693
5544.147000 0.022599
5545.096000 0.021506
5546.044000 0.020413
5546.994000 0.019319
5547.942000 0.018225
5548.892000 0.017132
5549.841000 0.016037
5550.791000 0.014943
5551.740000 0.013956
5552.690000 0.013374
5553.640000 0.012793
5554.590000 0.012211
5555.541000 0.011628
5556.491000 0.011046
5557.442000 0.010464
5558.393000 0.009882
5559.344000 0.009300
5560.295000 0.008717
5561.247000 0.008134
5562.198000 0.007734
5563.149000 0.007416
5564.102000 0.007097
5565.054000 0.006779
5566.006000 0.006461
5566.958000 0.006143
5567.911000 0.005825
5568.863000 0.005506
5569.816000 0.005188
5570.769000 0.004869
5571.722000 0.004577
5572.675000 0.004400
5573.629000 0.004224
5574.583000 0.004047
5575.536000 0.003871
5576.490000 0.003694
5577.444000 0.003518
5578.398000 0.003342
5579.353000 0.003165
5580.308000 0.002989
5581.262000 0.002813
5582.217000 0.002689
5583.172000 0.002587
5584.127000 0.002485
5585.083000 0.002383
5586.039000 0.002281
5586.994000 0.002179
5587.950000 0.002078
5588.906000 0.001976
5589.862000 0.001874
5590.819000 0.001772
5591.775000 0.001680
5592.732000 0.001619
5593.689000 0.001559
5594.646000 0.001499
5595.603000 0.001438
5596.561000 0.001378
5597.518000 0.001318
5598.476000 0.001257
5599.434000 0.001197
5600.392000 0.001136
5601.350000 0.001076
5602.308000 0.001035
5603.267000 0.000998
5604.226000 0.000962
5605.185000 0.000926
5606.144000 0.000890
5607.103000 0.000854
5608.062000 0.000817
5609.021000 0.000781
5609.981000 0.000745
5610.941000 0.000709
5611.901000 0.000678
5612.861000 0.000656
5613.821000 0.000634
5614.782000 0.000612
5615.743000 0.000590
5616.704000 0.000568
5617.665000 0.000547
5618.625000 0.000525
5619.587000 0.000503
5620.548000 0.000481
5621.510000 0.000459
5622.472000 0.000444
5623.434000 0.000430
5624.396000 0.000415
5625.358000 0.000400
