6547.707000 0.000665
6548.827000 0.002498
6549.947000 0.009811
6551.068000 0.032517
6552.188000 0.084780
6553.310000 0.157344
6554.431000 0.211839
6555.552000 0.229910
6556.674000 0.232540
6557.795000 0.232509
6558.917000 0.232190
6560.040000 0.232012
6561.162000 0.230409
6562.284000 0.226312
6563.407000 0.221534
6564.530000 0.219856
6565.653000 0.221480
6566.776000 0.222756
6567.899000 0.217333
6569.023000 0.193708
6570.147000 0.141220
6571.271000 0.073883
6572.396000 0.025129
6573.520000 0.006371
6574.645000 0.001466
6575.769000 0.000412
