5383.7 0.0008539580
5419.9 0.0029974400
5450.4 0.0204207000
5485.6 0.0819811000
5577.7 0.4476750000
5608.0 0.5912320000
5640.4 0.6791960000
5660.3 0.7115440000
5685.1 0.7376450000
5715.5 0.7769590000
5746.0 0.8332990000
5764.1 0.8673810000
5793.6 0.8851510000
5811.7 0.8827480000
5822.2 0.8858920000
5834.6 0.8827850000
5845.0 0.8921830000
5879.3 0.9061380000
5895.5 0.9030370000
5902.2 0.9058280000
5923.2 0.9003020000
5952.7 0.9083420000
5965.1 0.9048870000
5973.7 0.9076810000
5988.0 0.9014500000
5995.6 0.9011150000
6011.8 0.9084380000
6030.8 0.9185460000
6048.9 0.9324740000
6058.5 0.9415240000
6069.9 0.9453640000
6084.2 0.9405230000
6101.4 0.9238720000
6127.1 0.9020230000
6144.3 0.8937110000
6163.3 0.8972170000
6195.7 0.9097790000
6235.7 0.9355570000
6253.8 0.9536550000
6275.7 0.9655050000
6291.9 0.9554540000
6306.2 0.9335860000
6333.9 0.9020110000
6347.3 0.8923030000
6359.7 0.8871110000
6376.8 0.8958260000
6408.2 0.9181150000
6435.8 0.9417880000
6471.1 0.9609570000
6490.1 0.9658520000
6510.2 0.9596300000
6529.2 0.9454150000
6547.4 0.9357140000
6574.0 0.9319360000
6605.5 0.9417160000
6624.5 0.9559930000
6664.5 0.9737790000
6708.4 0.9717660000
6736.0 0.9610390000
6751.3 0.9561990000
6768.4 0.9590060000
6786.5 0.9632050000
6798.9 0.9684380000
6818.9 0.9622150000
6847.5 0.9441930000
6866.6 0.9254600000
6884.7 0.9147180000
6898.1 0.9095280000
6914.3 0.9199780000
6925.7 0.9338960000
6936.2 0.9439890000
6943.8 0.9467820000
6946.6 0.9408790000
6971.7 0.6462600000
6983.4 0.4082580000
6995.0 0.2182070000
7012.3 0.0882789000
7041.0 0.0285595000
7079.1 0.0088151600
7149.6 0.0016325400
7356.4 0.0002304840
