8799.9 -0.0017795600
8821.4 0.0013662700
8850.3 0.0156440000
8870.1 0.0646057000
8888.9 0.2737080000
8899.4 0.4974780000
8905.0 0.6224870000
8917.5 0.6901210000
8927.8 0.6741220000
8939.3 0.6563450000
8955.2 0.6839490000
8970.5 0.7449150000
8982.6 0.8085450000
8998.1 0.8579450000
9014.5 0.8851050000
9037.4 0.8851390000
9064.4 0.8718330000
9097.4 0.8567580000
9131.7 0.8403500000
9161.8 0.8421740000
9196.4 0.8822600000
9216.8 0.8996390000
9235.5 0.8867670000
9253.9 0.8356380000
9277.5 0.7115620000
9293.3 0.5429910000
9304.5 0.3726340000
9314.6 0.2383080000
9324.4 0.1275570000
9339.5 0.0488427000
9355.4 0.0230655000
9373.1 0.0106363000
9389.9 0.0062127700
9400.3 0.0040040200
