6472.2 0.0014102600
6501.8 0.0018486000
6517.0 0.0071795300
6532.0 0.0107344000
6549.9 0.0418308000
6557.4 0.0843853000
6567.0 0.1807950000
6571.4 0.2871690000
6575.1 0.3850950000
6577.2 0.4888630000
6581.6 0.6304400000
6583.2 0.6950090000
6585.9 0.7541960000
6590.3 0.8213530000
6593.5 0.8502210000
6601.5 0.8678050000
6607.3 0.8587160000
6611.2 0.8528050000
6615.9 0.8553340000
6624.0 0.8657850000
6633.0 0.8717470000
6641.4 0.8732760000
6650.8 0.8770010000
6658.8 0.8821050000
6667.6 0.8845120000
6676.2 0.8860350000
6676.6 0.8869130000
6689.6 0.8891920000
6699.7 0.8866560000
6707.1 0.8864310000
6717.8 0.8927910000
6727.4 0.8822500000
6734.3 0.8642140000
6741.4 0.8550870000
6746.8 0.8589340000
6753.0 0.8654280000
6758.8 0.8683710000
6767.5 0.8458270000
6771.5 0.8122810000
6774.8 0.7694020000
6778.2 0.7078020000
6782.2 0.6056300000
6785.6 0.5065950000
6790.8 0.3972580000
6797.1 0.2678340000
6805.0 0.1463800000
6812.6 0.0761836000
6820.1 0.0376329000
6831.0 0.0168040000
6840.8 0.0093757200
6850.1 0.0055283700
6862.0 0.0033833300
6871.7 0.0004144290
6885.2 -0.0004419710
