3741.8 -0.0008069280
3759.6 0.0005956890
3777.8 0.0037280300
3789.5 0.0085831300
3797.3 0.0238111000
3804.4 0.0528743000
3809.0 0.0981923000
3815.3 0.1971270000
3820.3 0.3517500000
3826.3 0.5278200000
3828.6 0.6049580000
3833.3 0.6734520000
3834.8 0.6980120000
3841.0 0.7160060000
3851.6 0.7215510000
3866.3 0.7232970000
3880.8 0.7236580000
3898.3 0.7205630000
3917.5 0.7129740000
3940.3 0.7081560000
3962.3 0.7019530000
3970.9 0.6981570000
3979.0 0.6189540000
3983.8 0.4989320000
3987.5 0.3823670000
3991.0 0.2658020000
3996.3 0.1488930000
4001.3 0.0707248000
4009.2 0.0278416000
4018.6 0.0129778000
4029.2 0.0046874900
4038.9 0.0012388200
4052.3 0.0009071230
4073.4 -0.0011457800
