5637.6 0.0009256740
5650.9 -0.0003382110
5665.2 0.0008341220
5679.6 0.0051293200
5695.9 0.0243575000
5702.7 0.0525162000
5709.6 0.1070380000
5714.6 0.1996960000
5720.8 0.3665930000
5726.3 0.5275880000
5730.8 0.6479900000
5735.1 0.7049150000
5740.7 0.7198820000
5744.1 0.7174850000
5750.4 0.7050560000
5755.2 0.7023260000
5761.4 0.7089740000
5770.0 0.7177240000
5777.1 0.7278490000
5785.3 0.7327810000
5796.7 0.7304590000
5806.7 0.7197980000
5817.4 0.7074100000
5826.8 0.6977860000
5833.9 0.6909140000
5847.2 0.6893030000
5856.6 0.6886960000
5866.8 0.6894830000
5875.1 0.6919890000
5884.1 0.6827060000
5888.3 0.6719930000
5894.5 0.6467290000
5899.7 0.6120920000
5904.7 0.5552520000
5909.7 0.4841920000
5915.0 0.3985660000
5920.2 0.3056560000
5925.0 0.2259220000
5934.2 0.1188270000
5945.3 0.0457426000
5952.9 0.0267353000
5960.6 0.0132790000
5968.2 0.0074523200
5976.3 0.0044054400
5983.6 0.0030856300
5991.2 0.0021151000
6000.3 0.0011587500
6017.4 0.0002761080
