3815.0 0.00119986
3820.0 0.00248443
3825.0 0.00361513
3830.0 0.00461271
3835.0 0.00549618
3840.0 0.00628456
3845.0 0.00699686
3850.0 0.00765212
3855.0 0.00826934
3860.0 0.00886754
3865.0 0.00946401
3870.0 0.0100709
3875.0 0.0106569
3880.0 0.0111964
3885.0 0.0116632
3890.0 0.0120262
3895.0 0.012251
3900.0 0.0123167
3905.0 0.0121974
3910.0 0.0118724
3915.0 0.0116753
3920.0 0.0123651
3925.0 0.0147337
3930.0 0.0191389
3935.0 0.0245504
3940.0 0.0296472
3945.0 0.0330843
3950.0 0.033845
3955.0 0.0358038
3960.0 0.0468359
3965.0 0.0695001
3970.0 0.0756325
3975.0 0.0788535
3980.0 0.122589
3985.0 0.173054
3990.0 0.26022
3995.0 0.465891
4000.0 0.532324
4005.0 0.612405
4010.0 0.665565
4015.0 0.767511
4020.0 0.937817
4025.0 0.896584
4030.0 0.961409
4035.0 0.983169
4040.0 0.994142
4045.0 1
4050.0 0.993396
4055.0 0.974167
4060.0 0.945631
4065.0 0.922452
4070.0 0.909727
4075.0 0.904177
4080.0 0.902651
4085.0 0.903081
4090.0 0.904936
4095.0 0.907808
4100.0 0.911269
4105.0 0.914884
4110.0 0.918249
4115.0 0.921114
4120.0 0.923299
4125.0 0.924627
4130.0 0.925007
4135.0 0.924627
4140.0 0.923669
4145.0 0.92232
4150.0 0.920894
4155.0 0.924852
4160.0 0.928972
4165.0 0.933214
4170.0 0.937286
4175.0 0.940922
4180.0 0.944303
4185.0 0.947704
4190.0 0.951133
4195.0 0.954549
4200.0 0.957976
4205.0 0.961413
4210.0 0.964834
4215.0 0.968252
4220.0 0.971705
4225.0 0.97524
4230.0 0.978935
4235.0 0.982872
4240.0 0.987049
4245.0 0.99153
4250.0 0.996684
4255.0 0.994793
4260.0 0.993399
4265.0 0.991864
4270.0 0.989862
4275.0 0.987135
4280.0 0.983385
4285.0 0.978804
4290.0 0.973907
4295.0 0.96921
4300.0 0.965093
4305.0 0.961506
4310.0 0.958356
4315.0 0.95554
4320.0 0.952706
4325.0 0.949501
4330.0 0.945711
4335.0 0.941605
4340.0 0.938878
4345.0 0.939426
4350.0 0.942004
4355.0 0.946088
4360.0 0.946862
4365.0 0.950213
4370.0 0.957699
4375.0 0.964723
4380.0 0.967758
4385.0 0.967512
4390.0 0.965496
4395.0 0.963235
4400.0 0.96157
4405.0 0.960026
4410.0 0.957991
4415.0 0.955517
4420.0 0.953458
4425.0 0.952711
4430.0 0.953776
4435.0 0.955818
4440.0 0.957708
4445.0 0.958809
4450.0 0.9594
4455.0 0.955854
4460.0 0.952502
4465.0 0.949343
4470.0 0.946278
4475.0 0.943199
4480.0 0.940012
4485.0 0.936729
4490.0 0.933465
4495.0 0.93033
4500.0 0.927357
4505.0 0.924561
4510.0 0.921956
4515.0 0.919573
4520.0 0.917395
4525.0 0.915204
4530.0 0.912784
4535.0 0.910149
4540.0 0.907369
4545.0 0.904508
4550.0 0.901719
4555.0 0.901128
4560.0 0.901406
4565.0 0.902858
4570.0 0.904674
4575.0 0.905507
4580.0 0.90505
4585.0 0.903972
4590.0 0.90286
4595.0 0.902085
4600.0 0.901909
4605.0 0.902521
4610.0 0.903652
4615.0 0.904867
4620.0 0.905073
4625.0 0.90147
4630.0 0.893657
4635.0 0.884452
4640.0 0.876537
4645.0 0.869203
4650.0 0.860448
4655.0 0.851814
4660.0 0.839738
4665.0 0.827483
4670.0 0.819364
4675.0 0.81582
4680.0 0.816399
4685.0 0.819532
4690.0 0.823495
4695.0 0.826647
4700.0 0.828861
4705.0 0.831506
4710.0 0.835177
4715.0 0.838939
4720.0 0.841705
4725.0 0.842418
4730.0 0.840848
4735.0 0.8381
4740.0 0.835355
4745.0 0.833526
4750.0 0.832404
4755.0 0.831463
4760.0 0.829755
4765.0 0.827447
4770.0 0.825722
4775.0 0.825801
4780.0 0.827808
4785.0 0.829842
4790.0 0.830436
4795.0 0.830576
4800.0 0.831809
4805.0 0.83467
4810.0 0.837699
4815.0 0.840412
4820.0 0.84332
4825.0 0.845984
4830.0 0.846655
4835.0 0.845118
4840.0 0.84225
4845.0 0.838911
4850.0 0.835754
4855.0 0.829731
4860.0 0.824491
4865.0 0.819703
4870.0 0.814963
4875.0 0.80988
4880.0 0.804266
4885.0 0.79846
4890.0 0.792881
4895.0 0.787848
4900.0 0.782966
4905.0 0.77752
4910.0 0.771337
4915.0 0.765976
4920.0 0.761201
4925.0 0.755959
4930.0 0.749524
4935.0 0.742119
4940.0 0.734164
4945.0 0.726254
4950.0 0.71905
4955.0 0.714038
4960.0 0.708371
4965.0 0.701804
4970.0 0.696305
4975.0 0.693765
4980.0 0.692797
4985.0 0.691552
4990.0 0.690449
4995.0 0.689951
5000.0 0.689733
5005.0 0.688988
5010.0 0.687392
5015.0 0.687052
5020.0 0.687385
5025.0 0.686083
5030.0 0.682529
5035.0 0.677683
5040.0 0.67255
5045.0 0.667669
5050.0 0.663267
5055.0 0.655297
5060.0 0.647254
5065.0 0.637218
5070.0 0.624906
5075.0 0.614052
5080.0 0.606431
5085.0 0.601184
5090.0 0.597387
5095.0 0.594177
5100.0 0.591034
5105.0 0.587735
5110.0 0.584137
5115.0 0.580581
5120.0 0.577123
5125.0 0.572367
5130.0 0.565655
5135.0 0.557527
5140.0 0.548577
5145.0 0.53936
5150.0 0.530399
5155.0 0.537467
5160.0 0.54445
5165.0 0.550927
5170.0 0.55671
5175.0 0.561839
5180.0 0.566608
5185.0 0.571613
5190.0 0.577078
5195.0 0.582142
5200.0 0.586786
5205.0 0.592225
5210.0 0.599541
5215.0 0.606659
5220.0 0.609419
5225.0 0.609898
5230.0 0.614075
5235.0 0.621367
5240.0 0.630262
5245.0 0.639133
5250.0 0.645924
5255.0 0.630658
5260.0 0.605309
5265.0 0.583563
5270.0 0.568836
5275.0 0.5413
5280.0 0.526587
5285.0 0.536739
5290.0 0.398176
5295.0 0.3542
5300.0 0.289549
5305.0 0.167624
5310.0 0.0819257
5315.0 0.0640731
5320.0 0.0420123
5325.0 0.0342305
