2148.2002 0.00775345
2190.5000 0.00809056
2209.3999 0.0242961
2221.1001 0.0445347
2235.2000 0.0688308
2275.2000 0.29083
2282.3000 0.326124
2289.3999 0.35695
2294.1001 0.392241
2301.1001 0.427556
2308.2002 0.462847
2312.8999 0.506855
2320.0000 0.53331
2369.3999 0.742876
2381.1001 0.785368
2388.2002 0.819365
2400.0000 0.853239
2409.3999 0.883058
2440.0000 0.898375
2451.7000 0.926535
2465.8000 0.954696
2484.7000 0.970831
2505.8000 0.974695
2520.0000 0.998608
2541.1001 0.992845
2560.0000 0.99671
2569.3999 1
2576.4001 0.915132
2578.8000 0.859336
2581.0999 0.810866
2583.5000 0.714163
2585.7998 0.650926
2588.2002 0.606342
2590.5000 0.54678
2590.5000 0.516985
2592.9001 0.420282
2595.2000 0.360814
2597.6001 0.342256
2600.0000 0.275226
2602.3000 0.182172
2604.7000 0.156171
2607.0000 0.13017
2609.3999 0.100448
2616.4001 0.0632368
2618.8000 0.0371892
2632.9001 0.0100106
2656.4001 0.00667373
2684.7000 0.00307304
2710.5000 0
