6750.0000 0.0001
6752.0000 0.0002
6754.0000 0.0002
6756.0000 0.0002
6758.0000 0.0002
6760.0000 0.0003
6762.0000 0.0003
6764.0000 0.0004
6766.0000 0.0005
6768.0000 0.0006
6770.0000 0.0007
6772.0000 0.0008
6774.0000 0.0010
6776.0000 0.0012
6778.0000 0.0014
6780.0000 0.0018
6782.0000 0.0023
6784.0000 0.0028
6786.0000 0.0035
6788.0000 0.0047
6790.0000 0.0062
6792.0000 0.0081
6794.0000 0.0108
6796.0000 0.0150
6798.0000 0.0202
6800.0000 0.0286
6802.0000 0.0417
6804.0000 0.0609
6806.0000 0.0895
6808.0000 0.1320
6810.0000 0.1960
6812.0000 0.2870
6814.0000 0.4130
6816.0000 0.5570
6818.0000 0.7070
6820.0000 0.8190
6822.0000 0.8950
6824.0000 0.9370
6826.0000 0.9610
6828.0000 0.9650
6830.0000 0.9690
6832.0000 0.9710
6834.0000 0.9780
6836.0000 0.9810
6838.0000 0.9850
6840.0000 0.9840
6842.0000 0.9900
6844.0000 0.9860
6846.0000 0.9870
6848.0000 0.9900
6850.0000 0.9930
6852.0000 0.9850
6854.0000 0.9830
6856.0000 0.9900
6858.0000 0.9870
6860.0000 0.9840
6862.0000 0.9750
6864.0000 0.9610
6866.0000 0.9490
6868.0000 0.9220
6870.0000 0.9020
6872.0000 0.8640
6874.0000 0.8230
6876.0000 0.7610
6878.0000 0.6920
6880.0000 0.6120
6882.0000 0.5200
6884.0000 0.4330
6886.0000 0.3480
6888.0000 0.2800
6890.0000 0.2160
6892.0000 0.1660
6894.0000 0.1280
6896.0000 0.0957
6898.0000 0.0730
6900.0000 0.0553
6902.0000 0.0421
6904.0000 0.0321
6906.0000 0.0251
6908.0000 0.0194
6910.0000 0.0150
6912.0000 0.0117
6914.0000 0.0093
6916.0000 0.0073
6918.0000 0.0058
6920.0000 0.0047
6922.0000 0.0038
6924.0000 0.0030
6926.0000 0.0023
6928.0000 0.0020
6930.0000 0.0016
6932.0000 0.0013
6934.0000 0.0011
6936.0000 0.0009
6938.0000 0.0007
6940.0000 0.0006
6942.0000 0.0005
6944.0000 0.0004
6946.0000 0.0004
