5500.0000 0.0001
5505.0000 0.0001
5510.0000 0.0001
5515.0000 0.0002
5520.0000 0.0003
5525.0000 0.0004
5530.0000 0.0006
5535.0000 0.0009
5540.0000 0.0012
5545.0000 0.0017
5550.0000 0.0024
5555.0000 0.0034
5560.0000 0.0046
5565.0000 0.0061
5570.0000 0.0082
5575.0000 0.0108
5580.0000 0.0139
5585.0000 0.0178
5590.0000 0.0226
5595.0000 0.0282
5600.0000 0.0349
5605.0000 0.0427
5610.0000 0.0517
5615.0000 0.0618
5620.0000 0.0732
5625.0000 0.0860
5630.0000 0.0996
5635.0000 0.1148
5640.0000 0.1313
5645.0000 0.1484
5650.0000 0.1667
5655.0000 0.1860
5660.0000 0.2056
5665.0000 0.2263
5670.0000 0.2475
5675.0000 0.2692
5680.0000 0.2909
5685.0000 0.3127
5690.0000 0.3344
5695.0000 0.3564
5700.0000 0.3773
5705.0000 0.3985
5710.0000 0.4189
5715.0000 0.4390
5720.0000 0.4587
5725.0000 0.4775
5730.0000 0.4960
5735.0000 0.5139
5740.0000 0.5311
5745.0000 0.5475
5750.0000 0.5634
5755.0000 0.5783
5760.0000 0.5926
5765.0000 0.6064
5770.0000 0.6197
5775.0000 0.6319
5780.0000 0.6435
5785.0000 0.6548
5790.0000 0.6652
5795.0000 0.6751
5800.0000 0.6845
5805.0000 0.6934
5810.0000 0.7017
5815.0000 0.7095
5820.0000 0.7170
5825.0000 0.7238
5830.0000 0.7303
5835.0000 0.7365
5840.0000 0.7421
5845.0000 0.7472
5850.0000 0.7524
5855.0000 0.7571
5860.0000 0.7613
5865.0000 0.7653
5870.0000 0.7688
5875.0000 0.7725
5880.0000 0.7756
5885.0000 0.7785
5890.0000 0.7810
5895.0000 0.7839
5900.0000 0.7862
5905.0000 0.7882
5910.0000 0.7902
5915.0000 0.7920
5920.0000 0.7936
5925.0000 0.7950
5930.0000 0.7963
5935.0000 0.7976
5940.0000 0.7986
5945.0000 0.7993
5950.0000 0.8003
5955.0000 0.8009
5960.0000 0.8014
5965.0000 0.8019
5970.0000 0.8022
5975.0000 0.8024
5980.0000 0.8026
5985.0000 0.8027
5990.0000 0.8026
5995.0000 0.8024
6000.0000 0.8024
6005.0000 0.8022
6010.0000 0.8019
6015.0000 0.8014
6020.0000 0.8013
6025.0000 0.8009
6030.0000 0.8004
6035.0000 0.7998
6040.0000 0.7992
6045.0000 0.7985
6050.0000 0.7978
6055.0000 0.7970
6060.0000 0.7962
6065.0000 0.7954
6070.0000 0.7944
6075.0000 0.7935
6080.0000 0.7924
6085.0000 0.7914
6090.0000 0.7903
6095.0000 0.7893
6100.0000 0.7882
6105.0000 0.7870
6110.0000 0.7858
6115.0000 0.7846
6120.0000 0.7834
6125.0000 0.7821
6130.0000 0.7807
6135.0000 0.7794
6140.0000 0.7778
6145.0000 0.7766
6150.0000 0.7752
6155.0000 0.7737
6160.0000 0.7722
6165.0000 0.7706
6170.0000 0.7690
6175.0000 0.7674
6180.0000 0.7659
6185.0000 0.7642
6190.0000 0.7625
6195.0000 0.7608
6200.0000 0.7591
6205.0000 0.7574
6210.0000 0.7557
6215.0000 0.7540
6220.0000 0.7522
6225.0000 0.7504
6230.0000 0.7486
6235.0000 0.7468
6240.0000 0.7450
6245.0000 0.7431
6250.0000 0.7412
6255.0000 0.7393
6260.0000 0.7374
6265.0000 0.7354
6270.0000 0.7334
6275.0000 0.7314
6280.0000 0.7295
6285.0000 0.7274
6290.0000 0.7254
6295.0000 0.7234
6300.0000 0.7213
6305.0000 0.7192
6310.0000 0.7173
6315.0000 0.7151
6320.0000 0.7131
6325.0000 0.7110
6330.0000 0.7087
6335.0000 0.7066
6340.0000 0.7047
6345.0000 0.7025
6350.0000 0.7004
6355.0000 0.6982
6360.0000 0.6961
6365.0000 0.6939
6370.0000 0.6917
6375.0000 0.6895
6380.0000 0.6873
6385.0000 0.6850
6390.0000 0.6828
6395.0000 0.6805
6400.0000 0.6782
6405.0000 0.6758
6410.0000 0.6738
6415.0000 0.6716
6420.0000 0.6692
6425.0000 0.6670
6430.0000 0.6647
6435.0000 0.6623
6440.0000 0.6602
6445.0000 0.6579
6450.0000 0.6555
6455.0000 0.6532
6460.0000 0.6509
6465.0000 0.6486
6470.0000 0.6463
6475.0000 0.6439
6480.0000 0.6416
6485.0000 0.6392
6490.0000 0.6369
6495.0000 0.6345
6500.0000 0.6321
6505.0000 0.6298
6510.0000 0.6274
6515.0000 0.6250
6520.0000 0.6226
6525.0000 0.6202
6530.0000 0.6179
6535.0000 0.6155
6540.0000 0.6131
6545.0000 0.6108
6550.0000 0.6084
6555.0000 0.6060
6560.0000 0.6037
6565.0000 0.6013
6570.0000 0.5989
6575.0000 0.5965
6580.0000 0.5941
6585.0000 0.5917
6590.0000 0.5893
6595.0000 0.5869
6600.0000 0.5846
6605.0000 0.5821
6610.0000 0.5797
6615.0000 0.5772
6620.0000 0.5749
6625.0000 0.5724
6630.0000 0.5699
6635.0000 0.5675
6640.0000 0.5651
6645.0000 0.5627
6650.0000 0.5601
6655.0000 0.5576
6660.0000 0.5553
6665.0000 0.5528
6670.0000 0.5504
6675.0000 0.5479
6680.0000 0.5454
6685.0000 0.5429
6690.0000 0.5404
6695.0000 0.5378
6700.0000 0.5355
6705.0000 0.5329
6710.0000 0.5303
6715.0000 0.5278
6720.0000 0.5252
6725.0000 0.5227
6730.0000 0.5201
6735.0000 0.5175
6740.0000 0.5149
6745.0000 0.5123
6750.0000 0.5097
6755.0000 0.5069
6760.0000 0.5044
6765.0000 0.5018
6770.0000 0.4992
6775.0000 0.4965
6780.0000 0.4939
6785.0000 0.4912
6790.0000 0.4886
6795.0000 0.4859
6800.0000 0.4832
6805.0000 0.4804
6810.0000 0.4778
6815.0000 0.4751
6820.0000 0.4724
6825.0000 0.4697
6830.0000 0.4670
6835.0000 0.4643
6840.0000 0.4615
6845.0000 0.4588
6850.0000 0.4560
6855.0000 0.4534
6860.0000 0.4506
6865.0000 0.4479
6870.0000 0.4451
6875.0000 0.4424
6880.0000 0.4397
6885.0000 0.4369
6890.0000 0.4342
6895.0000 0.4316
6900.0000 0.4288
6905.0000 0.4261
6910.0000 0.4233
6915.0000 0.4206
6920.0000 0.4179
6925.0000 0.4152
6930.0000 0.4125
6935.0000 0.4097
6940.0000 0.4071
6945.0000 0.4044
6950.0000 0.4017
6955.0000 0.3990
6960.0000 0.3964
6965.0000 0.3937
6970.0000 0.3910
6975.0000 0.3883
6980.0000 0.3856
6985.0000 0.3830
6990.0000 0.3804
6995.0000 0.3777
7000.0000 0.3750
7005.0000 0.3724
7010.0000 0.3698
7015.0000 0.3671
7020.0000 0.3644
7025.0000 0.3620
7030.0000 0.3594
7035.0000 0.3568
7040.0000 0.3542
7045.0000 0.3516
7050.0000 0.3491
7055.0000 0.3465
7060.0000 0.3441
7065.0000 0.3415
7070.0000 0.3390
7075.0000 0.3365
7080.0000 0.3340
7085.0000 0.3315
7090.0000 0.3289
7095.0000 0.3265
7100.0000 0.3240
7105.0000 0.3216
7110.0000 0.3191
7115.0000 0.3166
7120.0000 0.3142
7125.0000 0.3118
7130.0000 0.3093
7135.0000 0.3069
7140.0000 0.3045
7145.0000 0.3021
7150.0000 0.2997
7155.0000 0.2973
7160.0000 0.2949
7165.0000 0.2926
7170.0000 0.2902
7175.0000 0.2879
7180.0000 0.2856
7185.0000 0.2833
7190.0000 0.2810
7195.0000 0.2787
7200.0000 0.2764
7205.0000 0.2741
7210.0000 0.2719
7215.0000 0.2696
7220.0000 0.2674
7225.0000 0.2652
7230.0000 0.2629
7235.0000 0.2607
7240.0000 0.2586
7245.0000 0.2563
7250.0000 0.2542
7255.0000 0.2520
7260.0000 0.2498
7265.0000 0.2476
7270.0000 0.2455
7275.0000 0.2434
7280.0000 0.2412
7285.0000 0.2392
7290.0000 0.2371
7295.0000 0.2350
7300.0000 0.2329
7305.0000 0.2308
7310.0000 0.2287
7315.0000 0.2266
7320.0000 0.2247
7325.0000 0.2226
7330.0000 0.2206
7335.0000 0.2186
7340.0000 0.2166
7345.0000 0.2146
7350.0000 0.2126
7355.0000 0.2107
7360.0000 0.2087
7365.0000 0.2068
7370.0000 0.2048
7375.0000 0.2029
7380.0000 0.2010
7385.0000 0.1991
7390.0000 0.1972
7395.0000 0.1953
7400.0000 0.1934
7405.0000 0.1915
7410.0000 0.1897
7415.0000 0.1878
7420.0000 0.1860
7425.0000 0.1842
7430.0000 0.1824
7435.0000 0.1806
7440.0000 0.1787
7445.0000 0.1770
7450.0000 0.1752
7455.0000 0.1735
7460.0000 0.1716
7465.0000 0.1699
7470.0000 0.1682
7475.0000 0.1665
7480.0000 0.1648
7485.0000 0.1631
7490.0000 0.1614
7495.0000 0.1597
7500.0000 0.1581
7505.0000 0.1564
7510.0000 0.1548
7515.0000 0.1532
7520.0000 0.1516
7525.0000 0.1499
7530.0000 0.1483
7535.0000 0.1467
7540.0000 0.1451
7545.0000 0.1436
7550.0000 0.1420
7555.0000 0.1404
7560.0000 0.1389
7565.0000 0.1374
7570.0000 0.1359
7575.0000 0.1344
7580.0000 0.1328
7585.0000 0.1314
7590.0000 0.1299
7595.0000 0.1284
7600.0000 0.1270
7605.0000 0.1255
7610.0000 0.1241
7615.0000 0.1227
7620.0000 0.1212
7625.0000 0.1198
7630.0000 0.1184
7635.0000 0.1171
7640.0000 0.1157
7645.0000 0.1144
7650.0000 0.1130
7655.0000 0.1117
7660.0000 0.1104
7665.0000 0.1091
7670.0000 0.1078
7675.0000 0.1065
7680.0000 0.1052
7685.0000 0.1040
7690.0000 0.1027
7695.0000 0.1015
7700.0000 0.1002
7705.0000 0.0990
7710.0000 0.0978
7715.0000 0.0966
7720.0000 0.0954
7725.0000 0.0943
7730.0000 0.0931
7735.0000 0.0919
7740.0000 0.0908
7745.0000 0.0897
7750.0000 0.0886
7755.0000 0.0874
7760.0000 0.0863
7765.0000 0.0852
7770.0000 0.0842
7775.0000 0.0831
7780.0000 0.0821
7785.0000 0.0810
7790.0000 0.0800
7795.0000 0.0789
7800.0000 0.0779
7805.0000 0.0769
7810.0000 0.0759
7815.0000 0.0750
7820.0000 0.0740
7825.0000 0.0730
7830.0000 0.0721
7835.0000 0.0711
7840.0000 0.0702
7845.0000 0.0692
7850.0000 0.0683
7855.0000 0.0674
7860.0000 0.0666
7865.0000 0.0657
7870.0000 0.0648
7875.0000 0.0639
7880.0000 0.0631
7885.0000 0.0622
7890.0000 0.0614
7895.0000 0.0606
7900.0000 0.0597
7905.0000 0.0589
7910.0000 0.0582
7915.0000 0.0573
7920.0000 0.0566
7925.0000 0.0558
7930.0000 0.0550
7935.0000 0.0543
7940.0000 0.0535
7945.0000 0.0528
7950.0000 0.0520
7955.0000 0.0513
7960.0000 0.0506
7965.0000 0.0499
7970.0000 0.0492
7975.0000 0.0485
7980.0000 0.0478
7985.0000 0.0472
7990.0000 0.0465
7995.0000 0.0458
8000.0000 0.0452
8005.0000 0.0445
8010.0000 0.0439
8015.0000 0.0433
8020.0000 0.0426
8025.0000 0.0420
8030.0000 0.0414
8035.0000 0.0409
8040.0000 0.0403
8045.0000 0.0397
8050.0000 0.0391
8055.0000 0.0385
8060.0000 0.0380
8065.0000 0.0374
8070.0000 0.0368
8075.0000 0.0363
8080.0000 0.0358
8085.0000 0.0352
8090.0000 0.0347
8095.0000 0.0342
8100.0000 0.0337
8105.0000 0.0332
8110.0000 0.0327
8115.0000 0.0322
8120.0000 0.0317
8125.0000 0.0313
8130.0000 0.0308
8135.0000 0.0303
8140.0000 0.0299
8145.0000 0.0294
8150.0000 0.0290
8155.0000 0.0285
8160.0000 0.0281
8165.0000 0.0277
8170.0000 0.0273
8175.0000 0.0268
8180.0000 0.0264
8185.0000 0.0260
8190.0000 0.0256
8195.0000 0.0252
8200.0000 0.0248
8205.0000 0.0244
8210.0000 0.0241
8215.0000 0.0237
8220.0000 0.0233
8225.0000 0.0230
8230.0000 0.0226
8235.0000 0.0223
8240.0000 0.0219
8245.0000 0.0216
8250.0000 0.0212
8255.0000 0.0209
8260.0000 0.0206
8265.0000 0.0202
8270.0000 0.0199
8275.0000 0.0196
8280.0000 0.0193
8285.0000 0.0190
8290.0000 0.0187
8295.0000 0.0184
8300.0000 0.0181
8305.0000 0.0178
8310.0000 0.0175
8315.0000 0.0173
8320.0000 0.0170
8325.0000 0.0167
8330.0000 0.0164
8335.0000 0.0162
8340.0000 0.0159
8345.0000 0.0157
8350.0000 0.0154
8355.0000 0.0152
8360.0000 0.0149
8365.0000 0.0147
8370.0000 0.0144
8375.0000 0.0142
8380.0000 0.0140
8385.0000 0.0137
8390.0000 0.0135
8395.0000 0.0133
8400.0000 0.0131
8405.0000 0.0129
8410.0000 0.0126
8415.0000 0.0125
8420.0000 0.0123
8425.0000 0.0120
8430.0000 0.0119
8435.0000 0.0116
8440.0000 0.0115
8445.0000 0.0113
8450.0000 0.0111
8455.0000 0.0109
8460.0000 0.0107
8465.0000 0.0105
8470.0000 0.0104
8475.0000 0.0102
8480.0000 0.0100
8485.0000 0.0098
8490.0000 0.0097
8495.0000 0.0095
8500.0000 0.0094
8505.0000 0.0093
8510.0000 0.0091
8515.0000 0.0090
8520.0000 0.0088
8525.0000 0.0087
8530.0000 0.0085
8535.0000 0.0084
8540.0000 0.0082
8545.0000 0.0081
8550.0000 0.0080
8555.0000 0.0078
8560.0000 0.0077
8565.0000 0.0076
8570.0000 0.0074
8575.0000 0.0073
8580.0000 0.0072
8585.0000 0.0071
8590.0000 0.0069
8595.0000 0.0068
8600.0000 0.0067
8605.0000 0.0066
8610.0000 0.0065
8615.0000 0.0064
8620.0000 0.0063
8625.0000 0.0062
8630.0000 0.0061
8635.0000 0.0060
8640.0000 0.0058
8645.0000 0.0057
8650.0000 0.0056
8655.0000 0.0056
8660.0000 0.0055
8665.0000 0.0054
8670.0000 0.0053
8675.0000 0.0052
8680.0000 0.0051
8685.0000 0.0050
8690.0000 0.0049
8695.0000 0.0048
8700.0000 0.0048
8705.0000 0.0047
8710.0000 0.0046
8715.0000 0.0045
8720.0000 0.0044
8725.0000 0.0044
8730.0000 0.0043
8735.0000 0.0042
8740.0000 0.0041
8745.0000 0.0041
8750.0000 0.0040
8755.0000 0.0039
8760.0000 0.0039
8765.0000 0.0038
8770.0000 0.0037
8775.0000 0.0037
8780.0000 0.0036
8785.0000 0.0035
8790.0000 0.0035
8795.0000 0.0034
8800.0000 0.0034
8805.0000 0.0033
8810.0000 0.0032
8815.0000 0.0032
8820.0000 0.0031
8825.0000 0.0031
8830.0000 0.0030
8835.0000 0.0030
8840.0000 0.0029
8845.0000 0.0029
8850.0000 0.0028
8855.0000 0.0028
8860.0000 0.0027
8865.0000 0.0027
8870.0000 0.0026
8875.0000 0.0026
8880.0000 0.0025
8885.0000 0.0025
8890.0000 0.0025
8895.0000 0.0024
8900.0000 0.0024
8905.0000 0.0023
8910.0000 0.0023
8915.0000 0.0022
8920.0000 0.0022
8925.0000 0.0022
8930.0000 0.0021
8935.0000 0.0021
8940.0000 0.0021
8945.0000 0.0020
8950.0000 0.0020
8955.0000 0.0020
8960.0000 0.0019
8965.0000 0.0019
8970.0000 0.0018
8975.0000 0.0018
8980.0000 0.0018
8985.0000 0.0018
8990.0000 0.0017
8995.0000 0.0017
9000.0000 0.0017
9005.0000 0.0016
9010.0000 0.0016
9015.0000 0.0016
9020.0000 0.0016
9025.0000 0.0015
9030.0000 0.0015
9035.0000 0.0015
9040.0000 0.0015
9045.0000 0.0014
9050.0000 0.0014
9055.0000 0.0014
9060.0000 0.0014
9065.0000 0.0013
9070.0000 0.0013
9075.0000 0.0013
9080.0000 0.0013
9085.0000 0.0013
9090.0000 0.0012
9095.0000 0.0012
9100.0000 0.0012
9105.0000 0.0012
9110.0000 0.0011
9115.0000 0.0011
9120.0000 0.0011
9125.0000 0.0011
9130.0000 0.0011
9135.0000 0.0010
9140.0000 0.0010
9145.0000 0.0010
9150.0000 0.0010
9155.0000 0.0010
9160.0000 0.0010
9165.0000 0.0009
9170.0000 0.0009
9175.0000 0.0009
9180.0000 0.0009
9185.0000 0.0009
9190.0000 0.0009
9195.0000 0.0009
9200.0000 0.0008
9205.0000 0.0008
9210.0000 0.0008
9215.0000 0.0008
9220.0000 0.0008
9225.0000 0.0008
9230.0000 0.0008
9235.0000 0.0008
9240.0000 0.0007
9245.0000 0.0007
9250.0000 0.0007
9255.0000 0.0007
9260.0000 0.0007
9265.0000 0.0007
9270.0000 0.0007
9275.0000 0.0007
9280.0000 0.0006
9285.0000 0.0006
9290.0000 0.0006
9295.0000 0.0006
9300.0000 0.0006
9305.0000 0.0006
9310.0000 0.0006
9315.0000 0.0006
9320.0000 0.0006
9325.0000 0.0006
9330.0000 0.0006
9335.0000 0.0005
9340.0000 0.0005
9345.0000 0.0005
9350.0000 0.0005
9355.0000 0.0005
9360.0000 0.0005
9365.0000 0.0005
9370.0000 0.0005
9375.0000 0.0005
9380.0000 0.0005
9385.0000 0.0005
9390.0000 0.0005
9395.0000 0.0005
9400.0000 0.0004
9405.0000 0.0004
9410.0000 0.0004
9415.0000 0.0004
9420.0000 0.0004
9425.0000 0.0004
9430.0000 0.0004
9435.0000 0.0004
9440.0000 0.0004
9445.0000 0.0004
9450.0000 0.0004
9455.0000 0.0004
9460.0000 0.0004
9465.0000 0.0004
9470.0000 0.0004
9475.0000 0.0004
9480.0000 0.0003
9485.0000 0.0003
9490.0000 0.0003
9495.0000 0.0003
9500.0000 0.0003
9505.0000 0.0003
9510.0000 0.0003
9515.0000 0.0003
9520.0000 0.0003
9525.0000 0.0003
9530.0000 0.0003
9535.0000 0.0003
9540.0000 0.0003
9545.0000 0.0003
9550.0000 0.0003
9555.0000 0.0003
9560.0000 0.0003
9565.0000 0.0003
9570.0000 0.0003
9575.0000 0.0003
9580.0000 0.0003
9585.0000 0.0003
9590.0000 0.0003
9595.0000 0.0003
9600.0000 0.0002
9605.0000 0.0002
9610.0000 0.0002
9615.0000 0.0002
9620.0000 0.0002
9625.0000 0.0002
9630.0000 0.0002
9635.0000 0.0002
9640.0000 0.0002
9645.0000 0.0002
9650.0000 0.0002
9655.0000 0.0002
9660.0000 0.0002
9665.0000 0.0002
9670.0000 0.0002
9675.0000 0.0002
9680.0000 0.0002
9685.0000 0.0002
9690.0000 0.0002
9695.0000 0.0002
9700.0000 0.0002
9705.0000 0.0002
9710.0000 0.0002
9715.0000 0.0002
9720.0000 0.0002
9725.0000 0.0002
9730.0000 0.0002
9735.0000 0.0002
9740.0000 0.0002
9745.0000 0.0002
9750.0000 0.0002
9755.0000 0.0002
9760.0000 0.0002
9765.0000 0.0002
9770.0000 0.0002
9775.0000 0.0002
9780.0000 0.0002
9785.0000 0.0001
9790.0000 0.0001
9795.0000 0.0001
9800.0000 0.0001
9805.0000 0.0001
9810.0000 0.0001
9815.0000 0.0001
9820.0000 0.0001
9825.0000 0.0001
9830.0000 0.0001
9835.0000 0.0001
9840.0000 0.0001
9845.0000 0.0001
9850.0000 0.0001
9855.0000 0.0001
9860.0000 0.0001
9865.0000 0.0001
9870.0000 0.0001
9875.0000 0.0001
9880.0000 0.0001
9885.0000 0.0001
9890.0000 0.0001
9895.0000 0.0001
9900.0000 0.0001
9905.0000 0.0001
9910.0000 0.0001
9915.0000 0.0001
9920.0000 0.0001
9925.0000 0.0001
9930.0000 0.0001
9935.0000 0.0001
9940.0000 0.0001
9945.0000 0.0001
9950.0000 0.0001
9955.0000 0.0001
9960.0000 0.0001
9965.0000 0.0001
9970.0000 0.0001
9975.0000 0.0001
9980.0000 0.0001
9985.0000 0.0001
9990.0000 0.0001
9995.0000 0.0001
10000.0000 0.0001
10005.0000 0.0001
10010.0000 0.0001
10015.0000 0.0001
10020.0000 0.0001
10025.0000 0.0001
10030.0000 0.0001
10035.0000 0.0001
10040.0000 0.0001
10045.0000 0.0001
10050.0000 0.0001
10055.0000 0.0001
10060.0000 0.0001
10065.0000 0.0001
10070.0000 0.0001
10075.0000 0.0001
10080.0000 0.0001
10085.0000 0.0001
10090.0000 0.0001
10095.0000 0.0001
10100.0000 0.0001
10105.0000 0.0001
10110.0000 0.0001
10115.0000 0.0001
10120.0000 0.0001
10125.0000 0.0001
10130.0000 0.0001
10135.0000 0.0001
10140.0000 0.0001
10145.0000 0.0001
10150.0000 0.0001
10155.0000 0.0001
10160.0000 0.0001
10165.0000 0.0001
10170.0000 0.0001
10175.0000 0.0001
10180.0000 0.0001
10185.0000 0.0001
10190.0000 0.0001
10195.0000 0.0001
10200.0000 0.0001
10205.0000 0.0001
10210.0000 0.0001
10215.0000 0.0001
10220.0000 0.0001
10225.0000 0.0001
10230.0000 0.0001
10235.0000 0.0001
10240.0000 0.0001
10245.0000 0.0001
10250.0000 0.0001
10255.0000 0.0001
10260.0000 0.0001
10265.0000 0.0001
10270.0000 0.0001
10275.0000 0.0001
10280.0000 0.0001
10285.0000 0.0001
10290.0000 0.0001
10295.0000 0.0001
10300.0000 0.0001
10305.0000 0.0001
10310.0000 0.0001
10315.0000 0.0001
10320.0000 0.0001
10325.0000 0.0001
10330.0000 0.0001
10335.0000 0.0001
10340.0000 0.0001
10345.0000 0.0001
10350.0000 0.0001
10355.0000 0.0001
10360.0000 0.0001
10365.0000 0.0001
10370.0000 0.0001
10375.0000 0.0001
10380.0000 0.0001
10385.0000 0.0001
10390.0000 0.0001
10395.0000 0.0001
10400.0000 0.0001
10405.0000 0.0001
10410.0000 0.0001
10415.0000 0.0001
10420.0000 0.0001
10425.0000 0.0001
10430.0000 0.0001
10435.0000 0.0001
10440.0000 0.0001
10445.0000 0.0000
10450.0000 0.0001
10455.0000 0.0001
10460.0000 0.0001
10465.0000 0.0001
10470.0000 0.0001
10475.0000 0.0001
10480.0000 0.0001
10485.0000 0.0001
10490.0000 0.0001
10495.0000 0.0001
10500.0000 0.0001
10505.0000 0.0001
10510.0000 0.0001
10515.0000 0.0001
10520.0000 0.0001
10525.0000 0.0001
10530.0000 0.0001
10535.0000 0.0001
