14250.00 0.0000
14260.52 0.0000
14271.04 0.0000
14281.56 0.0003
14292.08 0.0010
14302.61 0.0013
14313.13 0.0023
14323.65 0.0031
14334.17 0.0033
14344.69 0.0041
14355.21 0.0043
14365.73 0.0053
14376.25 0.0061
14386.77 0.0063
14397.29 0.0071
14407.82 0.0073
14418.34 0.0083
14428.86 0.0092
14439.38 0.0093
14449.90 0.0102
14460.42 0.0103
14470.94 0.0113
14481.46 0.0122
14491.98 0.0123
14502.51 0.0132
14513.03 0.0133
14523.55 0.0144
14534.07 0.0156
14544.59 0.0178
14555.11 0.0207
14565.63 0.0267
14576.15 0.0277
14586.67 0.0317
14597.19 0.0327
14607.72 0.0368
14618.24 0.0377
14628.76 0.0418
14639.28 0.0428
14649.80 0.0468
14660.32 0.0488
14670.84 0.0529
14681.36 0.0539
14691.88 0.0599
14702.41 0.0700
14712.93 0.0791
14723.45 0.0893
14733.97 0.0985
14744.49 0.1087
14755.01 0.1178
14765.53 0.1280
14776.05 0.1382
14786.57 0.1474
14797.09 0.1576
14807.62 0.1668
14818.14 0.1753
14828.66 0.1836
14839.18 0.1944
14849.70 0.2175
14860.22 0.2448
14870.74 0.2688
14881.26 0.3653
14891.78 0.3808
14902.30 0.3954
14912.83 0.4107
14923.35 0.4262
14933.87 0.4441
14944.39 0.4671
14954.91 0.5052
14965.43 0.5587
14975.95 0.6051
14986.47 0.6446
14996.99 0.6711
15007.52 0.6877
15018.04 0.7042
15028.56 0.7208
15039.08 0.7360
15049.60 0.7507
15060.12 0.7636
15070.64 0.7759
15081.16 0.7868
15091.68 0.7959
15102.20 0.8032
15112.73 0.8078
15123.25 0.8129
15133.77 0.8174
15144.29 0.8220
15154.81 0.8266
15165.33 0.8302
15175.85 0.8342
15186.37 0.8373
15196.89 0.8413
15207.42 0.8443
15217.94 0.8483
15228.46 0.8514
15238.98 0.8558
15249.50 0.8584
15260.02 0.8623
15270.54 0.8644
15281.06 0.8664
15291.58 0.8684
15302.10 0.8704
15312.62 0.8724
15323.15 0.8744
15333.67 0.8764
15344.19 0.8781
15354.71 0.8798
15365.23 0.8808
15375.75 0.8815
15386.27 0.8818
15396.79 0.8826
15407.32 0.8826
15417.84 0.8826
15428.36 0.8828
15438.88 0.8836
15449.40 0.8838
15459.92 0.8840
15470.44 0.8858
15480.96 0.8869
15491.48 0.8879
15502.00 0.8889
15512.53 0.8901
15523.05 0.8911
15533.57 0.8921
15544.09 0.8938
15554.61 0.8938
15565.13 0.8938
15575.65 0.8939
15586.17 0.8948
15596.69 0.8949
15607.21 0.8959
15617.74 0.8969
15628.26 0.8979
15638.78 0.8989
15649.30 0.8999
15659.82 0.8999
15670.34 0.9009
15680.86 0.9009
15691.38 0.9019
15701.90 0.9019
15712.43 0.9029
15722.95 0.9029
15733.47 0.9039
15743.99 0.9039
15754.51 0.9049
15765.03 0.9050
15775.55 0.9060
15786.07 0.9060
15796.59 0.9070
15807.11 0.9070
15817.64 0.9080
15828.16 0.9080
15838.68 0.9090
15849.20 0.9090
15859.72 0.9100
15870.24 0.9110
15880.76 0.9111
15891.28 0.9111
15901.80 0.9111
15912.33 0.9119
15922.85 0.9121
15933.37 0.9129
15943.89 0.9131
15954.41 0.9139
15964.93 0.9141
15975.45 0.9149
15985.97 0.9151
15996.49 0.9159
16007.01 0.9162
16017.53 0.9169
16028.06 0.9172
16038.58 0.9180
16049.10 0.9182
16059.62 0.9190
16070.14 0.9192
16080.66 0.9200
16091.18 0.9202
16101.70 0.9210
16112.22 0.9220
16122.74 0.9223
16133.27 0.9223
16143.79 0.9230
16154.31 0.9233
16164.83 0.9233
16175.35 0.9239
16185.87 0.9243
16196.39 0.9243
16206.91 0.9243
16217.44 0.9249
16227.96 0.9253
16238.48 0.9253
16249.00 0.9259
16259.52 0.9263
16270.04 0.9258
16280.56 0.9248
16291.08 0.9237
16301.60 0.9227
16312.12 0.9207
16322.65 0.9202
16333.17 0.9187
16343.69 0.9172
16354.21 0.9157
16364.73 0.9141
16375.25 0.9127
16385.77 0.9111
16396.29 0.9096
16406.81 0.9080
16417.33 0.9056
16427.86 0.9036
16438.38 0.9015
16448.90 0.8985
16459.42 0.8955
16469.94 0.8934
16480.46 0.8904
16490.98 0.8874
16501.50 0.8854
16512.02 0.8823
16522.54 0.8803
16533.07 0.8783
16543.59 0.8752
16554.11 0.8732
16564.63 0.8712
16575.15 0.8684
16585.67 0.8682
16596.19 0.8654
16606.71 0.8651
16617.23 0.8621
16627.76 0.8611
16638.28 0.8603
16648.80 0.8603
16659.32 0.8601
16669.84 0.8582
16680.36 0.8581
16690.88 0.8572
16701.40 0.8571
16711.92 0.8562
16722.44 0.8561
16732.97 0.8552
16743.49 0.8552
16754.01 0.8551
16764.53 0.8542
16775.05 0.8542
16785.57 0.8542
16796.09 0.8542
16806.61 0.8542
16817.13 0.8542
16827.65 0.8552
16838.18 0.8562
16848.70 0.8572
16859.22 0.8593
16869.74 0.8603
16880.26 0.8613
16890.78 0.8623
16901.30 0.8633
16911.82 0.8633
16922.35 0.8633
16932.87 0.8643
16943.39 0.8644
16953.91 0.8644
16964.43 0.8653
16974.95 0.8654
16985.47 0.8654
16995.99 0.8663
17006.51 0.8673
17017.03 0.8673
17027.56 0.8674
17038.08 0.8674
17048.60 0.8674
17059.12 0.8674
17069.64 0.8674
17080.16 0.8674
17090.68 0.8674
17101.20 0.8674
17111.72 0.8674
17122.24 0.8674
17132.77 0.8674
17143.29 0.8667
17153.81 0.8664
17164.33 0.8657
17174.85 0.8654
17185.37 0.8647
17195.89 0.8644
17206.41 0.8637
17216.93 0.8634
17227.46 0.8627
17237.98 0.8624
17248.50 0.8617
17259.02 0.8613
17269.54 0.8607
17280.06 0.8603
17290.58 0.8597
17301.10 0.8593
17311.62 0.8587
17322.14 0.8577
17332.67 0.8573
17343.19 0.8567
17353.71 0.8557
17364.23 0.8547
17374.75 0.8542
17385.27 0.8537
17395.79 0.8527
17406.31 0.8517
17416.83 0.8507
17427.35 0.8497
17437.88 0.8487
17448.40 0.8471
17458.92 0.8446
17469.44 0.8426
17479.96 0.8406
17490.48 0.8385
17501.00 0.8345
17511.52 0.8294
17522.04 0.8244
17532.56 0.8183
17543.09 0.8020
17553.61 0.7868
17564.13 0.7807
17574.65 0.7757
17585.17 0.7706
17595.69 0.7645
17606.21 0.7594
17616.73 0.7544
17627.26 0.7483
17637.78 0.7290
17648.30 0.7026
17658.82 0.6843
17669.34 0.6661
17679.86 0.6478
17690.38 0.6295
17700.90 0.6184
17711.42 0.6174
17721.94 0.6133
17732.47 0.6093
17742.99 0.6022
17753.51 0.5920
17764.03 0.5819
17774.55 0.5717
17785.07 0.5616
17795.59 0.5514
17806.11 0.5413
17816.63 0.5271
17827.15 0.5088
17837.67 0.4905
17848.20 0.4713
17858.72 0.4530
17869.24 0.4347
17879.76 0.4114
17890.28 0.3850
17900.80 0.3586
17911.32 0.3413
17921.84 0.3352
17932.36 0.3292
17942.89 0.3231
17953.41 0.3170
17963.93 0.3109
17974.45 0.3018
17984.97 0.2906
17995.49 0.2642
18006.01 0.2378
18016.53 0.2256
18027.05 0.2135
18037.58 0.2013
18048.10 0.1891
18058.62 0.1780
18069.14 0.1698
18079.66 0.1587
18090.18 0.1455
18100.70 0.1374
18111.22 0.1333
18121.74 0.1293
18132.26 0.1252
18142.79 0.1212
18153.31 0.1171
18163.83 0.1131
18174.35 0.1090
18184.87 0.1050
18195.39 0.1009
18205.91 0.0969
18216.43 0.0958
18226.95 0.0918
18237.47 0.0867
18248.00 0.0817
18258.52 0.0776
18269.04 0.0725
18279.56 0.0675
18290.08 0.0553
18300.60 0.0533
18311.12 0.0513
18321.64 0.0492
18332.16 0.0472
18342.68 0.0452
18353.21 0.0432
18363.73 0.0411
18374.25 0.0389
18384.77 0.0381
18395.29 0.0351
18405.81 0.0341
18416.33 0.0338
18426.85 0.0328
18437.38 0.0300
18447.90 0.0298
18458.42 0.0288
18468.94 0.0260
18479.46 0.0257
18489.98 0.0247
18500.50 0.0240
18511.02 0.0227
18521.54 0.0190
18532.06 0.0186
18542.58 0.0176
18553.11 0.0169
18563.63 0.0155
18574.15 0.0139
18584.67 0.0129
18595.19 0.0125
18605.71 0.0119
18616.23 0.0115
18626.75 0.0115
18637.28 0.0115
18647.80 0.0109
18658.32 0.0105
18668.84 0.0105
18679.36 0.0100
18689.88 0.0094
18700.40 0.0094
18710.92 0.0094
18721.44 0.0090
18731.96 0.0084
18742.49 0.0084
18753.01 0.0084
18763.53 0.0080
18774.05 0.0074
18784.57 0.0074
18795.09 0.0074
18805.61 0.0074
18816.13 0.0070
18826.65 0.0064
18837.17 0.0064
18847.69 0.0064
18858.22 0.0064
18868.74 0.0061
18879.26 0.0054
18889.78 0.0054
18900.30 0.0054
18910.82 0.0054
18921.34 0.0051
18931.86 0.0044
18942.38 0.0044
18952.91 0.0044
18963.43 0.0044
18973.95 0.0044
18984.47 0.0044
18994.99 0.0044
19005.51 0.0044
19016.03 0.0044
19026.55 0.0044
19037.07 0.0044
19047.59 0.0044
19058.12 0.0044
19068.64 0.0044
19079.16 0.0045
19089.68 0.0054
19100.20 0.0054
19110.72 0.0054
19121.24 0.0054
19131.76 0.0054
19142.28 0.0054
19152.81 0.0054
19163.33 0.0054
19173.85 0.0054
19184.37 0.0054
19194.89 0.0054
19205.41 0.0054
19215.93 0.0054
19226.45 0.0054
19236.97 0.0054
19247.49 0.0044
19258.02 0.0044
19268.54 0.0044
19279.06 0.0044
19289.58 0.0044
19300.10 0.0044
19310.62 0.0034
19321.14 0.0034
19331.66 0.0034
19342.18 0.0034
19352.71 0.0034
19363.23 0.0034
19373.75 0.0034
19384.27 0.0025
19394.79 0.0024
19405.31 0.0024
19415.83 0.0024
19426.35 0.0024
19436.87 0.0024
19447.40 0.0015
19457.92 0.0014
19468.44 0.0014
19478.96 0.0014
19489.48 0.0014
19500.00 0.0014
