6380.00 0.0002
6382.00 0.0002
6384.00 0.0002
6386.00 0.0002
6388.00 0.0002
6390.00 0.0003
6392.00 0.0003
6394.00 0.0003
6396.00 0.0003
6398.00 0.0003
6400.00 0.0004
6402.00 0.0004
6404.00 0.0004
6406.00 0.0004
6408.00 0.0005
6410.00 0.0005
6412.00 0.0006
6414.00 0.0006
6416.00 0.0006
6418.00 0.0007
6420.00 0.0008
6422.00 0.0008
6424.00 0.0009
6426.00 0.0010
6428.00 0.0011
6430.00 0.0012
6432.00 0.0013
6434.00 0.0014
6436.00 0.0015
6438.00 0.0017
6440.00 0.0018
6442.00 0.0020
6444.00 0.0022
6446.00 0.0025
6448.00 0.0027
6450.00 0.0031
6452.00 0.0034
6454.00 0.0038
6456.00 0.0042
6458.00 0.0047
6460.00 0.0053
6462.00 0.0060
6464.00 0.0068
6466.00 0.0076
6468.00 0.0087
6470.00 0.0099
6472.00 0.0113
6474.00 0.0129
6476.00 0.0149
6478.00 0.0171
6480.00 0.0197
6482.00 0.0228
6484.00 0.0265
6486.00 0.0309
6488.00 0.0362
6490.00 0.0426
6492.00 0.0500
6494.00 0.0591
6496.00 0.0700
6498.00 0.0831
6500.00 0.0984
6502.00 0.1168
6504.00 0.1380
6506.00 0.1628
6508.00 0.1914
6510.00 0.2244
6512.00 0.2609
6514.00 0.3018
6516.00 0.3473
6518.00 0.3943
6520.00 0.4455
6522.00 0.4970
6524.00 0.5502
6526.00 0.6012
6528.00 0.6517
6530.00 0.6987
6532.00 0.7418
6534.00 0.7810
6536.00 0.8159
6538.00 0.8454
6540.00 0.8706
6542.00 0.8912
6544.00 0.9071
6546.00 0.9198
6548.00 0.9290
6550.00 0.9357
6552.00 0.9401
6554.00 0.9432
6556.00 0.9450
6558.00 0.9461
6560.00 0.9467
6562.00 0.9470
6564.00 0.9470
6566.00 0.9469
6568.00 0.9467
6570.00 0.9462
6572.00 0.9455
6574.00 0.9446
6576.00 0.9431
6578.00 0.9408
6580.00 0.9373
6582.00 0.9325
6584.00 0.9257
6586.00 0.9164
6588.00 0.9038
6590.00 0.8882
6592.00 0.8680
6594.00 0.8431
6596.00 0.8143
6598.00 0.7796
6600.00 0.7412
6602.00 0.6981
6604.00 0.6527
6606.00 0.6031
6608.00 0.5536
6610.00 0.5036
6612.00 0.4531
6614.00 0.4039
6616.00 0.3574
6618.00 0.3129
6620.00 0.2717
6622.00 0.2355
6624.00 0.2019
6626.00 0.1724
6628.00 0.1468
6630.00 0.1250
6632.00 0.1061
6634.00 0.0904
6636.00 0.0771
6638.00 0.0658
6640.00 0.0561
6642.00 0.0481
6644.00 0.0412
6646.00 0.0354
6648.00 0.0306
6650.00 0.0265
6652.00 0.0230
6654.00 0.0200
6656.00 0.0175
6658.00 0.0153
6660.00 0.0135
6662.00 0.0119
6664.00 0.0106
6666.00 0.0094
6668.00 0.0084
6670.00 0.0074
6672.00 0.0066
6674.00 0.0060
6676.00 0.0053
6678.00 0.0048
6680.00 0.0043
6682.00 0.0039
6684.00 0.0035
6686.00 0.0032
6688.00 0.0029
6690.00 0.0027
6692.00 0.0024
6694.00 0.0022
6696.00 0.0020
6698.00 0.0019
6700.00 0.0017
6702.00 0.0016
6704.00 0.0015
6706.00 0.0013
6708.00 0.0012
6710.00 0.0011
6712.00 0.0011
6714.00 0.0010
6716.00 0.0009
6718.00 0.0009
6720.00 0.0008
6722.00 0.0007
6724.00 0.0007
6726.00 0.0006
6728.00 0.0006
6730.00 0.0006
6732.00 0.0005
6734.00 0.0005
6736.00 0.0005
6738.00 0.0004
6740.00 0.0004
6742.00 0.0004
6744.00 0.0004
6746.00 0.0003
6748.00 0.0003
6750.00 0.0003
6752.00 0.0003
6754.00 0.0003
6756.00 0.0003
6758.00 0.0002
6760.00 0.0002
6762.00 0.0002
6764.00 0.0002
6766.00 0.0002
