6300.00 0.0000
6500.00 0.0050
6580.00 0.0100
6630.00 0.0200
6670.00 0.0300
6680.00 0.0400
6700.00 0.0500
6750.00 0.1100
6800.00 0.2000
6850.00 0.3500
6950.00 0.6700
7000.00 0.7900
7050.00 0.8500
7100.00 0.8700
7120.00 0.8700
7150.00 0.8850
7170.00 0.9000
7200.00 0.9300
7250.00 0.9650
7300.00 0.9350
7350.00 0.9050
7370.00 0.9050
7400.00 0.9200
7450.00 0.9600
7480.00 0.9800
7500.00 0.9700
7570.00 0.9450
7600.00 0.9500
7650.00 0.9750
7680.00 0.9800
7700.00 0.9650
7750.00 0.9200
7780.00 0.9100
7820.00 0.9300
7850.00 0.9550
7900.00 0.9800
7920.00 0.9700
7950.00 0.9500
8000.00 0.9050
8030.00 0.9000
8050.00 0.9100
8100.00 0.9500
8120.00 0.9700
8150.00 0.9750
8180.00 0.9600
8200.00 0.9400
8250.00 0.9000
8280.00 0.8900
8300.00 0.9000
8350.00 0.9400
8370.00 0.9500
8400.00 0.9500
8420.00 0.9400
8450.00 0.9250
8470.00 0.9000
8500.00 0.8600
8530.00 0.8000
8550.00 0.7800
8600.00 0.7250
8620.00 0.7100
8650.00 0.6000
8700.00 0.2000
8720.00 0.1000
8740.00 0.0500
8750.00 0.0300
8760.00 0.0200
8780.00 0.0100
8790.00 0.0100
8820.00 0.0050
8850.00 0.0025
9000.00 0.0000
