3900.00 0.0000
3950.00 0.0100
3960.00 0.0200
3980.00 0.0500
4000.00 0.0700
4020.00 0.1000
4040.00 0.1500
4060.00 0.2500
4070.00 0.3200
4080.00 0.3500
4090.00 0.3800
4110.00 0.3700
4130.00 0.3800
4140.00 0.4100
4160.00 0.5000
4180.00 0.6000
4190.00 0.6250
4200.00 0.6250
4240.00 0.5900
4260.00 0.6200
4270.00 0.6500
4300.00 0.7400
4310.00 0.7500
4320.00 0.7500
4340.00 0.7300
4360.00 0.7300
4400.00 0.7800
4420.00 0.8050
4440.00 0.8000
4460.00 0.7900
4480.00 0.7900
4540.00 0.8400
4560.00 0.8300
4600.00 0.8300
4660.00 0.8700
4720.00 0.8550
4800.00 0.8900
4840.00 0.8950
4920.00 0.8800
5000.00 0.8950
5020.00 0.8900
5080.00 0.8600
5100.00 0.8700
5140.00 0.8900
5170.00 0.8900
5200.00 0.8700
5230.00 0.8550
5260.00 0.8600
5280.00 0.8700
5300.00 0.8700
5340.00 0.8500
5370.00 0.8500
5380.00 0.8400
5400.00 0.8100
5420.00 0.7400
5440.00 0.7100
5460.00 0.7250
5470.00 0.7000
5480.00 0.5000
5500.00 0.1500
5510.00 0.0600
5520.00 0.0200
5530.00 0.0100
5540.00 0.0050
5600.00 0.0000
