3000.00 0.0000
3030.00 0.0100
3100.00 0.0300
3120.00 0.0500
3200.00 0.1800
3280.00 0.3500
3325.00 0.4500
3400.00 0.5300
3420.00 0.5600
3430.00 0.5600
3480.00 0.6000
3495.00 0.6000
3510.00 0.5700
3530.00 0.5850
3540.00 0.6400
3550.00 0.6250
3560.00 0.6250
3580.00 0.5500
3590.00 0.5350
3600.00 0.5550
3615.00 0.6250
3665.00 0.5300
3675.00 0.5300
3690.00 0.5700
3700.00 0.5700
3725.00 0.4000
3735.00 0.3500
3745.00 0.3300
3750.00 0.3300
3770.00 0.3500
3775.00 0.3600
3785.00 0.3600
3800.00 0.3100
3860.00 0.1500
3900.00 0.0500
3950.00 0.0150
4000.00 0.0000
