6418.00 0.0000
6420.00 0.0010
6422.00 0.0010
6424.00 0.0010
6426.00 0.0010
6428.00 0.0010
6430.00 0.0010
6432.00 0.0010
6434.00 0.0010
6436.00 0.0010
6438.00 0.0010
6440.00 0.0020
6442.00 0.0020
6444.00 0.0020
6446.00 0.0020
6448.00 0.0030
6450.00 0.0030
6452.00 0.0030
6454.00 0.0040
6456.00 0.0040
6458.00 0.0050
6460.00 0.0060
6462.00 0.0060
6464.00 0.0070
6466.00 0.0090
6468.00 0.0100
6470.00 0.0110
6472.00 0.0130
6474.00 0.0160
6476.00 0.0180
6478.00 0.0210
6480.00 0.0250
6482.00 0.0290
6484.00 0.0340
6486.00 0.0410
6488.00 0.0490
6490.00 0.0580
6492.00 0.0680
6494.00 0.0800
6496.00 0.0960
6498.00 0.1140
6500.00 0.1360
6502.00 0.1620
6504.00 0.1920
6506.00 0.2240
6508.00 0.2630
6510.00 0.3060
6512.00 0.3560
6514.00 0.4080
6516.00 0.4640
6518.00 0.5180
6520.00 0.5710
6522.00 0.6240
6524.00 0.6720
6526.00 0.7160
6528.00 0.7530
6530.00 0.7830
6532.00 0.8040
6534.00 0.8200
6536.00 0.8310
6538.00 0.8370
6540.00 0.8390
6542.00 0.8380
6544.00 0.8360
6546.00 0.8310
6548.00 0.8260
6550.00 0.8190
6552.00 0.8120
6554.00 0.8050
6556.00 0.7990
6558.00 0.7920
6560.00 0.7860
6562.00 0.7810
6564.00 0.7760
6566.00 0.7720
6568.00 0.7680
6570.00 0.7650
6572.00 0.7640
6574.00 0.7630
6576.00 0.7640
6578.00 0.7650
6580.00 0.7680
6582.00 0.7720
6584.00 0.7760
6586.00 0.7810
6588.00 0.7870
6590.00 0.7930
6592.00 0.7980
6594.00 0.8020
6596.00 0.8040
6598.00 0.8030
6600.00 0.7990
6602.00 0.7890
6604.00 0.7710
6606.00 0.7470
6608.00 0.7140
6610.00 0.6740
6612.00 0.6290
6614.00 0.5770
6616.00 0.5220
6618.00 0.4640
6620.00 0.4060
6622.00 0.3510
6624.00 0.3020
6626.00 0.2590
6628.00 0.2210
6630.00 0.1850
6632.00 0.1560
6634.00 0.1300
6636.00 0.1100
6638.00 0.0920
6640.00 0.0780
6642.00 0.0660
6644.00 0.0560
6646.00 0.0470
6648.00 0.0400
6650.00 0.0340
6652.00 0.0290
6654.00 0.0250
6656.00 0.0220
6658.00 0.0190
6660.00 0.0160
6662.00 0.0140
6664.00 0.0120
6666.00 0.0110
6668.00 0.0090
6670.00 0.0080
6672.00 0.0070
6674.00 0.0060
6676.00 0.0060
6678.00 0.0050
6680.00 0.0040
6682.00 0.0040
6684.00 0.0030
6686.00 0.0030
6688.00 0.0030
6690.00 0.0020
6692.00 0.0020
6694.00 0.0020
6696.00 0.0020
6698.00 0.0020
6700.00 0.0010
6702.00 0.0010
6704.00 0.0010
6706.00 0.0010
6708.00 0.0010
6710.00 0.0010
6712.00 0.0010
6714.00 0.0010
6716.00 0.0010
6718.00 0.0010
6720.00 0.0010
6722.00 0.0010
6724.00 0.0000
