3747.999900 0.001387
3750.000000 0.002072
3752.000100 0.003155
3753.999900 0.004921
3756.000100 0.007849
3757.999900 0.012680
3760.000000 0.020352
3762.000100 0.032167
3763.999900 0.050221
3766.000100 0.076042
3767.999900 0.110359
3770.000000 0.153207
3772.000100 0.202186
3773.999900 0.251634
3776.000100 0.300119
3777.999900 0.344134
3780.000000 0.380370
3782.000100 0.405876
3783.999900 0.421420
3786.000100 0.427548
3787.999900 0.428478
3790.000000 0.426635
3792.000100 0.426056
3793.999900 0.425785
3796.000100 0.427377
3797.999900 0.430530
3800.000000 0.432874
3802.000100 0.434871
3803.999900 0.436036
3806.000100 0.435594
3807.999900 0.433488
3810.000000 0.429794
3812.000100 0.425463
3813.999900 0.421149
3816.000100 0.417479
3817.999900 0.414577
3820.000000 0.413317
3822.000100 0.412703
3823.999900 0.414447
3826.000100 0.417094
3827.999900 0.420385
3830.000000 0.424001
3832.000100 0.427659
3833.999900 0.430852
3836.000100 0.434898
3837.999900 0.438123
3840.000000 0.440521
3842.000100 0.442683
3843.999900 0.445141
3846.000100 0.447542
3847.999900 0.449634
3850.000000 0.452616
3852.000100 0.455222
3853.999900 0.459209
3856.000100 0.463629
3857.999900 0.468182
3860.000000 0.472576
3862.000100 0.478355
3863.999900 0.483356
3866.000100 0.487936
3867.999900 0.492276
3870.000000 0.496287
3872.000100 0.499288
3873.999900 0.501176
3876.000100 0.503519
3877.999900 0.503696
3880.000000 0.504348
3882.000100 0.502863
3883.999900 0.501737
3886.000100 0.499431
3887.999900 0.497079
3890.000000 0.494038
3892.000100 0.490564
3893.999900 0.486542
3896.000100 0.483396
3897.999900 0.479711
3900.000000 0.476467
3902.000100 0.474303
3903.999900 0.472426
3906.000100 0.471420
3907.999900 0.471677
3910.000000 0.472537
3912.000100 0.474844
3913.999900 0.477334
3916.000100 0.481447
3917.999900 0.486187
3920.000000 0.492072
3922.000100 0.498173
3923.999900 0.503884
3926.000100 0.509478
3927.999900 0.514948
3930.000000 0.519778
3932.000100 0.523415
3933.999900 0.525903
3936.000100 0.526226
3937.999900 0.525638
3940.000000 0.524091
3942.000100 0.521540
3943.999900 0.517732
3946.000100 0.513553
3947.999900 0.509151
3950.000000 0.505610
3952.000100 0.501827
3953.999900 0.499165
3956.000100 0.497242
3957.999900 0.495436
3960.000000 0.495299
3962.000100 0.495834
3963.999900 0.496580
3966.000100 0.498359
3967.999900 0.501151
3970.000000 0.503239
3972.000100 0.506121
3973.999900 0.509173
3976.000100 0.512407
3977.999900 0.514547
3980.000000 0.516990
3982.000100 0.518908
3983.999900 0.520685
3986.000100 0.522745
3987.999900 0.524217
3990.000000 0.526668
3992.000100 0.528485
3993.999900 0.530759
3996.000100 0.533558
3997.999900 0.536492
4000.000000 0.540178
4002.000100 0.543266
4003.999900 0.546739
4006.000100 0.550132
4007.999900 0.553086
4010.000000 0.555016
4012.000100 0.556764
4013.999900 0.556973
4016.000100 0.555831
4017.999900 0.554699
4020.000000 0.552245
4022.000100 0.548860
4023.999900 0.544601
4026.000100 0.540048
4027.999900 0.536154
4030.000000 0.532247
4032.000100 0.528478
4033.999900 0.525862
4036.000100 0.524555
4037.999900 0.524456
4040.000000 0.524510
4042.000100 0.526703
4043.999900 0.529593
4046.000100 0.533405
4047.999900 0.538219
4050.000000 0.542470
4052.000100 0.547334
4053.999900 0.551805
4056.000100 0.555475
4057.999900 0.558381
4060.000000 0.558788
4062.000100 0.559115
4063.999900 0.557497
4066.000100 0.555027
4067.999900 0.551804
4070.000000 0.548496
4072.000100 0.545226
4073.999900 0.543186
4076.000100 0.541468
4077.999900 0.542135
4080.000000 0.544075
4082.000100 0.546934
4083.999900 0.550464
4086.000100 0.552059
4087.999900 0.549036
4090.000000 0.535717
4092.000100 0.507031
4093.999900 0.458979
4096.000100 0.395385
4097.999900 0.324385
4100.000000 0.251475
4102.000100 0.187562
4103.999900 0.133975
4106.000100 0.092944
4107.999900 0.064080
4110.000000 0.044628
4112.000100 0.031303
4113.999900 0.021900
4116.000100 0.015514
4117.999900 0.010983
4120.000000 0.007869
4122.000100 0.005687
4123.999900 0.004211
4126.000100 0.003139
4127.999900 0.002381
4130.000000 0.001796
4132.000100 0.001358
4133.999900 0.001046
