3600	0.003
3700	0.09
3800	0.31
3900	0.55
4000	0.70
4100	0.78
4200	0.82
4300	0.85
4400	0.86
4500	0.87
4600	0.88
4700	0.88
4800	0.88
4900	0.89
5000	0.89
5100	0.89
5200	0.89
5300	0.89
5400	0.89
5500	0.90
5600	0.90
5700	0.90
5800	0.90
5900	0.90
6000	0.90
6100	0.90
6200	0.90
6300	0.90
6400	0.90
6500	0.90
6600	0.90
6700	0.90
6800	0.90
6900	0.90
7000	0.90
7100	0.90
7200	0.90
7300	0.90
7400	0.90
7500	0.91
7600	0.91
7700	0.91
7800	0.91
7900	0.91
8000	0.91
8500	0.91
9000	0.91
9500	0.91
10000	0.91
10600	0.91
11000	0.91
