5484.734000 0.004070
5488.010000 0.004504
5491.286000 0.005014
5494.563000 0.005601
5497.839000 0.006265
5501.115000 0.007000
5504.392000 0.007804
5507.668000 0.008671
5510.944000 0.009599
5514.221000 0.010583
5517.498000 0.011623
5520.774000 0.012716
5524.050000 0.013863
5527.327000 0.015065
5530.604000 0.016326
5533.880000 0.017652
5537.157000 0.019054
5540.434000 0.020548
5543.711000 0.022153
5546.988000 0.023893
5550.265000 0.025793
5553.542000 0.027879
5556.819000 0.030179
5560.096000 0.032718
5563.373000 0.035517
5566.650000 0.038601
5569.927000 0.041989
5573.204000 0.045701
5576.481000 0.049756
5579.759000 0.054177
5583.036000 0.058982
5586.313000 0.064195
5589.591000 0.069833
5592.868000 0.075917
5596.146000 0.082461
5599.423000 0.089474
5602.701000 0.096962
5605.979000 0.104926
5609.256000 0.113360
5612.534000 0.122254
5615.812000 0.131590
5619.089000 0.141343
5622.367000 0.151482
5625.645000 0.161974
5628.923000 0.172781
5632.201000 0.183875
5635.479000 0.195228
5638.756000 0.206818
5642.035000 0.218625
5645.313000 0.230628
5648.591000 0.242796
5651.869000 0.255093
5655.147000 0.267474
5658.425000 0.279887
5661.704000 0.292285
5664.982000 0.304625
5668.260000 0.316871
5671.539000 0.329005
5674.817000 0.341015
5678.096000 0.352897
5681.374000 0.364648
5684.653000 0.376263
5687.931000 0.387731
5691.210000 0.399030
5694.489000 0.410133
5697.767000 0.421011
5701.046000 0.431638
5704.325000 0.441996
5707.604000 0.452072
5710.882000 0.461860
5714.162000 0.471363
5717.440000 0.480583
5720.719000 0.489525
5723.999000 0.498191
5727.277000 0.506583
5730.557000 0.514708
5733.835000 0.522569
5737.115000 0.530176
5740.394000 0.537539
5743.673000 0.544665
5746.953000 0.551554
5750.232000 0.558207
5753.511000 0.564619
5756.791000 0.570786
5760.070000 0.576713
5763.350000 0.582403
5766.629000 0.587866
5769.909000 0.593119
5773.188000 0.598174
5776.468000 0.603045
5779.748000 0.607743
5783.027000 0.612276
5786.307000 0.616647
5789.587000 0.620855
5792.867000 0.624907
5796.147000 0.628802
5799.427000 0.632543
5802.707000 0.636138
5805.987000 0.639592
5809.267000 0.642912
5812.547000 0.646101
5815.827000 0.649155
5819.107000 0.652069
5822.388000 0.654832
5825.668000 0.657436
5828.948000 0.659877
5832.229000 0.662157
5835.509000 0.664294
5838.789000 0.666310
5842.070000 0.668238
5845.350000 0.670107
5848.631000 0.671946
5851.911000 0.673759
5855.192000 0.675544
5858.473000 0.677278
5861.753000 0.678934
5865.034000 0.680489
5868.315000 0.681932
5871.596000 0.683269
5874.876000 0.684524
5878.157000 0.685726
5881.438000 0.686905
5884.719000 0.688077
5888.000000 0.689242
5891.281000 0.690388
5894.563000 0.691484
5897.844000 0.692513
5901.125000 0.693459
5904.406000 0.694321
5907.687000 0.695114
5910.968000 0.695863
5914.250000 0.696595
5917.531000 0.697335
5920.813000 0.698094
5924.094000 0.698871
5927.375000 0.699654
5930.657000 0.700419
5933.938000 0.701143
5937.220000 0.701803
5940.502000 0.702386
5943.784000 0.702885
5947.065000 0.703306
5950.347000 0.703656
5953.629000 0.703947
5956.911000 0.704188
5960.192000 0.704385
5963.475000 0.704543
5966.756000 0.704660
5970.039000 0.704733
5973.320000 0.704761
5976.603000 0.704744
5979.885000 0.704684
5983.167000 0.704586
5986.449000 0.704456
5989.731000 0.704303
5993.014000 0.704135
5996.296000 0.703962
5999.578000 0.703786
6002.861000 0.703614
6006.143000 0.703446
6009.426000 0.703283
6012.708000 0.703123
6015.991000 0.702965
6019.273000 0.702805
6022.556000 0.702643
6025.838000 0.702476
6029.122000 0.702303
6032.404000 0.702124
6035.687000 0.701939
6038.970000 0.701746
6042.252000 0.701546
6045.536000 0.701339
6048.818000 0.701125
6052.102000 0.700903
6055.385000 0.700675
6058.667000 0.700439
6061.951000 0.700195
6065.234000 0.699945
6068.517000 0.699687
6071.800000 0.699422
6075.083000 0.699149
6078.367000 0.698870
6081.650000 0.698583
6084.934000 0.698289
6088.217000 0.697987
6091.500000 0.697679
6094.784000 0.697363
6098.068000 0.697039
6101.351000 0.696709
6104.635000 0.696371
6107.918000 0.696026
6111.202000 0.695674
6114.486000 0.695314
6117.770000 0.694948
6121.054000 0.694573
6124.337000 0.694192
6127.622000 0.693803
6130.905000 0.693408
6134.189000 0.693004
6137.473000 0.692594
6140.757000 0.692176
6144.042000 0.691751
6147.326000 0.691319
6150.610000 0.690880
6153.894000 0.690433
6157.178000 0.689979
6160.463000 0.689518
6163.747000 0.689049
6167.031000 0.688573
6170.316000 0.688090
6173.601000 0.687600
6176.885000 0.687102
6180.169000 0.686597
6183.454000 0.686086
6186.739000 0.685566
6190.023000 0.685039
6193.308000 0.684505
6196.593000 0.683964
6199.877000 0.683416
6203.163000 0.682860
6206.447000 0.682297
6209.732000 0.681727
6213.017000 0.681149
6216.302000 0.680565
6219.587000 0.679972
6222.872000 0.679373
6226.157000 0.678767
6229.442000 0.678153
6232.728000 0.677531
6236.013000 0.676900
6239.298000 0.676261
6242.583000 0.675611
6245.869000 0.674948
6249.154000 0.674269
6252.439000 0.673571
6255.725000 0.672848
6259.010000 0.672097
6262.296000 0.671314
6265.582000 0.670499
6268.867000 0.669654
6272.153000 0.668786
6275.438000 0.667904
6278.724000 0.667020
6282.010000 0.666146
6285.296000 0.665293
6288.582000 0.664468
6291.868000 0.663676
6295.154000 0.662916
6298.439000 0.662185
6301.726000 0.661476
6305.012000 0.660785
6308.298000 0.660104
6311.584000 0.659429
6314.870000 0.658756
6318.156000 0.658083
6321.443000 0.657408
6324.729000 0.656729
6328.015000 0.656046
6331.302000 0.655359
6334.588000 0.654668
6337.875000 0.653972
6341.161000 0.653272
6344.447000 0.652567
6347.734000 0.651858
6351.021000 0.651145
6354.307000 0.650427
6357.594000 0.649705
6360.881000 0.648978
6364.167000 0.648247
6367.454000 0.647511
6370.741000 0.646771
6374.028000 0.646026
6377.315000 0.645277
6380.602000 0.644524
6383.889000 0.643766
6387.176000 0.643003
6390.463000 0.642236
6393.750000 0.641465
6397.038000 0.640690
6400.325000 0.639909
6403.612000 0.639125
6406.899000 0.638336
6410.187000 0.637542
6413.474000 0.636744
6416.761000 0.635942
6420.049000 0.635135
6423.336000 0.634324
6426.624000 0.633508
6429.911000 0.632688
6433.199000 0.631863
6436.487000 0.631034
6439.774000 0.630201
6443.062000 0.629363
6446.350000 0.628521
6449.638000 0.627674
6452.925000 0.626822
6456.213000 0.625967
6459.501000 0.625107
6462.789000 0.624242
6466.077000 0.623373
6469.365000 0.622499
6472.653000 0.621621
6475.941000 0.620739
6479.229000 0.619852
6482.518000 0.618961
6485.806000 0.618065
6489.094000 0.617165
6492.383000 0.616260
6495.671000 0.615351
6498.959000 0.614438
6502.248000 0.613520
6505.537000 0.612597
6508.825000 0.611671
6512.113000 0.610739
6515.402000 0.609803
6518.690000 0.608863
6521.979000 0.607919
6525.268000 0.606970
6528.557000 0.606016
6531.846000 0.605058
6535.134000 0.604096
6538.423000 0.603129
6541.712000 0.602158
6545.001000 0.601182
6548.290000 0.600202
6551.579000 0.599217
6554.868000 0.598228
6558.157000 0.597234
6561.447000 0.596236
6564.736000 0.595234
6568.025000 0.594227
6571.314000 0.593216
6574.604000 0.592200
6577.893000 0.591180
6581.182000 0.590155
6584.472000 0.589126
6587.761000 0.588093
6591.051000 0.587055
6594.340000 0.586012
6597.630000 0.584965
6600.919000 0.583914
6604.209000 0.582858
6607.499000 0.581798
6610.789000 0.580733
6614.079000 0.579664
6617.368000 0.578591
6620.658000 0.577512
6623.948000 0.576430
6627.238000 0.575343
6630.528000 0.574252
6633.818000 0.573156
6637.108000 0.572056
6640.398000 0.570951
6643.688000 0.569842
6646.979000 0.568729
6650.269000 0.567611
6653.559000 0.566488
6656.850000 0.565361
6660.140000 0.564230
6663.430000 0.563094
6666.721000 0.561954
6670.011000 0.560809
6673.302000 0.559660
6676.592000 0.558507
6679.883000 0.557349
6683.173000 0.556186
6686.464000 0.555019
6689.755000 0.553848
6693.045000 0.552672
6696.336000 0.551492
6699.627000 0.550307
6702.918000 0.549118
6706.209000 0.547925
6709.500000 0.546727
6712.791000 0.545524
6716.082000 0.544317
6719.373000 0.543106
6722.664000 0.541890
6725.955000 0.540670
6729.246000 0.539445
6732.538000 0.538216
6735.829000 0.536982
6739.120000 0.535744
6742.412000 0.534502
6745.703000 0.533255
6748.994000 0.532003
6752.286000 0.530748
6755.577000 0.529487
6758.869000 0.528223
6762.160000 0.526954
6765.452000 0.525680
6768.744000 0.524402
6772.035000 0.523119
6775.327000 0.521833
6778.619000 0.520541
6781.911000 0.519245
6785.203000 0.517945
6788.495000 0.516640
6791.786000 0.515331
6795.078000 0.514018
6798.371000 0.512700
6801.663000 0.511377
6804.955000 0.510050
6808.247000 0.508719
6811.539000 0.507383
6814.831000 0.506043
6818.123000 0.504698
6821.416000 0.503349
6824.708000 0.501995
6828.000000 0.500637
6831.292000 0.499275
6834.585000 0.497908
6837.877000 0.496536
6841.170000 0.495161
6844.463000 0.493780
6847.755000 0.492395
6851.048000 0.491006
6854.341000 0.489613
6857.633000 0.488215
6860.926000 0.486812
6864.219000 0.485405
6867.512000 0.483994
6870.805000 0.482578
6874.098000 0.481158
6877.391000 0.479733
6880.684000 0.478304
6883.977000 0.476870
6887.270000 0.475432
6890.563000 0.473990
6893.856000 0.472542
6897.149000 0.471090
6900.443000 0.469634
6903.736000 0.468172
6907.029000 0.466705
6910.323000 0.465233
6913.616000 0.463755
6916.909000 0.462272
6920.203000 0.460786
6923.497000 0.459298
6926.790000 0.457810
6930.083000 0.456323
6933.377000 0.454840
6936.671000 0.453358
6939.965000 0.451873
6943.258000 0.450378
6946.552000 0.448863
6949.846000 0.447319
6953.140000 0.445739
6956.434000 0.444118
6959.728000 0.442458
6963.022000 0.440766
6966.316000 0.439052
6969.610000 0.437331
6972.904000 0.435615
6976.198000 0.433918
6979.493000 0.432248
6982.787000 0.430613
6986.081000 0.429020
6989.375000 0.427472
6992.670000 0.425973
6995.964000 0.424523
6999.258000 0.423119
7002.553000 0.421757
7005.848000 0.420426
7009.142000 0.419112
7012.437000 0.417801
7015.731000 0.416476
7019.026000 0.415123
7022.321000 0.413727
7025.616000 0.412273
7028.910000 0.410751
7032.205000 0.409150
7035.500000 0.407460
7038.795000 0.405681
7042.090000 0.403816
7045.385000 0.401880
7048.680000 0.399900
7051.975000 0.397912
7055.270000 0.395962
7058.565000 0.394101
7061.860000 0.392378
7065.156000 0.390833
7068.451000 0.389490
7071.746000 0.388354
7075.042000 0.387405
7078.337000 0.386604
7081.632000 0.385896
7084.928000 0.385223
7088.224000 0.384531
7091.519000 0.383776
7094.814000 0.382929
7098.110000 0.381977
7101.406000 0.380917
7104.702000 0.379749
7107.998000 0.378475
7111.293000 0.377088
7114.589000 0.375574
7117.885000 0.373914
7121.181000 0.372084
7124.477000 0.370067
7127.773000 0.367858
7131.069000 0.365472
7134.365000 0.362948
7137.661000 0.360349
7140.957000 0.357754
7144.253000 0.355247
7147.549000 0.352907
7150.846000 0.350791
7154.142000 0.348931
7157.438000 0.347327
7160.735000 0.345951
7164.031000 0.344753
7167.328000 0.343677
7170.624000 0.342664
7173.921000 0.341665
7177.217000 0.340646
7180.514000 0.339584
7183.811000 0.338475
7187.107000 0.337323
7190.404000 0.336137
7193.701000 0.334927
7196.998000 0.333700
7200.294000 0.332457
7203.591000 0.331198
7206.889000 0.329920
7210.186000 0.328621
7213.482000 0.327303
7216.780000 0.325966
7220.077000 0.324615
7223.374000 0.323252
7226.671000 0.321878
7229.968000 0.320492
7233.265000 0.319096
7236.563000 0.317693
7239.860000 0.316287
7243.157000 0.314885
7246.455000 0.313494
7249.752000 0.312118
7253.050000 0.310756
7256.348000 0.309401
7259.645000 0.308043
7262.942000 0.306670
7266.240000 0.305272
7269.538000 0.303838
7272.835000 0.302365
7276.133000 0.300853
7279.431000 0.299309
7282.729000 0.297746
7286.027000 0.296177
7289.325000 0.294621
7292.623000 0.293095
7295.921000 0.291618
7299.219000 0.290201
7302.517000 0.288854
7305.815000 0.287581
7309.113000 0.286379
7312.412000 0.285242
7315.710000 0.284162
7319.008000 0.283125
7322.307000 0.282118
7325.605000 0.281124
7328.903000 0.280126
7332.202000 0.279107
7335.500000 0.278050
7338.799000 0.276942
7342.097000 0.275773
7345.396000 0.274538
7348.695000 0.273236
7351.993000 0.271872
7355.292000 0.270453
7358.591000 0.268989
7361.890000 0.267495
7365.188000 0.265985
7368.487000 0.264475
7371.786000 0.262979
7375.085000 0.261513
7378.384000 0.260086
7381.684000 0.258707
7384.982000 0.257382
7388.281000 0.256111
7391.581000 0.254895
7394.880000 0.253729
7398.179000 0.252608
7401.479000 0.251525
7404.778000 0.250470
7408.077000 0.249432
7411.376000 0.248399
7414.676000 0.247357
7417.976000 0.246291
7421.275000 0.245192
7424.575000 0.244050
7427.874000 0.242862
7431.174000 0.241628
7434.474000 0.240357
7437.773000 0.239058
7441.073000 0.237745
7444.373000 0.236434
7447.673000 0.235135
7450.973000 0.233861
7454.272000 0.232617
7457.572000 0.231407
7460.873000 0.230229
7464.172000 0.229080
7467.473000 0.227956
7470.773000 0.226852
7474.073000 0.225764
7477.373000 0.224688
7480.673000 0.223622
7483.974000 0.222564
7487.274000 0.221512
7490.574000 0.220462
7493.875000 0.219410
7497.175000 0.218353
7500.476000 0.217284
7503.776000 0.216199
7507.077000 0.215091
7510.377000 0.213957
7513.678000 0.212792
7516.979000 0.211599
7520.279000 0.210379
7523.580000 0.209138
7526.881000 0.207887
7530.182000 0.206637
7533.482000 0.205396
7536.784000 0.204174
7540.084000 0.202976
7543.386000 0.201804
7546.687000 0.200657
7549.987000 0.199535
7553.289000 0.198434
7556.590000 0.197355
7559.891000 0.196298
7563.192000 0.195263
7566.494000 0.194251
7569.795000 0.193262
7573.096000 0.192294
7576.397000 0.191342
7579.699000 0.190402
7583.000000 0.189462
7586.302000 0.188517
7589.604000 0.187556
7592.905000 0.186576
7596.207000 0.185573
7599.508000 0.184550
7602.810000 0.183510
7606.112000 0.182459
7609.414000 0.181402
7612.716000 0.180342
7616.018000 0.179280
7619.319000 0.178214
7622.621000 0.177142
7625.923000 0.176062
7629.225000 0.174976
7632.527000 0.173887
7635.830000 0.172804
7639.132000 0.171733
7642.434000 0.170684
7645.736000 0.169660
7649.038000 0.168664
7652.340000 0.167692
7655.643000 0.166740
7658.945000 0.165801
7662.248000 0.164867
7665.550000 0.163934
7668.853000 0.162998
7672.155000 0.162058
7675.458000 0.161113
7678.761000 0.160166
7682.063000 0.159216
7685.366000 0.158266
7688.668000 0.157316
7691.971000 0.156366
7695.274000 0.155416
7698.577000 0.154467
7701.880000 0.153521
7705.183000 0.152579
7708.486000 0.151644
7711.789000 0.150719
7715.092000 0.149806
7718.395000 0.148908
7721.698000 0.148028
7725.001000 0.147164
7728.305000 0.146315
7731.608000 0.145479
7734.911000 0.144649
7738.215000 0.143822
7741.518000 0.142993
7744.821000 0.142158
7748.125000 0.141318
7751.428000 0.140473
7754.732000 0.139625
7758.036000 0.138779
7761.339000 0.137937
7764.643000 0.137102
7767.946000 0.136275
7771.250000 0.135457
7774.554000 0.134646
7777.858000 0.133841
7781.162000 0.133038
7784.465000 0.132234
7787.770000 0.131427
7791.073000 0.130613
7794.377000 0.129790
7797.682000 0.128958
7800.986000 0.128119
7804.290000 0.127276
7807.594000 0.126433
7810.898000 0.125593
7814.202000 0.124760
7817.507000 0.123937
7820.811000 0.123125
7824.115000 0.122323
7827.420000 0.121531
7830.724000 0.120748
7834.029000 0.119970
7837.333000 0.119197
7840.638000 0.118425
7843.942000 0.117654
7847.247000 0.116884
7850.552000 0.116115
7853.856000 0.115350
7857.161000 0.114590
7860.466000 0.113837
7863.771000 0.113091
7867.076000 0.112354
7870.381000 0.111624
7873.686000 0.110899
7876.991000 0.110180
7880.296000 0.109464
7883.601000 0.108750
7886.906000 0.108040
7890.211000 0.107330
7893.517000 0.106622
7896.822000 0.105916
7900.127000 0.105210
7903.432000 0.104504
7906.738000 0.103796
7910.043000 0.103084
7913.349000 0.102364
7916.654000 0.101636
7919.959000 0.100898
7923.265000 0.100152
7926.571000 0.099402
7929.876000 0.098651
7933.182000 0.097903
7936.488000 0.097162
7939.793000 0.096430
7943.099000 0.095706
7946.405000 0.094989
7949.711000 0.094279
7953.017000 0.093576
7956.323000 0.092880
7959.629000 0.092193
7962.935000 0.091515
7966.241000 0.090847
7969.547000 0.090189
7972.854000 0.089541
7976.160000 0.088904
7979.466000 0.088278
7982.772000 0.087663
7986.079000 0.087062
7989.385000 0.086472
7992.691000 0.085895
7995.998000 0.085329
7999.304000 0.084772
8002.611000 0.084219
8005.917000 0.083667
8009.224000 0.083111
8012.530000 0.082547
8015.837000 0.081970
8019.144000 0.081379
8022.451000 0.080773
8025.757000 0.080156
8029.064000 0.079532
8032.371000 0.078907
8035.678000 0.078288
8038.985000 0.077681
8042.292000 0.077091
8045.599000 0.076520
8048.906000 0.075969
8052.213000 0.075434
8055.521000 0.074912
8058.828000 0.074396
8062.135000 0.073883
8065.442000 0.073368
8068.750000 0.072850
8072.057000 0.072328
8075.364000 0.071802
8078.671000 0.071275
8081.979000 0.070748
8085.287000 0.070223
8088.594000 0.069701
8091.901000 0.069185
8095.209000 0.068678
8098.517000 0.068182
8101.825000 0.067700
8105.132000 0.067233
8108.440000 0.066782
8111.748000 0.066344
8115.056000 0.065915
8118.364000 0.065490
8121.672000 0.065065
8124.980000 0.064634
8128.288000 0.064191
8131.596000 0.063734
8134.904000 0.063256
8138.212000 0.062758
8141.520000 0.062236
8144.829000 0.061693
8148.137000 0.061131
8151.445000 0.060554
8154.753000 0.059964
8158.062000 0.059367
8161.370000 0.058764
8164.679000 0.058159
8167.987000 0.057554
8171.296000 0.056952
8174.604000 0.056357
8177.913000 0.055774
8181.222000 0.055209
8184.530000 0.054667
8187.839000 0.054152
8191.148000 0.053664
8194.457000 0.053202
8197.766000 0.052762
8201.074000 0.052340
8204.384000 0.051931
8207.692000 0.051532
8211.001000 0.051143
8214.311000 0.050765
8217.620000 0.050402
8220.929000 0.050057
8224.238000 0.049730
8227.547000 0.049420
8230.856000 0.049121
8234.166000 0.048825
8237.476000 0.048522
8240.784000 0.048204
8244.094000 0.047866
8247.403000 0.047508
8250.713000 0.047134
8254.022000 0.046751
8257.332000 0.046369
8260.642000 0.045998
8263.951000 0.045644
8267.261000 0.045311
8270.570000 0.044996
8273.880000 0.044695
8277.190000 0.044400
8280.500000 0.044103
8283.810000 0.043800
8287.120000 0.043487
8290.430000 0.043167
8293.740000 0.042840
8297.050000 0.042510
8300.360000 0.042180
8303.670000 0.041853
8306.980000 0.041531
8310.291000 0.041214
8313.601000 0.040903
8316.911000 0.040596
8320.222000 0.040294
8323.532000 0.039994
8326.842000 0.039694
8330.152000 0.039395
8333.463000 0.039096
8336.773000 0.038798
8340.084000 0.038503
8343.395000 0.038214
8346.705000 0.037933
8350.017000 0.037665
8353.327000 0.037410
8356.638000 0.037168
8359.948000 0.036935
8363.260000 0.036708
8366.570000 0.036480
8369.881000 0.036246
8373.192000 0.036002
8376.503000 0.035746
8379.814000 0.035480
8383.125000 0.035205
8386.437000 0.034930
8389.748000 0.034660
8393.059000 0.034404
8396.370000 0.034166
8399.682000 0.033950
8402.993000 0.033753
8406.304000 0.033571
8409.615000 0.033395
8412.927000 0.033216
8416.238000 0.033024
8419.550000 0.032811
8422.861000 0.032572
8426.173000 0.032306
8429.485000 0.032012
8432.797000 0.031692
8436.108000 0.031351
8439.420000 0.030993
8442.731000 0.030629
8446.044000 0.030264
8449.355000 0.029909
8452.667000 0.029572
8455.979000 0.029262
8459.291000 0.028983
8462.604000 0.028735
8465.915000 0.028516
8469.228000 0.028320
8472.540000 0.028142
8475.852000 0.027975
8479.164000 0.027813
8482.477000 0.027649
8485.789000 0.027480
8489.102000 0.027302
8492.414000 0.027114
8495.726000 0.026916
8499.038000 0.026712
8502.352000 0.026507
8505.664000 0.026307
8508.977000 0.026117
8512.289000 0.025944
8515.602000 0.025789
8518.914000 0.025651
8522.228000 0.025527
8525.540000 0.025412
8528.853000 0.025296
8532.166000 0.025175
8535.479000 0.025042
8538.791000 0.024895
8542.104000 0.024734
8545.417000 0.024562
8548.730000 0.024381
8552.043000 0.024193
8555.356000 0.023999
8558.670000 0.023798
8561.983000 0.023589
8565.297000 0.023372
8568.609000 0.023147
8571.923000 0.022915
8575.236000 0.022681
8578.550000 0.022449
8581.863000 0.022227
8585.177000 0.022017
8588.490000 0.021823
8591.804000 0.021647
8595.118000 0.021488
8598.432000 0.021344
8601.745000 0.021211
8605.059000 0.021087
8608.373000 0.020968
8611.687000 0.020852
8615.000000 0.020737
8618.314000 0.020622
8621.628000 0.020505
8624.942000 0.020384
8628.256000 0.020257
8631.570000 0.020122
8634.885000 0.019978
8638.198000 0.019824
8641.513000 0.019660
8644.827000 0.019490
8648.142000 0.019316
8651.455000 0.019145
8654.770000 0.018981
8658.084000 0.018828
8661.398000 0.018688
8664.713000 0.018562
8668.027000 0.018445
8671.342000 0.018334
8674.656000 0.018220
8677.972000 0.018095
8681.286000 0.017954
8684.601000 0.017794
8687.916000 0.017614
8691.230000 0.017421
8694.545000 0.017224
8697.860000 0.017032
8701.175000 0.016857
8704.489000 0.016707
8707.805000 0.016586
8711.120000 0.016493
8714.435000 0.016424
8717.750000 0.016371
8721.065000 0.016325
8724.380000 0.016277
8727.695000 0.016220
8731.011000 0.016151
8734.326000 0.016069
8737.642000 0.015978
8740.957000 0.015882
8744.272000 0.015789
8747.588000 0.015703
8750.903000 0.015627
8754.219000 0.015561
8757.534000 0.015504
8760.850000 0.015448
8764.165000 0.015390
8767.481000 0.015322
8770.797000 0.015242
8774.112000 0.015147
8777.429000 0.015040
8780.744000 0.014922
8784.061000 0.014800
8787.376000 0.014677
8790.692000 0.014556
8794.008000 0.014442
8797.324000 0.014333
8800.641000 0.014230
8803.957000 0.014132
8807.272000 0.014036
8810.589000 0.013939
8813.905000 0.013840
8817.222000 0.013737
8820.538000 0.013628
8823.854000 0.013516
8827.171000 0.013402
8830.487000 0.013292
8833.804000 0.013191
8837.120000 0.013099
8840.437000 0.013018
8843.753000 0.012944
8847.070000 0.012871
8850.387000 0.012793
8853.703000 0.012706
8857.021000 0.012612
8860.337000 0.012514
8863.654000 0.012419
8866.971000 0.012335
8870.288000 0.012266
8873.604000 0.012215
8876.922000 0.012180
8880.239000 0.012155
8883.556000 0.012133
8886.873000 0.012107
8890.190000 0.012071
8893.507000 0.012021
8896.824000 0.011955
8900.142000 0.011876
8903.459000 0.011786
8906.776000 0.011690
8910.094000 0.011595
8913.411000 0.011506
8916.729000 0.011430
8920.046000 0.011371
8923.364000 0.011334
8926.682000 0.011319
8929.999000 0.011329
8933.317000 0.011359
8936.635000 0.011405
8939.952000 0.011459
8943.271000 0.011514
8946.588000 0.011561
8949.906000 0.011595
8953.224000 0.011613
8956.542000 0.011612
8959.859000 0.011595
8963.178000 0.011563
8966.496000 0.011521
8969.814000 0.011471
8973.133000 0.011417
8976.450000 0.011361
8979.769000 0.011303
8983.087000 0.011247
8986.405000 0.011194
8989.724000 0.011149
8993.042000 0.011112
8996.360000 0.011087
8999.679000 0.011073
9002.998000 0.011070
9006.316000 0.011074
9009.635000 0.011078
9012.953000 0.011075
9016.272000 0.011056
9019.591000 0.011014
9022.909000 0.010942
9026.229000 0.010839
9029.547000 0.010707
9032.866000 0.010551
9036.185000 0.010378
9039.504000 0.010197
9042.822000 0.010017
9046.142000 0.009843
9049.461000 0.009681
9052.780000 0.009536
9056.100000 0.009411
9059.418000 0.009309
9062.737000 0.009233
9066.057000 0.009184
9069.376000 0.009163
9072.695000 0.009166
9076.015000 0.009188
9079.334000 0.009221
9082.653000 0.009254
9085.974000 0.009279
9089.293000 0.009285
9092.612000 0.009268
9095.933000 0.009228
9099.252000 0.009166
9102.571000 0.009089
9105.892000 0.009004
9109.211000 0.008920
9112.531000 0.008847
9115.851000 0.008792
9119.171000 0.008762
9122.490000 0.008762
9125.811000 0.008794
9129.131000 0.008855
9132.450000 0.008942
9135.771000 0.009044
9139.091000 0.009151
9142.411000 0.009252
9145.731000 0.009334
9149.052000 0.009389
9152.372000 0.009412
9155.692000 0.009403
9159.013000 0.009364
9162.333000 0.009304
9165.653000 0.009230
9168.975000 0.009149
9172.295000 0.009067
9175.615000 0.008986
9178.936000 0.008906
9182.257000 0.008827
9185.577000 0.008747
9188.898000 0.008662
9192.219000 0.008572
9195.539000 0.008477
9198.860000 0.008378
9202.182000 0.008275
9205.502000 0.008171
9208.823000 0.008069
9212.145000 0.007973
9215.465000 0.007887
9218.786000 0.007817
9222.107000 0.007768
9225.429000 0.007743
9228.750000 0.007745
9232.071000 0.007771
9235.393000 0.007819
9238.714000 0.007885
9242.035000 0.007964
9245.356000 0.008053
9248.678000 0.008146
9252.000000 0.008240
9255.321000 0.008333
9258.643000 0.008421
9261.965000 0.008504
9265.286000 0.008582
9268.607000 0.008655
9271.930000 0.008724
9275.251000 0.008790
9278.573000 0.008852
9281.895000 0.008910
9285.217000 0.008961
9288.539000 0.009003
9291.860000 0.009035
9295.183000 0.009057
9298.505000 0.009068
9301.827000 0.009071
9305.149000 0.009066
9308.471000 0.009056
9311.794000 0.009043
9315.115000 0.009028
9318.438000 0.009011
9321.761000 0.008994
9325.083000 0.008976
9328.405000 0.008958
9331.728000 0.008940
9335.050000 0.008922
9338.372000 0.008904
9341.695000 0.008886
9345.018000 0.008868
9348.340000 0.008850
9351.663000 0.008832
9354.985000 0.008814
9358.309000 0.008795
9361.631000 0.008777
9364.954000 0.008759
9368.277000 0.008741
9371.600000 0.008723
9374.923000 0.008705
9378.246000 0.008687
9381.569000 0.008669
9384.893000 0.008651
9388.215000 0.008633
9391.538000 0.008615
9394.861000 0.008597
9398.185000 0.008579
9401.508000 0.008561
9404.832000 0.008543
9408.155000 0.008525
9411.479000 0.008507
9414.802000 0.008489
9418.125000 0.008470
9421.448000 0.008452
9424.772000 0.008434
9428.096000 0.008416
9431.419000 0.008398
9434.743000 0.008380
9438.067000 0.008362
9441.391000 0.008344
9444.715000 0.008326
9448.038000 0.008308
9451.362000 0.008290
9454.687000 0.008272
9458.010000 0.008254
9461.334000 0.008236
9464.658000 0.008218
9467.982000 0.008200
9471.307000 0.008182
9474.631000 0.008164
9477.955000 0.008146
9481.279000 0.008127
9484.604000 0.008109
9487.928000 0.008091
9491.252000 0.008073
9494.576000 0.008055
9497.900000 0.008037
9501.226000 0.008019
9504.550000 0.008001
9507.874000 0.007983
9511.199000 0.007965
9514.523000 0.007947
9517.849000 0.007929
9521.173000 0.007911
9524.498000 0.007893
9527.822000 0.007875
9531.147000 0.007857
9534.472000 0.007839
9537.797000 0.007821
9541.122000 0.007802
9544.447000 0.007784
9547.772000 0.007766
9551.098000 0.007748
9554.422000 0.007730
9557.748000 0.007712
9561.072000 0.007694
9564.397000 0.007676
9567.724000 0.007658
9571.049000 0.007640
9574.374000 0.007622
9577.699000 0.007604
9581.024000 0.007586
9584.350000 0.007568
9587.676000 0.007550
9591.001000 0.007532
9594.327000 0.007514
9597.652000 0.007496
9600.979000 0.007477
9604.304000 0.007459
9607.629000 0.007441
9610.955000 0.007423
9614.281000 0.007405
9617.606000 0.007387
9620.933000 0.007369
9624.259000 0.007351
9627.585000 0.007333
9630.911000 0.007315
9634.237000 0.007297
9637.563000 0.007279
9640.890000 0.007261
9644.216000 0.007243
9647.541000 0.007225
9650.868000 0.007207
9654.194000 0.007189
9657.521000 0.007171
9660.847000 0.007152
9664.174000 0.007134
9667.500000 0.007116
9670.826000 0.007098
9674.153000 0.007080
9677.479000 0.007062
9680.807000 0.007044
9684.133000 0.007026
9687.459000 0.007008
9690.786000 0.006990
9694.113000 0.006972
9697.439000 0.006954
9700.767000 0.006936
9704.094000 0.006918
9707.421000 0.006900
9710.747000 0.006882
9714.074000 0.006864
9717.401000 0.006846
9720.729000 0.006828
9724.056000 0.006809
9727.383000 0.006791
9730.710000 0.006773
9734.037000 0.006755
9737.364000 0.006737
9740.692000 0.006719
9744.020000 0.006701
9747.347000 0.006683
9750.674000 0.006665
9754.002000 0.006647
9757.329000 0.006629
9760.657000 0.006611
9763.984000 0.006593
9767.313000 0.006575
9770.640000 0.006557
9773.968000 0.006539
9777.296000 0.006521
9780.623000 0.006503
9783.951000 0.006484
9787.279000 0.006466
9790.606000 0.006448
9793.936000 0.006430
9797.263000 0.006412
9800.591000 0.006394
9803.919000 0.006376
9807.247000 0.006358
9810.575000 0.006340
9813.903000 0.006322
9817.231000 0.006304
9820.561000 0.006286
9823.889000 0.006268
9827.217000 0.006250
9830.545000 0.006232
9833.874000 0.006214
9837.202000 0.006196
9840.530000 0.006178
9843.859000 0.006159
9847.188000 0.006141
9850.517000 0.006123
9853.845000 0.006105
9857.174000 0.006087
9860.503000 0.006069
9863.831000 0.006051
9867.160000 0.006033
9870.489000 0.006015
9873.818000 0.005997
9877.147000 0.005979
9880.477000 0.005961
9883.805000 0.005943
9887.135000 0.005925
9890.464000 0.005907
9893.793000 0.005889
9897.122000 0.005871
9900.451000 0.005853
9903.780000 0.005834
9907.109000 0.005816
9910.439000 0.005798
9913.769000 0.005780
9917.098000 0.005762
9920.428000 0.005744
9923.757000 0.005726
9927.087000 0.005708
9930.416000 0.005690
9933.746000 0.005672
9937.075000 0.005654
9940.405000 0.005636
9943.734000 0.005618
9947.064000 0.005600
9950.395000 0.005582
9953.725000 0.005564
9957.054000 0.005546
9960.385000 0.005528
9963.714000 0.005510
9967.044000 0.005491
9970.375000 0.005473
9973.704000 0.005455
9977.034000 0.005437
9980.365000 0.005419
9983.695000 0.005401
9987.025000 0.005383
9990.355000 0.005365
9993.687000 0.005347
9997.017000 0.005329
10000.350000 0.005311
10003.680000 0.005293
10007.010000 0.005275
10010.340000 0.005257
10013.670000 0.005239
10017.000000 0.005221
10020.330000 0.005203
10023.660000 0.005185
10026.990000 0.005166
10030.320000 0.005148
10033.650000 0.005130
10036.980000 0.005112
10040.320000 0.005094
10043.650000 0.005076
10046.980000 0.005058
10050.310000 0.005040
10053.640000 0.005022
10056.970000 0.005004
10060.300000 0.004986
10063.630000 0.004968
10066.960000 0.004950
10070.290000 0.004932
10073.630000 0.004914
10076.960000 0.004896
10080.290000 0.004878
10083.620000 0.004860
10086.950000 0.004841
10090.280000 0.004823
10093.620000 0.004805
10096.950000 0.004787
10100.280000 0.004769
10103.610000 0.004751
10106.940000 0.004733
10110.270000 0.004715
10113.610000 0.004697
10116.940000 0.004679
10120.270000 0.004661
10123.600000 0.004643
10126.930000 0.004625
10130.260000 0.004607
10133.600000 0.004589
10136.930000 0.004571
10140.260000 0.004553
10143.590000 0.004535
10146.930000 0.004516
10150.260000 0.004498
10153.590000 0.004480
10156.920000 0.004462
10160.250000 0.004444
10163.590000 0.004426
10166.920000 0.004408
10170.250000 0.004390
10173.580000 0.004372
10176.920000 0.004355
10180.250000 0.004337
10183.580000 0.004321
10186.920000 0.004304
10190.250000 0.004289
10193.580000 0.004274
10196.910000 0.004261
10200.250000 0.004250
10203.580000 0.004240
