5276.918000 0.004516
5277.449000 0.005553
5277.979000 0.006744
5278.510000 0.008019
5279.040000 0.009277
5279.569000 0.010403
5280.099000 0.011287
5280.628000 0.011837
5281.157000 0.011988
5281.686000 0.011744
5282.215000 0.011180
5282.743000 0.010463
5283.271000 0.009841
5283.799000 0.009589
5284.327000 0.009956
5284.855000 0.011058
5285.382000 0.012825
5285.910000 0.015004
5286.437000 0.017277
5286.963000 0.019397
5287.490000 0.021290
5288.016000 0.023061
5288.542000 0.024893
5289.068000 0.027009
5289.594000 0.029650
5290.120000 0.033151
5290.645000 0.037990
5291.170000 0.044778
5291.695000 0.054176
5292.220000 0.066770
5292.744000 0.082958
5293.268000 0.102912
5293.792000 0.126599
5294.316000 0.153813
5294.840000 0.184228
5295.363000 0.217349
5295.886000 0.252451
5296.409000 0.288593
5296.932000 0.324646
5297.455000 0.359468
5297.977000 0.392074
5298.499000 0.421800
5299.021000 0.448315
5299.542000 0.471541
5300.064000 0.491492
5300.585000 0.508182
5301.106000 0.521718
5301.627000 0.532445
5302.148000 0.541017
5302.668000 0.548280
5303.188000 0.555010
5303.708000 0.561695
5304.229000 0.568450
5304.748000 0.575154
5305.268000 0.581658
5305.787000 0.587939
5306.306000 0.594120
5306.824000 0.600415
5307.343000 0.606959
5307.861000 0.613698
5308.379000 0.620373
5308.897000 0.626532
5309.415000 0.631660
5309.932000 0.635319
5310.450000 0.637278
5310.967000 0.637517
5311.483000 0.636160
5312.000000 0.633325
5312.517000 0.628952
5313.033000 0.622756
5313.549000 0.614234
5314.064000 0.602720
5314.580000 0.587495
5315.096000 0.567856
5315.611000 0.543250
5316.125000 0.513390
5316.640000 0.478428
5317.155000 0.439061
5317.669000 0.396491
5318.183000 0.352285
5318.697000 0.308131
5319.211000 0.265608
5319.724000 0.226035
5320.237000 0.190383
5320.750000 0.159204
5321.263000 0.132616
5321.776000 0.110362
5322.289000 0.091949
5322.801000 0.076812
5323.313000 0.064412
5323.824000 0.054302
5324.336000 0.046080
5324.847000 0.039362
5325.358000 0.033780
5325.869000 0.029022
5326.380000 0.024927
5326.891000 0.021490
5327.401000 0.018803
5327.911000 0.016941
5328.421000 0.015850
5328.930000 0.015345
5329.440000 0.015149
5329.949000 0.014974
5330.458000 0.014589
5330.967000 0.013850
5331.476000 0.012760
5331.984000 0.011448
5332.492000 0.010145
5333.000000 0.009103
5333.508000 0.008087
5334.016000 0.007780
5334.523000 0.007473
5335.030000 0.007165
5335.537000 0.006858
5336.043000 0.006551
5336.550000 0.006244
5337.056000 0.005937
5337.563000 0.005630
5338.068000 0.005323
5338.574000 0.005015
5339.079000 0.004708
5339.584000 0.004401
5340.089000 0.004094
