2750.000000 0.022257
2752.000000 0.022346
2754.000000 0.022491
2756.000000 0.022249
2758.000000 0.021966
2760.000000 0.022095
2762.000000 0.022225
2764.000000 0.022371
2766.000000 0.022435
2768.000000 0.022747
2770.000000 0.022874
2772.000000 0.022655
2774.000000 0.022906
2776.000000 0.023023
2778.000000 0.022947
2780.000000 0.022804
2782.000000 0.022918
2784.000000 0.023074
2786.000000 0.023191
2788.000000 0.023583
2790.000000 0.023688
2792.000000 0.023633
2794.000000 0.023481
2796.000000 0.023404
2798.000000 0.023103
2800.000000 0.022855
2802.000000 0.023132
2804.000000 0.023084
2806.000000 0.023037
2808.000000 0.023236
2810.000000 0.023320
2812.000000 0.023226
2814.000000 0.023084
2816.000000 0.023001
2818.000000 0.022765
2820.000000 0.022478
2822.000000 0.022311
2824.000000 0.022331
2826.000000 0.022358
2828.000000 0.022462
2830.000000 0.022504
2832.000000 0.022437
2834.000000 0.022624
2836.000000 0.022796
2838.000000 0.022721
2840.000000 0.022685
2842.000000 0.022641
2844.000000 0.022457
2846.000000 0.022331
2848.000000 0.022362
2850.000000 0.022625
2852.000000 0.022771
2854.000000 0.022773
2856.000000 0.022658
2858.000000 0.022915
2860.000000 0.022865
2862.000000 0.022899
2864.000000 0.022806
2866.000000 0.022906
2868.000000 0.023146
2870.000000 0.023414
2872.000000 0.023630
2874.000000 0.023885
2876.000000 0.024099
2878.000000 0.024170
2880.000000 0.024348
2882.000000 0.024632
2884.000000 0.024772
2886.000000 0.025164
2888.000000 0.025222
2890.000000 0.025419
2892.000000 0.025777
2894.000000 0.025943
2896.000000 0.025876
2898.000000 0.025718
2900.000000 0.025602
2902.000000 0.025546
2904.000000 0.025492
2906.000000 0.025555
2908.000000 0.025772
2910.000000 0.025859
2912.000000 0.025707
2914.000000 0.025604
2916.000000 0.025610
2918.000000 0.025715
2920.000000 0.025876
2922.000000 0.025826
2924.000000 0.025968
2926.000000 0.026329
2928.000000 0.026580
2930.000000 0.026715
2932.000000 0.027002
2934.000000 0.027146
2936.000000 0.027358
2938.000000 0.027400
2940.000000 0.027556
2942.000000 0.027759
2944.000000 0.027748
2946.000000 0.028050
2948.000000 0.028306
2950.000000 0.028261
2952.000000 0.028488
2954.000000 0.028704
2956.000000 0.028654
2958.000000 0.028753
2960.000000 0.028875
2962.000000 0.028651
2964.000000 0.028866
2966.000000 0.028902
2968.000000 0.028791
2970.000000 0.028959
2972.000000 0.028967
2974.000000 0.029199
2976.000000 0.029192
2978.000000 0.029120
2980.000000 0.029279
2982.000000 0.029430
2984.000000 0.029348
2986.000000 0.029119
2988.000000 0.029049
2990.000000 0.029045
2992.000000 0.029111
2994.000000 0.029200
2996.000000 0.029186
2998.000000 0.029367
3000.000000 0.029455
3002.000000 0.029274
3004.000000 0.029206
3006.000000 0.029494
3008.000000 0.029814
3010.000000 0.029829
3012.000000 0.029777
3014.000000 0.030016
3016.000000 0.030249
3018.000000 0.030485
3020.000000 0.030468
3022.000000 0.030734
3024.000000 0.030964
3026.000000 0.030796
3028.000000 0.030890
3030.000000 0.031097
3032.000000 0.031114
3034.000000 0.031449
3036.000000 0.031489
3038.000000 0.031478
3040.000000 0.031524
3042.000000 0.031720
3044.000000 0.031647
3046.000000 0.031626
3048.000000 0.031776
3050.000000 0.031839
3052.000000 0.031913
3054.000000 0.031772
3056.000000 0.031893
3058.000000 0.032202
3060.000000 0.032326
3062.000000 0.032450
3064.000000 0.032583
3066.000000 0.032653
3068.000000 0.032719
3070.000000 0.032629
3072.000000 0.032442
3074.000000 0.032372
3076.000000 0.032385
3078.000000 0.032399
3080.000000 0.032315
3082.000000 0.032310
3084.000000 0.032491
3086.000000 0.032821
3088.000000 0.032839
3090.000000 0.032740
3092.000000 0.032912
3094.000000 0.033072
3096.000000 0.033034
3098.000000 0.033066
3100.000000 0.033254
3102.000000 0.033550
3104.000000 0.033946
3106.000000 0.034348
3108.000000 0.034475
3110.000000 0.034704
3112.000000 0.034889
3114.000000 0.034921
3116.000000 0.034938
3118.000000 0.035127
3120.000000 0.035360
3122.000000 0.035333
3124.000000 0.035380
3126.000000 0.035601
3128.000000 0.035773
3130.000000 0.035768
3132.000000 0.035971
3134.000000 0.035994
3136.000000 0.035749
3138.000000 0.035735
3140.000000 0.036007
3142.000000 0.036260
3144.000000 0.036503
3146.000000 0.036570
3148.000000 0.036658
3150.000000 0.037131
3152.000000 0.037474
3154.000000 0.037586
3156.000000 0.037736
3158.000000 0.037910
3160.000000 0.038202
3162.000000 0.038256
3164.000000 0.038303
3166.000000 0.038630
3168.000000 0.038743
3170.000000 0.038859
3172.000000 0.038772
3174.000000 0.038766
3176.000000 0.038810
3178.000000 0.039036
3180.000000 0.038902
3182.000000 0.038824
3184.000000 0.039020
3186.000000 0.039082
3188.000000 0.039444
3190.000000 0.039365
3192.000000 0.039331
3194.000000 0.039466
3196.000000 0.039529
3198.000000 0.040011
3200.000000 0.040246
3202.000000 0.040502
3204.000000 0.040738
3206.000000 0.040909
3208.000000 0.041111
3210.000000 0.041228
3212.000000 0.041303
3214.000000 0.041633
3216.000000 0.041878
3218.000000 0.041764
3220.000000 0.041887
3222.000000 0.042433
3224.000000 0.042835
3226.000000 0.043012
3228.000000 0.043082
3230.000000 0.043185
3232.000000 0.043460
3234.000000 0.043626
3236.000000 0.043746
3238.000000 0.043871
3240.000000 0.043956
3242.000000 0.044159
3244.000000 0.044282
3246.000000 0.044418
3248.000000 0.044945
3250.000000 0.045202
3252.000000 0.045225
3254.000000 0.045277
3256.000000 0.045641
3258.000000 0.045881
3260.000000 0.046137
3262.000000 0.046407
3264.000000 0.046539
3266.000000 0.046981
3268.000000 0.047372
3270.000000 0.048015
3272.000000 0.048682
3274.000000 0.049228
3276.000000 0.049855
3278.000000 0.050328
3280.000000 0.050713
3282.000000 0.051590
3284.000000 0.052465
3286.000000 0.053110
3288.000000 0.053812
3290.000000 0.054523
3292.000000 0.055146
3294.000000 0.055868
3296.000000 0.056572
3298.000000 0.057419
3300.000000 0.058381
3302.000000 0.059281
3304.000000 0.060235
3306.000000 0.061212
3308.000000 0.062194
3310.000000 0.063317
3312.000000 0.064396
3314.000000 0.065406
3316.000000 0.066673
3318.000000 0.067923
3320.000000 0.069097
3322.000000 0.070249
3324.000000 0.071644
3326.000000 0.073178
3328.000000 0.074746
3330.000000 0.076397
3332.000000 0.078122
3334.000000 0.079864
3336.000000 0.081622
3338.000000 0.083607
3340.000000 0.085856
3342.000000 0.088062
3344.000000 0.090341
3346.000000 0.092304
3348.000000 0.093864
3350.000000 0.095791
3352.000000 0.098345
3354.000000 0.100905
3356.000000 0.103080
3358.000000 0.105191
3360.000000 0.107020
3362.000000 0.108876
3364.000000 0.111312
3366.000000 0.113897
3368.000000 0.116091
3370.000000 0.118020
3372.000000 0.120282
3374.000000 0.122983
3376.000000 0.125907
3378.000000 0.129465
3380.000000 0.132932
3382.000000 0.135608
3384.000000 0.138229
3386.000000 0.141516
3388.000000 0.145351
3390.000000 0.149270
3392.000000 0.153073
3394.000000 0.156313
3396.000000 0.159223
3398.000000 0.162469
3400.000000 0.166201
3402.000000 0.169975
3404.000000 0.172659
3406.000000 0.174819
3408.000000 0.177604
3410.000000 0.181036
3412.000000 0.184892
3414.000000 0.188222
3416.000000 0.191132
3418.000000 0.194019
3420.000000 0.197582
3422.000000 0.201361
3424.000000 0.204466
3426.000000 0.208127
3428.000000 0.212137
3430.000000 0.215335
3432.000000 0.216146
3434.000000 0.217035
3436.000000 0.218781
3438.000000 0.220334
3440.000000 0.221810
3442.000000 0.223795
3444.000000 0.225853
3446.000000 0.228562
3448.000000 0.231567
3450.000000 0.233247
3452.000000 0.233501
3454.000000 0.234451
3456.000000 0.236383
3458.000000 0.237742
3460.000000 0.239532
3462.000000 0.243954
3464.000000 0.249975
3466.000000 0.255084
3468.000000 0.258575
3470.000000 0.261388
3472.000000 0.264677
3474.000000 0.268461
3476.000000 0.271735
3478.000000 0.273965
3480.000000 0.277711
3482.000000 0.282568
3484.000000 0.286243
3486.000000 0.289366
3488.000000 0.292320
3490.000000 0.294480
3492.000000 0.295718
3494.000000 0.297635
3496.000000 0.300400
3498.000000 0.304656
3500.000000 0.309303
3502.000000 0.313427
3504.000000 0.316353
3506.000000 0.318936
3508.000000 0.320704
3510.000000 0.321940
3512.000000 0.324506
3514.000000 0.328884
3516.000000 0.333098
3518.000000 0.335218
3520.000000 0.336133
3522.000000 0.338195
3524.000000 0.340966
3526.000000 0.342665
3528.000000 0.343538
3530.000000 0.345227
3532.000000 0.346817
3534.000000 0.348582
3536.000000 0.350337
3538.000000 0.353196
3540.000000 0.357297
3542.000000 0.359364
3544.000000 0.360252
3546.000000 0.362470
3548.000000 0.364980
3550.000000 0.368290
3552.000000 0.372745
3554.000000 0.375004
3556.000000 0.376686
3558.000000 0.381500
3560.000000 0.385776
3562.000000 0.386529
3564.000000 0.388205
3566.000000 0.387112
3568.000000 0.387469
3570.000000 0.388653
3572.000000 0.391074
3574.000000 0.394916
3576.000000 0.395486
3578.000000 0.393315
3580.000000 0.393985
3582.000000 0.392292
3584.000000 0.390095
3586.000000 0.389537
3588.000000 0.389361
3590.000000 0.386669
3592.000000 0.388404
3594.000000 0.390029
3596.000000 0.394867
3598.000000 0.400858
3600.000000 0.403747
3602.000000 0.404989
3604.000000 0.404141
3606.000000 0.402186
3608.000000 0.404157
3610.000000 0.406753
3612.000000 0.412616
3614.000000 0.418929
3616.000000 0.420262
3618.000000 0.419849
3620.000000 0.420164
3622.000000 0.421536
3624.000000 0.425252
3626.000000 0.429183
3628.000000 0.428263
3630.000000 0.425479
3632.000000 0.424809
3634.000000 0.424298
3636.000000 0.426793
3638.000000 0.432015
3640.000000 0.435262
3642.000000 0.436255
3644.000000 0.434122
3646.000000 0.434547
3648.000000 0.437233
3650.000000 0.439323
3652.000000 0.441633
3654.000000 0.441228
3656.000000 0.438783
3658.000000 0.438935
3660.000000 0.442949
3662.000000 0.446112
3664.000000 0.449421
3666.000000 0.450932
3668.000000 0.449619
3670.000000 0.449096
3672.000000 0.450671
3674.000000 0.452927
3676.000000 0.455760
3678.000000 0.457875
3680.000000 0.459740
3682.000000 0.462008
3684.000000 0.462195
3686.000000 0.460045
3688.000000 0.459135
3690.000000 0.459871
3692.000000 0.460284
3694.000000 0.459317
3696.000000 0.459370
3698.000000 0.462723
3700.000000 0.466878
3702.000000 0.467640
3704.000000 0.464994
3706.000000 0.461987
3708.000000 0.460304
3710.000000 0.460552
3712.000000 0.461479
3714.000000 0.465752
3716.000000 0.473359
3718.000000 0.473871
3720.000000 0.468326
3722.000000 0.466468
3724.000000 0.468657
3726.000000 0.469266
3728.000000 0.471431
3730.000000 0.473018
3732.000000 0.469300
3734.000000 0.464363
3736.000000 0.461879
3738.000000 0.465480
3740.000000 0.470784
3742.000000 0.471575
3744.000000 0.468196
3746.000000 0.458843
3748.000000 0.451824
3750.000000 0.453008
3752.000000 0.456611
3754.000000 0.459986
3756.000000 0.459116
3758.000000 0.455312
3760.000000 0.449770
3762.000000 0.447712
3764.000000 0.450751
3766.000000 0.454927
3768.000000 0.454351
3770.000000 0.449782
3772.000000 0.446276
3774.000000 0.444817
3776.000000 0.445486
3778.000000 0.449721
3780.000000 0.454677
3782.000000 0.457391
3784.000000 0.455598
3786.000000 0.451932
3788.000000 0.453028
3790.000000 0.453645
3792.000000 0.453773
3794.000000 0.453155
3796.000000 0.450773
3798.000000 0.447665
3800.000000 0.447327
3802.000000 0.447530
3804.000000 0.446645
3806.000000 0.444490
3808.000000 0.445459
3810.000000 0.447043
3812.000000 0.444508
3814.000000 0.438144
3816.000000 0.438235
3818.000000 0.435745
3820.000000 0.434267
3822.000000 0.433081
3824.000000 0.428827
3826.000000 0.426191
3828.000000 0.428084
3830.000000 0.426708
3832.000000 0.421451
3834.000000 0.418243
3836.000000 0.414851
3838.000000 0.407273
3840.000000 0.399067
3842.000000 0.393801
3844.000000 0.393055
3846.000000 0.389712
3848.000000 0.386889
3850.000000 0.385608
3852.000000 0.382192
3854.000000 0.381498
3856.000000 0.380630
3858.000000 0.374467
3860.000000 0.370529
3862.000000 0.371120
3864.000000 0.370405
3866.000000 0.370117
3868.000000 0.371171
3870.000000 0.368953
3872.000000 0.367020
3874.000000 0.366132
3876.000000 0.361884
3878.000000 0.358839
3880.000000 0.354714
3882.000000 0.351491
3884.000000 0.346192
3886.000000 0.339230
3888.000000 0.338143
3890.000000 0.337732
3892.000000 0.333216
3894.000000 0.329300
3896.000000 0.324098
3898.000000 0.320208
3900.000000 0.320420
3902.000000 0.317316
3904.000000 0.310013
3906.000000 0.305998
3908.000000 0.302256
3910.000000 0.300358
3912.000000 0.296363
3914.000000 0.293626
3916.000000 0.292960
3918.000000 0.290751
3920.000000 0.287249
3922.000000 0.285583
3924.000000 0.284148
3926.000000 0.282193
3928.000000 0.278457
3930.000000 0.271083
3932.000000 0.263490
3934.000000 0.257907
3936.000000 0.253139
3938.000000 0.248581
3940.000000 0.243020
3942.000000 0.237065
3944.000000 0.231491
3946.000000 0.225731
3948.000000 0.221481
3950.000000 0.217582
3952.000000 0.212196
3954.000000 0.205879
3956.000000 0.201309
3958.000000 0.196703
3960.000000 0.194970
3962.000000 0.196241
3964.000000 0.194422
3966.000000 0.189972
3968.000000 0.184716
3970.000000 0.179970
3972.000000 0.176436
3974.000000 0.172263
3976.000000 0.168865
3978.000000 0.164714
3980.000000 0.160826
3982.000000 0.156335
3984.000000 0.152357
3986.000000 0.146801
3988.000000 0.141835
3990.000000 0.137209
3992.000000 0.131452
3994.000000 0.127578
3996.000000 0.126075
3998.000000 0.125073
4000.000000 0.123183
4002.000000 0.120515
4004.000000 0.117751
4006.000000 0.114616
4008.000000 0.111232
4010.000000 0.108075
4012.000000 0.105130
4014.000000 0.102161
4016.000000 0.099181
4018.000000 0.096152
4020.000000 0.092911
4022.000000 0.090029
4024.000000 0.087679
4026.000000 0.085124
4028.000000 0.081970
4030.000000 0.078653
4032.000000 0.076250
4034.000000 0.073992
4036.000000 0.071652
4038.000000 0.069528
4040.000000 0.066941
4042.000000 0.064313
4044.000000 0.062144
4046.000000 0.060032
4048.000000 0.057904
4050.000000 0.055891
4052.000000 0.053790
4054.000000 0.051579
4056.000000 0.049574
4058.000000 0.047765
4060.000000 0.046138
4062.000000 0.044498
4064.000000 0.042775
4066.000000 0.041032
4068.000000 0.039124
4070.000000 0.037593
4072.000000 0.036303
4074.000000 0.034913
4076.000000 0.033457
4078.000000 0.031994
4080.000000 0.030562
4082.000000 0.029322
4084.000000 0.028121
4086.000000 0.026859
4088.000000 0.025744
4090.000000 0.024819
4092.000000 0.023904
4094.000000 0.022878
4096.000000 0.021848
4098.000000 0.020857
4100.000000 0.019890
4102.000000 0.019068
4104.000000 0.018281
4106.000000 0.017454
4108.000000 0.016696
4110.000000 0.016065
4112.000000 0.015407
4114.000000 0.014719
4116.000000 0.014051
4118.000000 0.013402
4120.000000 0.012767
4122.000000 0.012127
4124.000000 0.011545
4126.000000 0.011050
4128.000000 0.010582
4130.000000 0.010116
4132.000000 0.009675
4134.000000 0.009271
4136.000000 0.008884
4138.000000 0.008488
4140.000000 0.008094
4142.000000 0.007730
4144.000000 0.007396
4146.000000 0.007083
4148.000000 0.006777
4150.000000 0.006468
4152.000000 0.006164
4154.000000 0.005875
4156.000000 0.005623
4158.000000 0.005408
4160.000000 0.005203
4162.000000 0.004983
4164.000000 0.004764
4166.000000 0.004570
4168.000000 0.004393
4170.000000 0.004221
4172.000000 0.004052
