10697.0 0.0020321800
10698.0 0.0022865600
10699.0 0.0023343600
10700.0 0.0023293100
10701.0 0.0024314300
10702.0 0.0027261400
10703.0 0.0027747200
10704.0 0.0029028300
10705.0 0.0032528000
10706.0 0.0033081000
10707.0 0.0034526000
10708.0 0.0035799100
10709.0 0.0038502000
10710.0 0.0042012300
10711.0 0.0043290300
10712.0 0.0045840500
10713.0 0.0048288500
10714.0 0.0049578200
10715.0 0.0055437300
10716.0 0.0058126500
10717.0 0.0061414900
10718.0 0.0065384400
10719.0 0.0069518700
10720.0 0.0072977400
10721.0 0.0078598000
10722.0 0.0082999200
10723.0 0.0089846900
10724.0 0.0092395200
10725.0 0.0099376800
10726.0 0.0106046100
10727.0 0.0115228800
10728.0 0.0122555500
10729.0 0.0130746800
10730.0 0.0138464900
10731.0 0.0149996600
10732.0 0.0162728000
10733.0 0.0172265200
10734.0 0.0183331200
10735.0 0.0199297700
10736.0 0.0218646200
10737.0 0.0233154700
10738.0 0.0247162600
10739.0 0.0267225400
10740.0 0.0294259600
10741.0 0.0314292600
10742.0 0.0337202300
10743.0 0.0359781900
10744.0 0.0396177800
10745.0 0.0432032400
10746.0 0.0459858800
10747.0 0.0491190800
10748.0 0.0538628500
10749.0 0.0590442800
10750.0 0.0637427400
10751.0 0.0681572400
10752.0 0.0747816300
10753.0 0.0827080000
10754.0 0.0892213800
10755.0 0.0950994100
10756.0 0.1017241300
10757.0 0.1122137000
10758.0 0.1229495600
10759.0 0.1317536000
10760.0 0.1414156800
10761.0 0.1551926100
10762.0 0.1680783500
10763.0 0.1785827100
10764.0 0.1899376900
10765.0 0.2062101400
10766.0 0.2235374100
10767.0 0.2385147500
10768.0 0.2528785700
10769.0 0.2698112700
10770.0 0.2935527600
10771.0 0.3111233100
10772.0 0.3289003400
10773.0 0.3449572800
10774.0 0.3692832600
10775.0 0.3914593100
10776.0 0.4106751300
10777.0 0.4243508100
10778.0 0.4489844500
10779.0 0.4766594700
10780.0 0.4948220800
10781.0 0.5117704400
10782.0 0.5299662800
10783.0 0.5533413300
10784.0 0.5740576900
10785.0 0.5899882900
10786.0 0.6051282900
10787.0 0.6276804400
10788.0 0.6443096900
10789.0 0.6582773600
10790.0 0.6714366900
10791.0 0.6869619800
10792.0 0.7051268800
10793.0 0.7190626500
10794.0 0.7276861600
10795.0 0.7365036800
10796.0 0.7470248400
10797.0 0.7572315200
10798.0 0.7629165600
10799.0 0.7667662800
10800.0 0.7749807700
10801.0 0.7820814500
10802.0 0.7869107100
10803.0 0.7912509900
10804.0 0.7969149800
10805.0 0.8022895100
10806.0 0.8061196900
10807.0 0.8093391400
10808.0 0.8131490300
10809.0 0.8176807400
10810.0 0.8200759100
10811.0 0.8224791000
10812.0 0.8250559200
10813.0 0.8282894100
10814.0 0.8301638000
10815.0 0.8323151400
10816.0 0.8342112000
10817.0 0.8364460800
10818.0 0.8385514100
10819.0 0.8402242300
10820.0 0.8411582900
10821.0 0.8430123100
10822.0 0.8444149800
10823.0 0.8452553600
10824.0 0.8461626400
10825.0 0.8472143600
10826.0 0.8469059000
10827.0 0.8477613800
10828.0 0.8471904800
10829.0 0.8474136400
10830.0 0.8471997800
10831.0 0.8462776900
10832.0 0.8468240400
10833.0 0.8469299300
10834.0 0.8455912000
10835.0 0.8455978400
10836.0 0.8444760900
10837.0 0.8440396100
10838.0 0.8430128500
10839.0 0.8423564100
10840.0 0.8410816200
10841.0 0.8411109200
10842.0 0.8395433000
10843.0 0.8398392500
10844.0 0.8381916800
10845.0 0.8377493300
10846.0 0.8365971400
10847.0 0.8357487500
10848.0 0.8336741600
10849.0 0.8331114200
10850.0 0.8307428700
10851.0 0.8301548000
10852.0 0.8271510300
10853.0 0.8242327900
10854.0 0.8216047700
10855.0 0.8200496700
10856.0 0.8135811600
10857.0 0.8089745300
10858.0 0.8023451200
10859.0 0.7968979600
10860.0 0.7886413600
10861.0 0.7776782200
10862.0 0.7676750200
10863.0 0.7579193900
10864.0 0.7472692100
10865.0 0.7318054200
10866.0 0.7156027200
10867.0 0.7027662700
10868.0 0.6896878100
10869.0 0.6691058400
10870.0 0.6447957600
10871.0 0.6275743900
10872.0 0.6104438400
10873.0 0.5854498700
10874.0 0.5572691700
10875.0 0.5334257500
10876.0 0.5130648000
10877.0 0.4925822400
10878.0 0.4604324700
10879.0 0.4341584800
10880.0 0.4148219700
10881.0 0.3942094400
10882.0 0.3666667600
10883.0 0.3410746800
10884.0 0.3204740100
10885.0 0.3049031400
10886.0 0.2819479400
10887.0 0.2578135700
10888.0 0.2402059600
10889.0 0.2247027800
10890.0 0.2076751500
10891.0 0.1861732900
10892.0 0.1705037300
10893.0 0.1581747100
10894.0 0.1480298200
10895.0 0.1330389400
10896.0 0.1204253300
10897.0 0.1115254400
10898.0 0.1036251400
10899.0 0.0931645100
10900.0 0.0845498700
10901.0 0.0780331500
10902.0 0.0729392300
10903.0 0.0670657900
10904.0 0.0605754000
10905.0 0.0554982300
10906.0 0.0512727100
10907.0 0.0474599700
10908.0 0.0428060800
10909.0 0.0391758000
10910.0 0.0362978100
10911.0 0.0340808400
10912.0 0.0310387000
10913.0 0.0282217900
10914.0 0.0262550000
10915.0 0.0248059900
10916.0 0.0227715900
10917.0 0.0209538600
10918.0 0.0195359700
10919.0 0.0183885000
10920.0 0.0173208800
10921.0 0.0158280800
10922.0 0.0147320100
10923.0 0.0138135000
10924.0 0.0129579000
10925.0 0.0120411700
10926.0 0.0112512700
10927.0 0.0103885800
10928.0 0.0100099500
10929.0 0.0091854400
10930.0 0.0086242000
10931.0 0.0081168300
10932.0 0.0075830400
10933.0 0.0071522400
10934.0 0.0067788700
10935.0 0.0062982400
10936.0 0.0061359000
10937.0 0.0057237200
10938.0 0.0054314600
10939.0 0.0050038200
10940.0 0.0047606700
10941.0 0.0046062200
10942.0 0.0042575900
10943.0 0.0039551700
10944.0 0.0037233700
10945.0 0.0036505000
10946.0 0.0034182700
10947.0 0.0034076300
10948.0 0.0030157000
10949.0 0.0027953400
10950.0 0.0027574500
10951.0 0.0025626700
10952.0 0.0024453300
10953.0 0.0023459800
10954.0 0.0022176000
10955.0 0.0021501900
10956.0 0.0020917200
10957.0 0.0018680800
