21195.0 0.0046458548
21196.0 0.0050601900
21198.0 0.0051492113
21201.0 0.0055652338
21203.0 0.0058401513
21205.0 0.0061502737
21206.0 0.0064554471
21208.0 0.0072116840
21211.0 0.0073031694
21213.0 0.0079719871
21215.0 0.0085091013
21216.0 0.0090043265
21218.0 0.0095169216
21221.0 0.0104233348
21223.0 0.0110284364
21225.0 0.0119518447
21226.0 0.0127531910
21228.0 0.0135483289
21231.0 0.0146652567
21233.0 0.0157287228
21235.0 0.0168667662
21236.0 0.0182609952
21238.0 0.0198893607
21241.0 0.0211607575
21243.0 0.0232117033
21245.0 0.0244852018
21246.0 0.0269283843
21248.0 0.0289849472
21251.0 0.0317584491
21253.0 0.0341917396
21255.0 0.0368200016
21256.0 0.0403101873
21258.0 0.0435914040
21261.0 0.0474938250
21263.0 0.0509531593
21265.0 0.0563085842
21266.0 0.0604259586
21268.0 0.0671556377
21271.0 0.0718301630
21273.0 0.0799491262
21275.0 0.0863198090
21276.0 0.0945277214
21278.0 0.1023477650
21281.0 0.1112687206
21283.0 0.1216925144
21285.0 0.1326588535
21286.0 0.1450853062
21288.0 0.1553699493
21291.0 0.1717917824
21293.0 0.1831389999
21295.0 0.2018759537
21296.0 0.2146656990
21298.0 0.2355647087
21301.0 0.2513146019
21303.0 0.2741299057
21305.0 0.2930470085
21306.0 0.3151863289
21308.0 0.3373400116
21311.0 0.3597682953
21313.0 0.3823977280
21315.0 0.4024776459
21316.0 0.4320212936
21318.0 0.4514575195
21321.0 0.4826541519
21323.0 0.5006021118
21325.0 0.5332024765
21326.0 0.5524231720
21328.0 0.5798493195
21331.0 0.6005754471
21333.0 0.6246581650
21335.0 0.6462631989
21336.0 0.6678287506
21338.0 0.6880744171
21341.0 0.7060631561
21343.0 0.7270825958
21345.0 0.7396336365
21346.0 0.7580039215
21348.0 0.7681467438
21351.0 0.7849262238
21353.0 0.7949359894
21355.0 0.8074992371
21356.0 0.8155290222
21358.0 0.8252716064
21361.0 0.8313829041
21363.0 0.8374113464
21365.0 0.8425679779
21366.0 0.8466046143
21368.0 0.8506347656
21371.0 0.8534149933
21373.0 0.8558781433
21375.0 0.8579883575
21376.0 0.8601515198
21378.0 0.8613526917
21381.0 0.8631702423
21383.0 0.8640139771
21385.0 0.8648351288
21386.0 0.8660400391
21388.0 0.8664219666
21391.0 0.8672785950
21393.0 0.8675022888
21395.0 0.8679199982
21396.0 0.8682911682
21398.0 0.8685720062
21401.0 0.8681460571
21403.0 0.8688276672
21405.0 0.8690705872
21406.0 0.8692704773
21408.0 0.8697270203
21411.0 0.8693617249
21413.0 0.8697470093
21415.0 0.8692620850
21416.0 0.8690328979
21418.0 0.8687473297
21421.0 0.8677780914
21423.0 0.8673764038
21425.0 0.8671350098
21426.0 0.8659803772
21428.0 0.8658685303
21431.0 0.8651311493
21433.0 0.8644152832
21435.0 0.8640499878
21436.0 0.8633379364
21438.0 0.8622047424
21441.0 0.8619509888
21443.0 0.8607406616
21445.0 0.8602159882
21446.0 0.8592055511
21448.0 0.8587066650
21451.0 0.8586331940
21453.0 0.8582817841
21455.0 0.8576977539
21456.0 0.8583356476
21458.0 0.8584169769
21461.0 0.8589725494
21463.0 0.8595263672
21465.0 0.8597859955
21466.0 0.8603228760
21468.0 0.8605735779
21471.0 0.8610417938
21473.0 0.8615599060
21475.0 0.8613246155
21476.0 0.8611940765
21478.0 0.8614345551
21481.0 0.8601124573
21483.0 0.8594609070
21485.0 0.8574031830
21486.0 0.8559568787
21488.0 0.8511893463
21491.0 0.8481098175
21493.0 0.8417836761
21495.0 0.8360681152
21496.0 0.8278345490
21498.0 0.8185870361
21501.0 0.8088526917
21503.0 0.7969818878
21505.0 0.7863368988
21506.0 0.7689742279
21508.0 0.7564011383
21511.0 0.7348873138
21513.0 0.7213596344
21515.0 0.6948488617
21516.0 0.6781980133
21518.0 0.6497943115
21521.0 0.6288383102
21523.0 0.6048248291
21525.0 0.5777437592
21526.0 0.5524389648
21528.0 0.5242181396
21531.0 0.5017853546
21533.0 0.4713169479
21535.0 0.4498035431
21536.0 0.4176294327
21538.0 0.3993898392
21541.0 0.3666635513
21543.0 0.3479474258
21545.0 0.3170374298
21546.0 0.2978361320
21548.0 0.2728051186
21551.0 0.2528713036
21553.0 0.2325458336
21555.0 0.2150492477
21556.0 0.1992291641
21558.0 0.1809634209
21561.0 0.1690489006
21563.0 0.1512644577
21565.0 0.1420979977
21566.0 0.1269950581
21568.0 0.1188813019
21571.0 0.1058772278
21573.0 0.0986250973
21575.0 0.0892662621
21576.0 0.0818047142
21578.0 0.0746158504
21581.0 0.0684172201
21583.0 0.0629632997
21585.0 0.0577956343
21586.0 0.0537172985
21588.0 0.0486183882
21591.0 0.0457911873
21593.0 0.0412515354
21595.0 0.0388140273
21596.0 0.0348471069
21598.0 0.0328116465
21601.0 0.0298637223
21603.0 0.0278703189
21605.0 0.0258150387
21606.0 0.0239662838
21608.0 0.0222010326
21611.0 0.0205598927
21613.0 0.0194993258
21615.0 0.0177695560
21616.0 0.0169898415
21618.0 0.0156373024
21621.0 0.0146398652
21623.0 0.0135000789
21625.0 0.0127795959
21626.0 0.0119851375
21628.0 0.0112159169
21631.0 0.0105767310
21633.0 0.0100045574
21635.0 0.0093625897
21636.0 0.0087806743
21638.0 0.0083284861
21641.0 0.0079230440
21643.0 0.0075488269
21645.0 0.0070627785
21646.0 0.0066905820
21648.0 0.0061375976
21651.0 0.0059749389
21653.0 0.0054687595
21655.0 0.0052757829
21656.0 0.0048947936
