4850.000000 0.004580
4860.000000 0.005500
4870.000000 0.006410
4880.000000 0.007320
4890.000000 0.008240
4900.000000 0.009150
4910.000000 0.029120
4920.000000 0.049000
4930.000000 0.068950
4940.000000 0.088800
4950.000000 0.108650
4960.000000 0.128470
4970.000000 0.148220
4980.000000 0.167940
4990.000000 0.187660
5000.000000 0.207360
5010.000000 0.229030
5020.000000 0.250740
5030.000000 0.272340
5040.000000 0.293890
5050.000000 0.315330
5060.000000 0.336810
5070.000000 0.358170
5080.000000 0.379490
5090.000000 0.400760
5100.000000 0.421930
5110.000000 0.428080
5120.000000 0.434230
5130.000000 0.440330
5140.000000 0.446430
5150.000000 0.452540
5160.000000 0.458590
5170.000000 0.464640
5180.000000 0.470630
5190.000000 0.476630
5200.000000 0.482640
5210.000000 0.483610
5220.000000 0.484570
5230.000000 0.485540
5240.000000 0.486440
5250.000000 0.487340
5260.000000 0.488160
5270.000000 0.488920
5280.000000 0.489680
5290.000000 0.490440
5300.000000 0.491120
5310.000000 0.490380
5320.000000 0.489560
5330.000000 0.488740
5340.000000 0.487920
5350.000000 0.487030
5360.000000 0.486130
5370.000000 0.485230
5380.000000 0.484340
5390.000000 0.483440
5400.000000 0.482460
5410.000000 0.479180
5420.000000 0.475890
5430.000000 0.472600
5440.000000 0.469310
5450.000000 0.466000
5460.000000 0.462630
5470.000000 0.459240
5480.000000 0.455930
5490.000000 0.452540
5500.000000 0.449070
5510.000000 0.442960
5520.000000 0.436860
5530.000000 0.430690
5540.000000 0.424520
5550.000000 0.418360
5560.000000 0.412190
5570.000000 0.406030
5580.000000 0.399870
5590.000000 0.393710
5600.000000 0.387490
5610.000000 0.380830
5620.000000 0.374100
5630.000000 0.367380
5640.000000 0.360720
5650.000000 0.354000
5660.000000 0.347290
5670.000000 0.340500
5680.000000 0.333790
5690.000000 0.327080
5700.000000 0.320300
5710.000000 0.313450
5720.000000 0.306600
5730.000000 0.299760
5740.000000 0.292990
5750.000000 0.286150
5760.000000 0.279240
5770.000000 0.272400
5780.000000 0.265570
5790.000000 0.258750
5800.000000 0.251920
5810.000000 0.245600
5820.000000 0.239280
5830.000000 0.232970
5840.000000 0.226660
5850.000000 0.220350
5860.000000 0.214040
5870.000000 0.207670
5880.000000 0.201370
5890.000000 0.195070
5900.000000 0.188770
5910.000000 0.182480
5920.000000 0.176110
5930.000000 0.169820
5940.000000 0.163540
5950.000000 0.157180
5960.000000 0.150900
5970.000000 0.144550
5980.000000 0.138270
5990.000000 0.131920
6000.000000 0.125650
6010.000000 0.121660
6020.000000 0.117690
6030.000000 0.113710
6040.000000 0.109680
6050.000000 0.105720
6060.000000 0.101770
6070.000000 0.097820
6080.000000 0.093890
6090.000000 0.089960
6100.000000 0.086030
6110.000000 0.082120
6120.000000 0.078140
6130.000000 0.074230
6140.000000 0.070340
6150.000000 0.066450
6160.000000 0.062500
6170.000000 0.058620
6180.000000 0.054750
6190.000000 0.050890
6200.000000 0.046970
6210.000000 0.045300
6220.000000 0.043570
6230.000000 0.041850
6240.000000 0.040120
6250.000000 0.038400
6260.000000 0.036680
6270.000000 0.034970
6280.000000 0.033320
6290.000000 0.031610
6300.000000 0.029910
6310.000000 0.028210
6320.000000 0.026510
6330.000000 0.024810
6340.000000 0.023120
6350.000000 0.021490
6360.000000 0.019810
6370.000000 0.018120
6380.000000 0.016440
6390.000000 0.014760
6400.000000 0.013090
6410.000000 0.012380
6420.000000 0.011610
6430.000000 0.010910
6440.000000 0.010140
6450.000000 0.009440
6460.000000 0.008680
6470.000000 0.007980
6480.000000 0.007290
6490.000000 0.006520
6500.000000 0.005830
6510.000000 0.005400
6520.000000 0.005050
6530.000000 0.004690
6540.000000 0.004340
