4705.000000 0.006320
4710.000000 0.006460
4715.000000 0.006440
4720.000000 0.006630
4725.000000 0.006650
4730.000000 0.006870
4735.000000 0.006480
4740.000000 0.006720
4745.000000 0.006910
4750.000000 0.007090
4755.000000 0.007570
4760.000000 0.006780
4765.000000 0.006850
4770.000000 0.007080
4775.000000 0.007810
4780.000000 0.008310
4785.000000 0.007730
4790.000000 0.008470
4795.000000 0.008890
4800.000000 0.009240
4805.000000 0.009450
4810.000000 0.009890
4815.000000 0.010690
4820.000000 0.011450
4825.000000 0.011900
4830.000000 0.013610
4835.000000 0.015330
4840.000000 0.017890
4845.000000 0.020210
4850.000000 0.022550
4855.000000 0.026680
4860.000000 0.031350
4865.000000 0.038010
4870.000000 0.046340
4875.000000 0.057400
4880.000000 0.071590
4885.000000 0.089260
4890.000000 0.113160
4895.000000 0.140180
4900.000000 0.171190
4905.000000 0.207920
4910.000000 0.246740
4915.000000 0.286480
4920.000000 0.325600
4925.000000 0.361130
4930.000000 0.388330
4935.000000 0.409250
4940.000000 0.425420
4945.000000 0.433630
4950.000000 0.438270
4955.000000 0.440790
4960.000000 0.443360
4965.000000 0.444310
4970.000000 0.446210
4975.000000 0.447660
4980.000000 0.449000
4985.000000 0.452180
4990.000000 0.454930
4995.000000 0.456730
5000.000000 0.457960
5005.000000 0.458630
5010.000000 0.459950
5015.000000 0.460890
5020.000000 0.458340
5025.000000 0.456030
5030.000000 0.453730
5035.000000 0.450110
5040.000000 0.448790
5045.000000 0.449180
5050.000000 0.448460
5055.000000 0.448160
5060.000000 0.452290
5065.000000 0.457120
5070.000000 0.461350
5075.000000 0.469510
5080.000000 0.479880
5085.000000 0.483710
5090.000000 0.486640
5095.000000 0.482840
5100.000000 0.469730
5105.000000 0.449910
5110.000000 0.421600
5115.000000 0.384200
5120.000000 0.340750
5125.000000 0.295500
5130.000000 0.249730
5135.000000 0.207040
5140.000000 0.169610
5145.000000 0.137990
5150.000000 0.110320
5155.000000 0.088860
5160.000000 0.071850
5165.000000 0.058710
5170.000000 0.048110
5175.000000 0.039570
5180.000000 0.033190
5185.000000 0.028000
5190.000000 0.023380
5195.000000 0.020310
5200.000000 0.017640
5205.000000 0.015210
5210.000000 0.013230
5215.000000 0.011840
5220.000000 0.010790
5225.000000 0.009490
5230.000000 0.008620
5235.000000 0.007840
5240.000000 0.007080
5245.000000 0.006700
5250.000000 0.006180
5255.000000 0.005860
5260.000000 0.005510
5265.000000 0.005080
5270.000000 0.004920
5275.000000 0.004380
5280.000000 0.004300
