6700.000000 0.007600
6705.000000 0.007480
6710.000000 0.007430
6715.000000 0.007470
6720.000000 0.007580
6725.000000 0.007710
6730.000000 0.007890
6735.000000 0.007910
6740.000000 0.007810
6745.000000 0.007800
6750.000000 0.007960
6755.000000 0.008290
6760.000000 0.008240
6765.000000 0.008670
6770.000000 0.008670
6775.000000 0.008900
6780.000000 0.009080
6785.000000 0.009110
6790.000000 0.009540
6795.000000 0.009810
6800.000000 0.009890
6805.000000 0.010100
6810.000000 0.010450
6815.000000 0.010760
6820.000000 0.011300
6825.000000 0.011680
6830.000000 0.012410
6835.000000 0.013050
6840.000000 0.014130
6845.000000 0.014660
6850.000000 0.015940
6855.000000 0.017130
6860.000000 0.018740
6865.000000 0.020820
6870.000000 0.023150
6875.000000 0.026490
6880.000000 0.029800
6885.000000 0.034000
6890.000000 0.039720
6895.000000 0.047010
6900.000000 0.056280
6905.000000 0.068250
6910.000000 0.084040
6915.000000 0.105440
6920.000000 0.133450
6925.000000 0.169950
6930.000000 0.218820
6935.000000 0.279900
6940.000000 0.353560
6945.000000 0.436370
6950.000000 0.522790
6955.000000 0.606480
6960.000000 0.674850
6965.000000 0.726140
6970.000000 0.757540
6975.000000 0.767100
6980.000000 0.763510
6985.000000 0.752030
6990.000000 0.740290
6995.000000 0.727110
7000.000000 0.712870
7005.000000 0.703220
7010.000000 0.698000
7015.000000 0.696220
7020.000000 0.692250
7025.000000 0.692440
7030.000000 0.691470
7035.000000 0.685820
7040.000000 0.678270
7045.000000 0.669330
7050.000000 0.659510
7055.000000 0.647170
7060.000000 0.635590
7065.000000 0.624840
7070.000000 0.615810
7075.000000 0.606900
7080.000000 0.604060
7085.000000 0.605630
7090.000000 0.611540
7095.000000 0.619440
7100.000000 0.630190
7105.000000 0.641880
7110.000000 0.655980
7115.000000 0.662200
7120.000000 0.658870
7125.000000 0.642030
7130.000000 0.610500
7135.000000 0.564680
7140.000000 0.506580
7145.000000 0.442170
7150.000000 0.376200
7155.000000 0.311610
7160.000000 0.255190
7165.000000 0.206340
7170.000000 0.165630
7175.000000 0.133520
7180.000000 0.107980
7185.000000 0.088570
7190.000000 0.071760
7195.000000 0.058950
7200.000000 0.049120
7205.000000 0.041520
7210.000000 0.035570
7215.000000 0.030730
7220.000000 0.026910
7225.000000 0.023780
7230.000000 0.020960
7235.000000 0.018980
7240.000000 0.017260
7245.000000 0.015820
7250.000000 0.014620
7255.000000 0.013790
7260.000000 0.012830
7265.000000 0.012050
7270.000000 0.011590
7275.000000 0.011190
7280.000000 0.010570
7285.000000 0.010170
7290.000000 0.010070
7295.000000 0.009620
7300.000000 0.009540
7305.000000 0.009160
7310.000000 0.008950
7315.000000 0.008790
7320.000000 0.008690
7325.000000 0.008460
7330.000000 0.008320
7335.000000 0.008380
7340.000000 0.008360
7345.000000 0.008030
7350.000000 0.007820
7355.000000 0.007900
7360.000000 0.007710
7365.000000 0.007570
7370.000000 0.007510
7375.000000 0.007540
7380.000000 0.007550
7385.000000 0.007310
7390.000000 0.007460
7395.000000 0.007190
7400.000000 0.007200
