51520.0 0.0000255650
51545.0 0.0001384400
51571.0 0.0000781210
51597.0 0.0000298830
51622.0 0.0001641600
51648.0 0.0001898800
51674.0 0.0001611100
51699.0 0.0000095206
51725.0 0.0001288400
51751.0 0.0000641250
51777.0 0.0000740510
51803.0 0.0001273500
51829.0 0.0001037000
51855.0 0.0001913800
51881.0 0.0002749000
51906.0 0.0000804190
51932.0 0.0000761770
51959.0 0.0002373400
51985.0 0.0000944260
52011.0 0.0000911240
52037.0 0.0002752300
52063.0 0.0002463400
52089.0 0.0001094900
52115.0 0.0001164200
52141.0 0.0002637000
52168.0 0.0002921700
52194.0 0.0001965900
52220.0 0.0001937800
52246.0 0.0001241600
52273.0 0.0001747900
52299.0 0.0003057000
52326.0 0.0002887600
52352.0 0.0001538500
52378.0 0.0001787200
52405.0 0.0003477800
52431.0 0.0003795300
52458.0 0.0001408800
52484.0 0.0001631800
52511.0 0.0003127700
52538.0 0.0002635400
52564.0 0.0003065300
52591.0 0.0004184500
52618.0 0.0004018400
52644.0 0.0003532500
52671.0 0.0004168600
52698.0 0.0003609700
52725.0 0.0002959500
52751.0 0.0004048900
52778.0 0.0004540200
52805.0 0.0004898600
52832.0 0.0005715100
52859.0 0.0006329900
52886.0 0.0005301900
52913.0 0.0004942200
52940.0 0.0006817600
52967.0 0.0006628400
52994.0 0.0006147900
53021.0 0.0007143700
53048.0 0.0006276500
53075.0 0.0007858100
53102.0 0.0009306700
53130.0 0.0007986300
53157.0 0.0008549200
53184.0 0.0009084500
53211.0 0.0009237600
53239.0 0.0008833500
53266.0 0.0009232600
53294.0 0.0009812400
53321.0 0.0009355200
53348.0 0.0010062000
53376.0 0.0009780300
53403.0 0.0010464000
53431.0 0.0012786000
53458.0 0.0012357000
53486.0 0.0012789000
53514.0 0.0013427000
53541.0 0.0012436000
53569.0 0.0013905000
53596.0 0.0014924000
53624.0 0.0013828000
53652.0 0.0015427000
53680.0 0.0017035000
53707.0 0.0017448000
53735.0 0.0018993000
53763.0 0.0017958000
53791.0 0.0017352000
53819.0 0.0019408000
53847.0 0.0019138000
53875.0 0.0019952000
53903.0 0.0021880000
53931.0 0.0020042000
53959.0 0.0019421000
53987.0 0.0023052000
54015.0 0.0024400000
54043.0 0.0022892000
54072.0 0.0023859000
54100.0 0.0024981000
54128.0 0.0025039000
54156.0 0.0027504000
54185.0 0.0028144000
54213.0 0.0025825000
54241.0 0.0028353000
54270.0 0.0032106000
54298.0 0.0029535000
54326.0 0.0029340000
54355.0 0.0032906000
54383.0 0.0032627000
54412.0 0.0034312000
54441.0 0.0037870000
54469.0 0.0036537000
54498.0 0.0036106000
54526.0 0.0039422000
54555.0 0.0040639000
54584.0 0.0039550000
54613.0 0.0040968000
54641.0 0.0042754000
54670.0 0.0045113000
54699.0 0.0049853000
54728.0 0.0050055000
54757.0 0.0049880000
54786.0 0.0054325000
54815.0 0.0056086000
54844.0 0.0056344000
54873.0 0.0058477000
54902.0 0.0061000000
54931.0 0.0063034000
54960.0 0.0064594000
54989.0 0.0066876000
55018.0 0.0068734000
55047.0 0.0072450000
55077.0 0.0078691000
55106.0 0.0082172000
55135.0 0.0084520000
55164.0 0.0087880000
55194.0 0.0091378000
55223.0 0.0097484000
55253.0 0.0103430000
55282.0 0.0107590000
55312.0 0.0113030000
55341.0 0.0119290000
55371.0 0.0126860000
55400.0 0.0135320000
55430.0 0.0143070000
55459.0 0.0150260000
55489.0 0.0159960000
55519.0 0.0173480000
55549.0 0.0183840000
55578.0 0.0191700000
55608.0 0.0204820000
55638.0 0.0218650000
55668.0 0.0231500000
55698.0 0.0250690000
55728.0 0.0271000000
55758.0 0.0288400000
55788.0 0.0307820000
55818.0 0.0329340000
55848.0 0.0353820000
55878.0 0.0383950000
55908.0 0.0415020000
55938.0 0.0443040000
55968.0 0.0476540000
55998.0 0.0516220000
56029.0 0.0555900000
56059.0 0.0599200000
56089.0 0.0646910000
56120.0 0.0698460000
56150.0 0.0750920000
56180.0 0.0808350000
56211.0 0.0873960000
56241.0 0.0939370000
56272.0 0.1009100000
56302.0 0.1085600000
56333.0 0.1165200000
56364.0 0.1248100000
56394.0 0.1335300000
56425.0 0.1426700000
56456.0 0.1519400000
56486.0 0.1617200000
56517.0 0.1717400000
56548.0 0.1816900000
56579.0 0.1919400000
56610.0 0.2019500000
56641.0 0.2116700000
56672.0 0.2219100000
56703.0 0.2318500000
56734.0 0.2413000000
56765.0 0.2512900000
56796.0 0.2605100000
56827.0 0.2683400000
56858.0 0.2762400000
56889.0 0.2842000000
56921.0 0.2914200000
56952.0 0.2979700000
56983.0 0.3039200000
57014.0 0.3094700000
57046.0 0.3144000000
57077.0 0.3185700000
57109.0 0.3223600000
57140.0 0.3254400000
57172.0 0.3277100000
57203.0 0.3301700000
57235.0 0.3327400000
57266.0 0.3353400000
57298.0 0.3377000000
57330.0 0.3389800000
57361.0 0.3403100000
57393.0 0.3412700000
57425.0 0.3410700000
57457.0 0.3417800000
57488.0 0.3429100000
57520.0 0.3431000000
57552.0 0.3435600000
57584.0 0.3437400000
57616.0 0.3435900000
57648.0 0.3434500000
57680.0 0.3430400000
57712.0 0.3435200000
57745.0 0.3437400000
57777.0 0.3431100000
57809.0 0.3432500000
57841.0 0.3433800000
57873.0 0.3434100000
57906.0 0.3439200000
57938.0 0.3442900000
57970.0 0.3447700000
58003.0 0.3450500000
58035.0 0.3450600000
58068.0 0.3455900000
58100.0 0.3462800000
58133.0 0.3470400000
58166.0 0.3483000000
58198.0 0.3495300000
58231.0 0.3507000000
58264.0 0.3518000000
58296.0 0.3526500000
58329.0 0.3540500000
58362.0 0.3559500000
58395.0 0.3576300000
58428.0 0.3593500000
58461.0 0.3610700000
58494.0 0.3627200000
58527.0 0.3648400000
58560.0 0.3671700000
58593.0 0.3688200000
58626.0 0.3705400000
58659.0 0.3728500000
58692.0 0.3747600000
58725.0 0.3767000000
58759.0 0.3785800000
58792.0 0.3798800000
58825.0 0.3818800000
58859.0 0.3843000000
58892.0 0.3860300000
58926.0 0.3877100000
58959.0 0.3894200000
58993.0 0.3911000000
59026.0 0.3927900000
59060.0 0.3937500000
59094.0 0.3944600000
59127.0 0.3955400000
59161.0 0.3965100000
59195.0 0.3971200000
59229.0 0.3976500000
59262.0 0.3982000000
59296.0 0.3982700000
59330.0 0.3982400000
59364.0 0.3980300000
59398.0 0.3973100000
59432.0 0.3971800000
59466.0 0.3968800000
59500.0 0.3960100000
59535.0 0.3954400000
59569.0 0.3945800000
59603.0 0.3937100000
59637.0 0.3930200000
59672.0 0.3919400000
59706.0 0.3907000000
59740.0 0.3896200000
59775.0 0.3881800000
59809.0 0.3863900000
59844.0 0.3849400000
59878.0 0.3835900000
59913.0 0.3819100000
59948.0 0.3802500000
59982.0 0.3786400000
60017.0 0.3774300000
60052.0 0.3767300000
60086.0 0.3763200000
60121.0 0.3756300000
60156.0 0.3740800000
60191.0 0.3728500000
60226.0 0.3718700000
60261.0 0.3706400000
60296.0 0.3700300000
60331.0 0.3693900000
60366.0 0.3684300000
60401.0 0.3677400000
60437.0 0.3667700000
60472.0 0.3656500000
60507.0 0.3651800000
60542.0 0.3652100000
60578.0 0.3646400000
60613.0 0.3632500000
60649.0 0.3621300000
60684.0 0.3613000000
60720.0 0.3605900000
60755.0 0.3606100000
60791.0 0.3606200000
60827.0 0.3602700000
60862.0 0.3599400000
60898.0 0.3594600000
60934.0 0.3585400000
60970.0 0.3577100000
61005.0 0.3579900000
61041.0 0.3581400000
61077.0 0.3576900000
61113.0 0.3577800000
61149.0 0.3576800000
61185.0 0.3575200000
61221.0 0.3573400000
61258.0 0.3568900000
61294.0 0.3576400000
61330.0 0.3587300000
61366.0 0.3592800000
61403.0 0.3601400000
61439.0 0.3606400000
61476.0 0.3609900000
61512.0 0.3615900000
61548.0 0.3621200000
61585.0 0.3631000000
61622.0 0.3641000000
61658.0 0.3648100000
61695.0 0.3657400000
61732.0 0.3671400000
61768.0 0.3686900000
61805.0 0.3701000000
61842.0 0.3715000000
61879.0 0.3725100000
61916.0 0.3736700000
61953.0 0.3753800000
61990.0 0.3767500000
62027.0 0.3783100000
62064.0 0.3799700000
62101.0 0.3809200000
62139.0 0.3818100000
62176.0 0.3830900000
62213.0 0.3843600000
62250.0 0.3858400000
62288.0 0.3880600000
62325.0 0.3900700000
62363.0 0.3916000000
62400.0 0.3937200000
62438.0 0.3958300000
62475.0 0.3975800000
62513.0 0.3995400000
62551.0 0.4009400000
62589.0 0.4017500000
62626.0 0.4026700000
62664.0 0.4040200000
62702.0 0.4060700000
62740.0 0.4074500000
62778.0 0.4082600000
62816.0 0.4097900000
62854.0 0.4115100000
62892.0 0.4128600000
62930.0 0.4142400000
62969.0 0.4152300000
63007.0 0.4154600000
63045.0 0.4167400000
63083.0 0.4177500000
63122.0 0.4180600000
63160.0 0.4198500000
63199.0 0.4209100000
63237.0 0.4217000000
63276.0 0.4233900000
63315.0 0.4241000000
63353.0 0.4246100000
63392.0 0.4257700000
63431.0 0.4268900000
63470.0 0.4274800000
63508.0 0.4283400000
63547.0 0.4297900000
63586.0 0.4310600000
63625.0 0.4320200000
63664.0 0.4327900000
63703.0 0.4334600000
63743.0 0.4344000000
63782.0 0.4356100000
63821.0 0.4363300000
63860.0 0.4368900000
63900.0 0.4377100000
63939.0 0.4386000000
63979.0 0.4397200000
64018.0 0.4401900000
64058.0 0.4409400000
64097.0 0.4423400000
64137.0 0.4427400000
64176.0 0.4435000000
64216.0 0.4445900000
64256.0 0.4447400000
64296.0 0.4456700000
64336.0 0.4469300000
64376.0 0.4474200000
64416.0 0.4482300000
64456.0 0.4492500000
64496.0 0.4492300000
64536.0 0.4490300000
64576.0 0.4497600000
64616.0 0.4502400000
64657.0 0.4504800000
64697.0 0.4506900000
64737.0 0.4498200000
64778.0 0.4486500000
64818.0 0.4466400000
64859.0 0.4436400000
64899.0 0.4408500000
64940.0 0.4386300000
64981.0 0.4390800000
65021.0 0.4424800000
65062.0 0.4454500000
65103.0 0.4466300000
65144.0 0.4471700000
65185.0 0.4466900000
65226.0 0.4457300000
65267.0 0.4455800000
65308.0 0.4449600000
65349.0 0.4436200000
65390.0 0.4425000000
65432.0 0.4415200000
65473.0 0.4408500000
65514.0 0.4398000000
65556.0 0.4380800000
65597.0 0.4371700000
65639.0 0.4366000000
65680.0 0.4352400000
65722.0 0.4338600000
65764.0 0.4324700000
65805.0 0.4309900000
65847.0 0.4303000000
65889.0 0.4294500000
65931.0 0.4282200000
65973.0 0.4278000000
66015.0 0.4274200000
66057.0 0.4265200000
66099.0 0.4259700000
66141.0 0.4260000000
66183.0 0.4261800000
66226.0 0.4261600000
66268.0 0.4258600000
66310.0 0.4257700000
66353.0 0.4260600000
66395.0 0.4265300000
66438.0 0.4271700000
66480.0 0.4277800000
66523.0 0.4284900000
66566.0 0.4297200000
66608.0 0.4304000000
66651.0 0.4308200000
66694.0 0.4324400000
66737.0 0.4343100000
66780.0 0.4360100000
66823.0 0.4378000000
66866.0 0.4400400000
66909.0 0.4424500000
66952.0 0.4441500000
66996.0 0.4460900000
67039.0 0.4475800000
67082.0 0.4493300000
67126.0 0.4525800000
67169.0 0.4558200000
67213.0 0.4587200000
67256.0 0.4608400000
67300.0 0.4633000000
67344.0 0.4664100000
67387.0 0.4691100000
67431.0 0.4717800000
67475.0 0.4739200000
67519.0 0.4766200000
67563.0 0.4798200000
67607.0 0.4819500000
67651.0 0.4844100000
67695.0 0.4874400000
67740.0 0.4895200000
67784.0 0.4911600000
67828.0 0.4937200000
67873.0 0.4964700000
67917.0 0.4988900000
67961.0 0.5017700000
68006.0 0.5038700000
68051.0 0.5051800000
68095.0 0.5071600000
68140.0 0.5094600000
68185.0 0.5113000000
68230.0 0.5135000000
68275.0 0.5162600000
68320.0 0.5182100000
68365.0 0.5198900000
68410.0 0.5221200000
68455.0 0.5247000000
68500.0 0.5272700000
68545.0 0.5289400000
68591.0 0.5303900000
68636.0 0.5325300000
68682.0 0.5341700000
68727.0 0.5356800000
68773.0 0.5379100000
68818.0 0.5394600000
68864.0 0.5405700000
68910.0 0.5426100000
68956.0 0.5447900000
69001.0 0.5460100000
69047.0 0.5462200000
69093.0 0.5473800000
69139.0 0.5492300000
69186.0 0.5498700000
69232.0 0.5509600000
69278.0 0.5520800000
69324.0 0.5519500000
69371.0 0.5524700000
69417.0 0.5532900000
69464.0 0.5535400000
69510.0 0.5543400000
69557.0 0.5553500000
69603.0 0.5557200000
69650.0 0.5559800000
69697.0 0.5568700000
69744.0 0.5570000000
69791.0 0.5572300000
69838.0 0.5580000000
69885.0 0.5576800000
69932.0 0.5579100000
69979.0 0.5586000000
70026.0 0.5584400000
70074.0 0.5585400000
70121.0 0.5594500000
70169.0 0.5605900000
70216.0 0.5608600000
70264.0 0.5611600000
70311.0 0.5626200000
70359.0 0.5632600000
70407.0 0.5636100000
70455.0 0.5649100000
70503.0 0.5652200000
70550.0 0.5661000000
70598.0 0.5676300000
70647.0 0.5683900000
70695.0 0.5705000000
70743.0 0.5729000000
70791.0 0.5742100000
70840.0 0.5755600000
70888.0 0.5782600000
70937.0 0.5817700000
70985.0 0.5841500000
71034.0 0.5866200000
71082.0 0.5892300000
71131.0 0.5908900000
71180.0 0.5934900000
71229.0 0.5973500000
71278.0 0.6007800000
71327.0 0.6031300000
71376.0 0.6056200000
71425.0 0.6088900000
71474.0 0.6119400000
71524.0 0.6146200000
71573.0 0.6178700000
71622.0 0.6212300000
71672.0 0.6234200000
71721.0 0.6263700000
71771.0 0.6306000000
71821.0 0.6340100000
71871.0 0.6380000000
71920.0 0.6419000000
71970.0 0.6443700000
72020.0 0.6479300000
72070.0 0.6510300000
72120.0 0.6525200000
72171.0 0.6556000000
72221.0 0.6586700000
72271.0 0.6606600000
72322.0 0.6629700000
72372.0 0.6645300000
72423.0 0.6662200000
72473.0 0.6687400000
72524.0 0.6699600000
72575.0 0.6707500000
72625.0 0.6728200000
72676.0 0.6746100000
72727.0 0.6754600000
72778.0 0.6764200000
72829.0 0.6783000000
72881.0 0.6807800000
72932.0 0.6825200000
72983.0 0.6836300000
73035.0 0.6851900000
73086.0 0.6865500000
73138.0 0.6877300000
73189.0 0.6896900000
73241.0 0.6913900000
73293.0 0.6926300000
73345.0 0.6941500000
73396.0 0.6964200000
73448.0 0.6992400000
73500.0 0.7015700000
73553.0 0.7047700000
73605.0 0.7076500000
73657.0 0.7096500000
73709.0 0.7139200000
73762.0 0.7179000000
73814.0 0.7213000000
73867.0 0.7262900000
73920.0 0.7296700000
73972.0 0.7329200000
74025.0 0.7380100000
74078.0 0.7424400000
74131.0 0.7470000000
74184.0 0.7518900000
74237.0 0.7560700000
74290.0 0.7614400000
74344.0 0.7666800000
74397.0 0.7702700000
74450.0 0.7747300000
74504.0 0.7797400000
74557.0 0.7836300000
74611.0 0.7872800000
74665.0 0.7914200000
74718.0 0.7960800000
74772.0 0.8003900000
74826.0 0.8040900000
74880.0 0.8088600000
74934.0 0.8126300000
74989.0 0.8149100000
75043.0 0.8191000000
75097.0 0.8224500000
75152.0 0.8244200000
75206.0 0.8270000000
75261.0 0.8291700000
75315.0 0.8317000000
75370.0 0.8330100000
75425.0 0.8338300000
75480.0 0.8361900000
75535.0 0.8371000000
75590.0 0.8370800000
75645.0 0.8375600000
75700.0 0.8384700000
75755.0 0.8402400000
75811.0 0.8408300000
75866.0 0.8407700000
75922.0 0.8413400000
75977.0 0.8419800000
76033.0 0.8436200000
76089.0 0.8446300000
76145.0 0.8450700000
76201.0 0.8464800000
76257.0 0.8475700000
76313.0 0.8486300000
76369.0 0.8498600000
76425.0 0.8517600000
76482.0 0.8538900000
76538.0 0.8547200000
76595.0 0.8562600000
76651.0 0.8582800000
76708.0 0.8597300000
76765.0 0.8613400000
76822.0 0.8635000000
76879.0 0.8661800000
76936.0 0.8684000000
76993.0 0.8704800000
77050.0 0.8716100000
77107.0 0.8734800000
77165.0 0.8769200000
77222.0 0.8790700000
77280.0 0.8812000000
77337.0 0.8831600000
77395.0 0.8853500000
77453.0 0.8890200000
77511.0 0.8910200000
77569.0 0.8927000000
77627.0 0.8952400000
77685.0 0.8979200000
77743.0 0.9009500000
77801.0 0.9021100000
77860.0 0.9034200000
77918.0 0.9064900000
77977.0 0.9098900000
78035.0 0.9136000000
78094.0 0.9161000000
78153.0 0.9185500000
78212.0 0.9216700000
78271.0 0.9231800000
78330.0 0.9253800000
78389.0 0.9286300000
78449.0 0.9314100000
78508.0 0.9341100000
78568.0 0.9364700000
78627.0 0.9397000000
78687.0 0.9434100000
78747.0 0.9464600000
78806.0 0.9495700000
78866.0 0.9526700000
78926.0 0.9563600000
78986.0 0.9592400000
79047.0 0.9614300000
79107.0 0.9648400000
79167.0 0.9685900000
79228.0 0.9731000000
79288.0 0.9762100000
79349.0 0.9781400000
79410.0 0.9817300000
79471.0 0.9846000000
79532.0 0.9868400000
79593.0 0.9885700000
79654.0 0.9911500000
79715.0 0.9946600000
79776.0 0.9956900000
79838.0 0.9981400000
79899.0 1.0000000000
79961.0 0.9987500000
80023.0 0.9998500000
80084.0 0.9980200000
80146.0 0.9939500000
80208.0 0.9939200000
80270.0 0.9920700000
80332.0 0.9873000000
80395.0 0.9841700000
80457.0 0.9814400000
80520.0 0.9780700000
80582.0 0.9738300000
80645.0 0.9701600000
80708.0 0.9663100000
80770.0 0.9617400000
80833.0 0.9588700000
80896.0 0.9557100000
80960.0 0.9517700000
81023.0 0.9485100000
81086.0 0.9453900000
81150.0 0.9428300000
81213.0 0.9404100000
81277.0 0.9381600000
81341.0 0.9363500000
81404.0 0.9354500000
81468.0 0.9345600000
81532.0 0.9332600000
81597.0 0.9338700000
81661.0 0.9354500000
81725.0 0.9361700000
81790.0 0.9369300000
81854.0 0.9368300000
81919.0 0.9370500000
81984.0 0.9390100000
82048.0 0.9394700000
82113.0 0.9397800000
82178.0 0.9410100000
82244.0 0.9390800000
82309.0 0.9366000000
82374.0 0.9352900000
82440.0 0.9323300000
82505.0 0.9271600000
82571.0 0.9203300000
82637.0 0.9122100000
82703.0 0.9016200000
82769.0 0.8889500000
82835.0 0.8744400000
82901.0 0.8576500000
82967.0 0.8393300000
83034.0 0.8181100000
83100.0 0.7953000000
83167.0 0.7700500000
83234.0 0.7412600000
83301.0 0.7125800000
83368.0 0.6825300000
83435.0 0.6511900000
83502.0 0.6194000000
83569.0 0.5863900000
83636.0 0.5541300000
83704.0 0.5212700000
83772.0 0.4887100000
83839.0 0.4584700000
83907.0 0.4280500000
83975.0 0.3978800000
84043.0 0.3701700000
84111.0 0.3431500000
84180.0 0.3161100000
84248.0 0.2925300000
84316.0 0.2708000000
84385.0 0.2486200000
84454.0 0.2285100000
84523.0 0.2097400000
84592.0 0.1920900000
84661.0 0.1759200000
84730.0 0.1611000000
84799.0 0.1479500000
84868.0 0.1354500000
84938.0 0.1243500000
85008.0 0.1136500000
85077.0 0.1041900000
85147.0 0.0962320000
85217.0 0.0874740000
85287.0 0.0808040000
85357.0 0.0749390000
85428.0 0.0680510000
85498.0 0.0621780000
85569.0 0.0566160000
85639.0 0.0524540000
85710.0 0.0484120000
85781.0 0.0439090000
85852.0 0.0414390000
85923.0 0.0383050000
85994.0 0.0338820000
86066.0 0.0323010000
86137.0 0.0310180000
86209.0 0.0271380000
86281.0 0.0256780000
86352.0 0.0253670000
86424.0 0.0219320000
86496.0 0.0193290000
86569.0 0.0189330000
86641.0 0.0181130000
86713.0 0.0171180000
86786.0 0.0161580000
86859.0 0.0149250000
86931.0 0.0142910000
87004.0 0.0135330000
87077.0 0.0126840000
87151.0 0.0116460000
87224.0 0.0097655000
87297.0 0.0101530000
87371.0 0.0107970000
87444.0 0.0097384000
87518.0 0.0096852000
87592.0 0.0080494000
87666.0 0.0065016000
87740.0 0.0074361000
87815.0 0.0068605000
87889.0 0.0067221000
87964.0 0.0073235000
88038.0 0.0054988000
88113.0 0.0049141000
88188.0 0.0059404000
88263.0 0.0055356000
88338.0 0.0053065000
88414.0 0.0051972000
88489.0 0.0046957000
88565.0 0.0048639000
88640.0 0.0043953000
88716.0 0.0031833000
88792.0 0.0030237000
88868.0 0.0027349000
88944.0 0.0023262000
89021.0 0.0036151000
89097.0 0.0041290000
89174.0 0.0028806000
89251.0 0.0017230000
89327.0 0.0016094000
89404.0 0.0025709000
89482.0 0.0031917000
89559.0 0.0029971000
89636.0 0.0019333000
89714.0 0.0021494000
89791.0 0.0030712000
89869.0 0.0024900000
89947.0 0.0030165000
90025.0 0.0030381000
90104.0 0.0013025000
90182.0 0.0004915100
90260.0 0.0010149000
90339.0 0.0015371000
90418.0 0.0017179000
90497.0 0.0017351000
90576.0 0.0025347000
90655.0 0.0017907000
90734.0 0.0009821100
90814.0 0.0015405000
90893.0 0.0020048000
90973.0 0.0018611000
91053.0 0.0017311000
91133.0 0.0018621000
91213.0 0.0011629000
91293.0 0.0009522600
91374.0 0.0014194000
91454.0 0.0007631500
91535.0 0.0005941400
91616.0 0.0002702200
91697.0 0.0000000000
91778.0 0.0003833700
91859.0 0.0008780400
91941.0 0.0015117000
92022.0 0.0004823200
92104.0 0.0000000000
