5749.900000 0
5750.000000 1
5751.000000 1
5752.000000 1
5753.000000 1
5754.000000 1
5755.000000 1
5756.000000 1
5757.000000 1
5758.000000 1
5759.000000 1
5760.000000 1
5761.000000 1
5762.000000 1
5763.000000 1
5764.000000 1
5765.000000 1
5766.000000 1
5767.000000 1
5768.000000 1
5769.000000 1
5770.000000 1
5771.000000 1
5772.000000 1
5773.000000 1
5774.000000 1
5775.000000 1
5776.000000 1
5777.000000 1
5778.000000 1
5779.000000 1
5780.000000 1
5781.000000 1
5782.000000 1
5783.000000 1
5784.000000 1
5785.000000 1
5786.000000 1
5787.000000 1
5788.000000 1
5789.000000 1
5790.000000 1
5791.000000 1
5792.000000 1
5793.000000 1
5794.000000 1
5795.000000 1
5796.000000 1
5797.000000 1
5798.000000 1
5799.000000 1
5800.000000 1
5801.000000 1
5802.000000 1
5803.000000 1
5804.000000 1
5805.000000 1
5806.000000 1
5807.000000 1
5808.000000 1
5809.000000 1
5810.000000 1
5811.000000 1
5812.000000 1
5813.000000 1
5814.000000 1
5815.000000 1
5816.000000 1
5817.000000 1
5818.000000 1
5819.000000 1
5820.000000 1
5821.000000 1
5822.000000 1
5823.000000 1
5824.000000 1
5825.000000 1
5826.000000 1
5827.000000 1
5828.000000 1
5829.000000 1
5830.000000 1
5831.000000 1
5832.000000 1
5833.000000 1
5834.000000 1
5835.000000 1
5836.000000 1
5837.000000 1
5838.000000 1
5839.000000 1
5840.000000 1
5841.000000 1
5842.000000 1
5843.000000 1
5844.000000 1
5845.000000 1
5846.000000 1
5847.000000 1
5848.000000 1
5849.000000 1
5850.000000 1
5850.100000 0
