6299.900000 0
6300.000000 1
6301.000000 1
6302.000000 1
6303.000000 1
6304.000000 1
6305.000000 1
6306.000000 1
6307.000000 1
6308.000000 1
6309.000000 1
6310.000000 1
6311.000000 1
6312.000000 1
6313.000000 1
6314.000000 1
6315.000000 1
6316.000000 1
6317.000000 1
6318.000000 1
6319.000000 1
6320.000000 1
6321.000000 1
6322.000000 1
6323.000000 1
6324.000000 1
6325.000000 1
6326.000000 1
6327.000000 1
6328.000000 1
6329.000000 1
6330.000000 1
6331.000000 1
6332.000000 1
6333.000000 1
6334.000000 1
6335.000000 1
6336.000000 1
6337.000000 1
6338.000000 1
6339.000000 1
6340.000000 1
6341.000000 1
6342.000000 1
6343.000000 1
6344.000000 1
6345.000000 1
6346.000000 1
6347.000000 1
6348.000000 1
6349.000000 1
6350.000000 1
6351.000000 1
6352.000000 1
6353.000000 1
6354.000000 1
6355.000000 1
6356.000000 1
6357.000000 1
6358.000000 1
6359.000000 1
6360.000000 1
6361.000000 1
6362.000000 1
6363.000000 1
6364.000000 1
6365.000000 1
6366.000000 1
6367.000000 1
6368.000000 1
6369.000000 1
6370.000000 1
6371.000000 1
6372.000000 1
6373.000000 1
6374.000000 1
6375.000000 1
6376.000000 1
6377.000000 1
6378.000000 1
6379.000000 1
6380.000000 1
6381.000000 1
6382.000000 1
6383.000000 1
6384.000000 1
6385.000000 1
6386.000000 1
6387.000000 1
6388.000000 1
6389.000000 1
6390.000000 1
6391.000000 1
6392.000000 1
6393.000000 1
6394.000000 1
6395.000000 1
6396.000000 1
6397.000000 1
6398.000000 1
6399.000000 1
6400.000000 1
6401.000000 1
6402.000000 1
6403.000000 1
6404.000000 1
6405.000000 1
6406.000000 1
6407.000000 1
6408.000000 1
6409.000000 1
6410.000000 1
6411.000000 1
6412.000000 1
6413.000000 1
6414.000000 1
6415.000000 1
6416.000000 1
6417.000000 1
6418.000000 1
6419.000000 1
6420.000000 1
6420.100000 0
