4314.900000 0
4315.000000 1
4316.000000 1
4317.000000 1
4318.000000 1
4319.000000 1
4320.000000 1
4321.000000 1
4322.000000 1
4323.000000 1
4324.000000 1
4325.000000 1
4326.000000 1
4327.000000 1
4328.000000 1
4329.000000 1
4330.000000 1
4331.000000 1
4332.000000 1
4333.000000 1
4334.000000 1
4335.000000 1
4336.000000 1
4337.000000 1
4338.000000 1
4339.000000 1
4340.000000 1
4341.000000 1
4342.000000 1
4343.000000 1
4344.000000 1
4345.000000 1
4346.000000 1
4347.000000 1
4348.000000 1
4349.000000 1
4350.000000 1
4351.000000 1
4352.000000 1
4353.000000 1
4354.000000 1
4355.000000 1
4356.000000 1
4357.000000 1
4358.000000 1
4359.000000 1
4360.000000 1
4361.000000 1
4362.000000 1
4363.000000 1
4364.000000 1
4365.000000 1
4366.000000 1
4367.000000 1
4368.000000 1
4369.000000 1
4370.000000 1
4371.000000 1
4372.000000 1
4373.000000 1
4374.000000 1
4375.000000 1
4376.000000 1
4377.000000 1
4378.000000 1
4379.000000 1
4380.000000 1
4381.000000 1
4382.000000 1
4383.000000 1
4384.000000 1
4385.000000 1
4386.000000 1
4387.000000 1
4388.000000 1
4389.000000 1
4390.000000 1
4391.000000 1
4392.000000 1
4393.000000 1
4394.000000 1
4395.000000 1
4396.000000 1
4397.000000 1
4398.000000 1
4399.000000 1
4400.000000 1
4401.000000 1
4402.000000 1
4403.000000 1
4404.000000 1
4405.000000 1
4406.000000 1
4407.000000 1
4408.000000 1
4409.000000 1
4410.000000 1
4411.000000 1
4412.000000 1
4413.000000 1
4414.000000 1
4415.000000 1
4416.000000 1
4417.000000 1
4418.000000 1
4419.000000 1
4420.000000 1
4421.000000 1
4422.000000 1
4423.000000 1
4424.000000 1
4425.000000 1
4425.100000 0
