13500 0
13620 0.176834
13740 0.332819
13870 0.489575
13990 0.646332
14110 0.925483
14230 0.926641
14350 0.929344
14480 0.930116
14600 0.940154
14720 0.941313
14840 0.942085
14960 0.942857
15090 0.946332
15210 0.947104
15330 0.948263
15450 0.949035
15570 0.966409
15700 0.967181
15820 0.967568
15940 0.96834
16060 0.972201
16180 0.972587
16300 0.973359
16430 0.973359
16550 0.979151
16670 0.979923
16790 0.980695
16910 0.981081
17040 0.998842
17160 0.999614
17280 1
17400 0.974131
17520 0.859073
17650 0.725097
17770 0.59112
17890 0.457143
18010 0.188031
18130 0.0540541
18260 0
18380 0
18500 0
