4222.000000 0.000040
4224.000000 0.000060
4226.000000 0.000090
4228.000000 0.000150
4230.000000 0.000200
4232.000000 0.000240
4234.000000 0.000280
4236.000000 0.000320
4238.000000 0.000370
4240.000000 0.000430
4242.000000 0.000490
4244.000000 0.000580
4246.000000 0.000690
4248.000000 0.000850
4250.000000 0.001070
4252.000000 0.001350
4254.000000 0.001720
4256.000000 0.002210
4258.000000 0.002900
4260.000000 0.003940
4262.000000 0.005550
4264.000000 0.008080
4266.000000 0.012020
4268.000000 0.018120
4270.000000 0.027030
4272.000000 0.040320
4274.000000 0.058320
4276.000000 0.080970
4278.000000 0.106130
4280.000000 0.131330
4282.000000 0.151270
4284.000000 0.165220
4286.000000 0.173440
4288.000000 0.178600
4290.000000 0.183140
4292.000000 0.188290
4294.000000 0.194750
4296.000000 0.201430
4298.000000 0.208770
4300.000000 0.215890
4302.000000 0.222540
4304.000000 0.227960
4306.000000 0.232220
4308.000000 0.234940
4310.000000 0.235870
4312.000000 0.235150
4314.000000 0.232480
4316.000000 0.228710
4318.000000 0.224020
4320.000000 0.218850
4322.000000 0.213810
4324.000000 0.208880
4326.000000 0.205050
4328.000000 0.202190
4330.000000 0.200400
4332.000000 0.199970
4334.000000 0.200470
4336.000000 0.201700
4338.000000 0.203100
4340.000000 0.203620
4342.000000 0.201890
4344.000000 0.196230
4346.000000 0.184640
4348.000000 0.167380
4350.000000 0.143330
4352.000000 0.116080
4354.000000 0.088270
4356.000000 0.065070
4358.000000 0.045760
4360.000000 0.031450
4362.000000 0.021230
4364.000000 0.014190
4366.000000 0.009440
4368.000000 0.006350
4370.000000 0.004360
4372.000000 0.002920
4374.000000 0.002000
4376.000000 0.001390
4378.000000 0.000950
4380.000000 0.000680
4382.000000 0.000490
4384.000000 0.000360
4386.000000 0.000270
4388.000000 0.000200
4390.000000 0.000150
4392.000000 0.000110
4394.000000 0.000090
4396.000000 0.000070
4398.000000 0.000060
4400.000000 0.000040
