5574.000000 0.000040
5576.000000 0.000040
5578.000000 0.000040
5580.000000 0.000040
5582.000000 0.000040
5584.000000 0.000050
5586.000000 0.000050
5588.000000 0.000050
5590.000000 0.000050
5592.000000 0.000050
5594.000000 0.000060
5596.000000 0.000060
5598.000000 0.000060
5600.000000 0.000060
5602.000000 0.000070
5604.000000 0.000070
5606.000000 0.000070
5608.000000 0.000080
5610.000000 0.000080
5612.000000 0.000080
5614.000000 0.000080
5616.000000 0.000090
5618.000000 0.000090
5620.000000 0.000090
5622.000000 0.000100
5624.000000 0.000100
5626.000000 0.000110
5628.000000 0.000110
5630.000000 0.000120
5632.000000 0.000120
5634.000000 0.000120
5636.000000 0.000130
5638.000000 0.000130
5640.000000 0.000140
5642.000000 0.000140
5644.000000 0.000150
5646.000000 0.000150
5648.000000 0.000160
5650.000000 0.000170
5652.000000 0.000170
5654.000000 0.000180
5656.000000 0.000180
5658.000000 0.000190
5660.000000 0.000200
5662.000000 0.000200
5664.000000 0.000210
5666.000000 0.000220
5668.000000 0.000230
5670.000000 0.000230
5672.000000 0.000240
5674.000000 0.000250
5676.000000 0.000260
5678.000000 0.000260
5680.000000 0.000270
5682.000000 0.000290
5684.000000 0.000290
5686.000000 0.000300
5688.000000 0.000310
5690.000000 0.000320
5692.000000 0.000330
5694.000000 0.000350
5696.000000 0.000350
5698.000000 0.000360
5700.000000 0.000380
5702.000000 0.000390
5704.000000 0.000400
5706.000000 0.000400
5708.000000 0.000420
5710.000000 0.000430
5712.000000 0.000440
5714.000000 0.000460
5716.000000 0.000470
5718.000000 0.000480
5720.000000 0.000500
5722.000000 0.000510
5724.000000 0.000530
5726.000000 0.000540
5728.000000 0.000550
5730.000000 0.000570
5732.000000 0.000580
5734.000000 0.000600
5736.000000 0.000620
5738.000000 0.000630
5740.000000 0.000650
5742.000000 0.000670
5744.000000 0.000680
5746.000000 0.000700
5748.000000 0.000720
5750.000000 0.000750
5752.000000 0.000760
5754.000000 0.000790
5756.000000 0.000810
5758.000000 0.000830
5760.000000 0.000860
5762.000000 0.000880
5764.000000 0.000900
5766.000000 0.000930
5768.000000 0.000960
5770.000000 0.000990
5772.000000 0.001010
5774.000000 0.001040
5776.000000 0.001080
5778.000000 0.001120
5780.000000 0.001150
5782.000000 0.001180
5784.000000 0.001230
5786.000000 0.001260
5788.000000 0.001310
5790.000000 0.001340
5792.000000 0.001390
5794.000000 0.001440
5796.000000 0.001490
5798.000000 0.001540
5800.000000 0.001610
5802.000000 0.001650
5804.000000 0.001720
5806.000000 0.001770
5808.000000 0.001840
5810.000000 0.001900
5812.000000 0.001980
5814.000000 0.002040
5816.000000 0.002120
5818.000000 0.002210
5820.000000 0.002290
5822.000000 0.002380
5824.000000 0.002470
5826.000000 0.002560
5828.000000 0.002670
5830.000000 0.002780
5832.000000 0.002890
5834.000000 0.003000
5836.000000 0.003140
5838.000000 0.003250
5840.000000 0.003390
5842.000000 0.003540
5844.000000 0.003680
5846.000000 0.003840
5848.000000 0.004010
5850.000000 0.004160
5852.000000 0.004340
5854.000000 0.004530
5856.000000 0.004720
5858.000000 0.004940
5860.000000 0.005150
5862.000000 0.005380
5864.000000 0.005630
5866.000000 0.005890
5868.000000 0.006160
5870.000000 0.006450
5872.000000 0.006730
5874.000000 0.007030
5876.000000 0.007360
5878.000000 0.007730
5880.000000 0.008060
5882.000000 0.008470
5884.000000 0.008900
5886.000000 0.009320
5888.000000 0.009800
5890.000000 0.010270
5892.000000 0.010760
5894.000000 0.011300
5896.000000 0.011890
5898.000000 0.012470
5900.000000 0.013100
5902.000000 0.013790
5904.000000 0.014520
5906.000000 0.015260
5908.000000 0.016040
5910.000000 0.016930
5912.000000 0.017790
5914.000000 0.018750
5916.000000 0.019760
5918.000000 0.020780
5920.000000 0.021920
5922.000000 0.023140
5924.000000 0.024360
5926.000000 0.025700
5928.000000 0.027090
5930.000000 0.028590
5932.000000 0.030100
5934.000000 0.031840
5936.000000 0.033620
5938.000000 0.035480
5940.000000 0.037430
5942.000000 0.039500
5944.000000 0.041720
5946.000000 0.043940
5948.000000 0.046460
5950.000000 0.048940
5952.000000 0.051630
5954.000000 0.054390
5956.000000 0.057340
5958.000000 0.060390
5960.000000 0.063760
5962.000000 0.067250
5964.000000 0.070780
5966.000000 0.074620
5968.000000 0.078430
5970.000000 0.082460
5972.000000 0.086630
5974.000000 0.091140
5976.000000 0.095720
5978.000000 0.100460
5980.000000 0.105370
5982.000000 0.110560
5984.000000 0.115810
5986.000000 0.121340
5988.000000 0.127090
5990.000000 0.132870
5992.000000 0.138900
5994.000000 0.145220
5996.000000 0.151590
5998.000000 0.158290
6000.000000 0.165360
6002.000000 0.172320
6004.000000 0.179410
6006.000000 0.186590
6008.000000 0.193990
6010.000000 0.201490
6012.000000 0.209540
6014.000000 0.217500
6016.000000 0.225590
6018.000000 0.233730
6020.000000 0.241870
6022.000000 0.250250
6024.000000 0.258790
6026.000000 0.267420
6028.000000 0.275870
6030.000000 0.284630
6032.000000 0.293100
6034.000000 0.301500
6036.000000 0.310200
6038.000000 0.319240
6040.000000 0.328270
6042.000000 0.337150
6044.000000 0.346080
6046.000000 0.354960
6048.000000 0.363880
6050.000000 0.372750
6052.000000 0.381970
6054.000000 0.390870
6056.000000 0.399640
6058.000000 0.408210
6060.000000 0.417040
6062.000000 0.425740
6064.000000 0.434750
6066.000000 0.443530
6068.000000 0.452130
6070.000000 0.460680
6072.000000 0.469070
6074.000000 0.477570
6076.000000 0.486020
6078.000000 0.494450
6080.000000 0.502520
6082.000000 0.510510
6084.000000 0.518510
6086.000000 0.526280
6088.000000 0.534180
6090.000000 0.541790
6092.000000 0.549700
6094.000000 0.557530
6096.000000 0.565110
6098.000000 0.572640
6100.000000 0.580620
6102.000000 0.587520
6104.000000 0.595700
6106.000000 0.602930
6108.000000 0.610200
6110.000000 0.617610
6112.000000 0.624970
6114.000000 0.631770
6116.000000 0.638840
6118.000000 0.646230
6120.000000 0.652780
6122.000000 0.659880
6124.000000 0.666660
6126.000000 0.673240
6128.000000 0.679760
6130.000000 0.686250
6132.000000 0.692440
6134.000000 0.699020
6136.000000 0.704780
6138.000000 0.710700
6140.000000 0.716600
6142.000000 0.722260
6144.000000 0.728090
6146.000000 0.733640
6148.000000 0.739230
6150.000000 0.744640
6152.000000 0.750130
6154.000000 0.755190
6156.000000 0.760310
6158.000000 0.765220
6160.000000 0.769980
6162.000000 0.774660
6164.000000 0.779350
6166.000000 0.783940
6168.000000 0.788000
6170.000000 0.792080
6172.000000 0.796130
6174.000000 0.799460
6176.000000 0.803170
6178.000000 0.806880
6180.000000 0.810200
6182.000000 0.813240
6184.000000 0.816090
6186.000000 0.818830
6188.000000 0.822020
6190.000000 0.824060
6192.000000 0.826040
6194.000000 0.828570
6196.000000 0.830810
6198.000000 0.832710
6200.000000 0.834770
6202.000000 0.836350
6204.000000 0.837720
6206.000000 0.839550
6208.000000 0.841360
6210.000000 0.842120
6212.000000 0.843940
6214.000000 0.844840
6216.000000 0.846340
6218.000000 0.847600
6220.000000 0.848550
6222.000000 0.849320
6224.000000 0.849770
6226.000000 0.850970
6228.000000 0.851090
6230.000000 0.852070
6232.000000 0.852220
6234.000000 0.852590
6236.000000 0.853450
6238.000000 0.853590
6240.000000 0.854170
6242.000000 0.853990
6244.000000 0.854910
6246.000000 0.854940
6248.000000 0.855390
6250.000000 0.855800
6252.000000 0.856070
6254.000000 0.856700
6256.000000 0.856900
6258.000000 0.857310
6260.000000 0.857940
6262.000000 0.858780
6264.000000 0.859140
6266.000000 0.860420
6268.000000 0.860720
6270.000000 0.861640
6272.000000 0.862040
6274.000000 0.863040
6276.000000 0.863840
6278.000000 0.864550
6280.000000 0.865710
6282.000000 0.866680
6284.000000 0.867370
6286.000000 0.868490
6288.000000 0.869360
6290.000000 0.870340
6292.000000 0.871480
6294.000000 0.872900
6296.000000 0.873930
6298.000000 0.874790
6300.000000 0.877070
6302.000000 0.878330
6304.000000 0.879650
6306.000000 0.881640
6308.000000 0.882710
6310.000000 0.884230
6312.000000 0.885930
6314.000000 0.887890
6316.000000 0.889250
6318.000000 0.891260
6320.000000 0.893180
6322.000000 0.895050
6324.000000 0.896480
6326.000000 0.898290
6328.000000 0.900490
6330.000000 0.902460
6332.000000 0.903900
6334.000000 0.905680
6336.000000 0.907960
6338.000000 0.909260
6340.000000 0.910960
6342.000000 0.912590
6344.000000 0.913440
6346.000000 0.915770
6348.000000 0.917160
6350.000000 0.919240
6352.000000 0.920240
6354.000000 0.921720
6356.000000 0.923560
6358.000000 0.924820
6360.000000 0.926010
6362.000000 0.927280
6364.000000 0.928600
6366.000000 0.929500
6368.000000 0.930210
6370.000000 0.931430
6372.000000 0.932680
6374.000000 0.933070
6376.000000 0.934170
6378.000000 0.934900
6380.000000 0.935050
6382.000000 0.935630
6384.000000 0.935790
6386.000000 0.936210
6388.000000 0.936060
6390.000000 0.936170
6392.000000 0.936410
6394.000000 0.936640
6396.000000 0.936130
6398.000000 0.935710
6400.000000 0.935050
6402.000000 0.934500
6404.000000 0.933830
6406.000000 0.933200
6408.000000 0.932820
6410.000000 0.931420
6412.000000 0.930390
6414.000000 0.929490
6416.000000 0.928150
6418.000000 0.927090
6420.000000 0.925460
6422.000000 0.924160
6424.000000 0.922640
6426.000000 0.921740
6428.000000 0.920270
6430.000000 0.918330
6432.000000 0.917030
6434.000000 0.915240
6436.000000 0.913480
6438.000000 0.911780
6440.000000 0.910400
6442.000000 0.908760
6444.000000 0.906350
6446.000000 0.904820
6448.000000 0.903100
6450.000000 0.901140
6452.000000 0.899290
6454.000000 0.896810
6456.000000 0.894500
6458.000000 0.893100
6460.000000 0.890580
6462.000000 0.889050
6464.000000 0.886620
6466.000000 0.884150
6468.000000 0.882560
6470.000000 0.880590
6472.000000 0.878430
6474.000000 0.876060
6476.000000 0.874460
6478.000000 0.872810
6480.000000 0.871040
6482.000000 0.869530
6484.000000 0.867290
6486.000000 0.865430
6488.000000 0.864040
6490.000000 0.862300
6492.000000 0.861060
6494.000000 0.859320
6496.000000 0.858100
6498.000000 0.856830
6500.000000 0.854850
6502.000000 0.854090
6504.000000 0.852570
6506.000000 0.851240
6508.000000 0.850330
6510.000000 0.848800
6512.000000 0.847800
6514.000000 0.846580
6516.000000 0.845930
6518.000000 0.844910
6520.000000 0.844000
6522.000000 0.843400
6524.000000 0.842450
6526.000000 0.841910
6528.000000 0.841520
6530.000000 0.841080
6532.000000 0.840430
6534.000000 0.840370
6536.000000 0.840150
6538.000000 0.840260
6540.000000 0.839950
6542.000000 0.840050
6544.000000 0.840050
6546.000000 0.840670
6548.000000 0.841180
6550.000000 0.841650
6552.000000 0.841840
6554.000000 0.842360
6556.000000 0.843060
6558.000000 0.843720
6560.000000 0.844410
6562.000000 0.845180
6564.000000 0.846320
6566.000000 0.847270
6568.000000 0.847530
6570.000000 0.848780
6572.000000 0.849860
6574.000000 0.851190
6576.000000 0.852170
6578.000000 0.853880
6580.000000 0.854860
6582.000000 0.856360
6584.000000 0.857860
6586.000000 0.859480
6588.000000 0.861120
6590.000000 0.862520
6592.000000 0.864230
6594.000000 0.865810
6596.000000 0.867960
6598.000000 0.869360
6600.000000 0.870980
6602.000000 0.873170
6604.000000 0.874820
6606.000000 0.876910
6608.000000 0.879080
6610.000000 0.880350
6612.000000 0.882200
6614.000000 0.883940
6616.000000 0.885810
6618.000000 0.887520
6620.000000 0.889100
6622.000000 0.890730
6624.000000 0.892840
6626.000000 0.894230
6628.000000 0.895670
6630.000000 0.897700
6632.000000 0.898920
6634.000000 0.900040
6636.000000 0.901520
6638.000000 0.902790
6640.000000 0.903870
6642.000000 0.905180
6644.000000 0.906420
6646.000000 0.906980
6648.000000 0.907780
6650.000000 0.908880
6652.000000 0.909700
6654.000000 0.910230
6656.000000 0.911030
6658.000000 0.911510
6660.000000 0.912040
6662.000000 0.911560
6664.000000 0.911790
6666.000000 0.912660
6668.000000 0.912600
6670.000000 0.911990
6672.000000 0.911970
6674.000000 0.911600
6676.000000 0.910770
6678.000000 0.910700
6680.000000 0.910270
6682.000000 0.909180
6684.000000 0.908540
6686.000000 0.907770
6688.000000 0.906330
6690.000000 0.905280
6692.000000 0.904030
6694.000000 0.902490
6696.000000 0.901210
6698.000000 0.899850
6700.000000 0.897870
6702.000000 0.896490
6704.000000 0.894380
6706.000000 0.893050
6708.000000 0.891380
6710.000000 0.889080
6712.000000 0.887710
6714.000000 0.885720
6716.000000 0.884160
6718.000000 0.882490
6720.000000 0.880690
6722.000000 0.879130
6724.000000 0.877360
6726.000000 0.875420
6728.000000 0.873530
6730.000000 0.872450
6732.000000 0.870660
6734.000000 0.869160
6736.000000 0.867870
6738.000000 0.866000
6740.000000 0.864750
6742.000000 0.863490
6744.000000 0.862250
6746.000000 0.861010
6748.000000 0.859630
6750.000000 0.858620
6752.000000 0.856910
6754.000000 0.856210
6756.000000 0.855970
6758.000000 0.855040
6760.000000 0.854070
6762.000000 0.853520
6764.000000 0.853360
6766.000000 0.852850
6768.000000 0.852940
6770.000000 0.853110
6772.000000 0.853820
6774.000000 0.853960
6776.000000 0.854710
6778.000000 0.855510
6780.000000 0.856390
6782.000000 0.857070
6784.000000 0.858510
6786.000000 0.860330
6788.000000 0.862370
6790.000000 0.863990
6792.000000 0.866140
6794.000000 0.868370
6796.000000 0.870440
6798.000000 0.872650
6800.000000 0.875210
6802.000000 0.877710
6804.000000 0.880570
6806.000000 0.883430
6808.000000 0.886580
6810.000000 0.889680
6812.000000 0.893100
6814.000000 0.895920
6816.000000 0.899590
6818.000000 0.902850
6820.000000 0.906440
6822.000000 0.909800
6824.000000 0.913390
6826.000000 0.916600
6828.000000 0.920160
6830.000000 0.923970
6832.000000 0.927050
6834.000000 0.930300
6836.000000 0.933290
6838.000000 0.936280
6840.000000 0.939320
6842.000000 0.941790
6844.000000 0.943800
6846.000000 0.945290
6848.000000 0.946990
6850.000000 0.948640
6852.000000 0.950080
6854.000000 0.949960
6856.000000 0.950580
6858.000000 0.950440
6860.000000 0.950090
6862.000000 0.949310
6864.000000 0.947470
6866.000000 0.946610
6868.000000 0.944650
6870.000000 0.941980
6872.000000 0.939750
6874.000000 0.936810
6876.000000 0.933880
6878.000000 0.930550
6880.000000 0.926940
6882.000000 0.923630
6884.000000 0.920020
6886.000000 0.915930
6888.000000 0.912570
6890.000000 0.909460
6892.000000 0.906350
6894.000000 0.903540
6896.000000 0.900100
6898.000000 0.898500
6900.000000 0.896320
6902.000000 0.895170
6904.000000 0.895070
6906.000000 0.894780
6908.000000 0.895440
6910.000000 0.896680
6912.000000 0.898300
6914.000000 0.900310
6916.000000 0.903510
6918.000000 0.906390
6920.000000 0.909940
6922.000000 0.912850
6924.000000 0.915660
6926.000000 0.917640
6928.000000 0.918260
6930.000000 0.916510
6932.000000 0.913550
6934.000000 0.906100
6936.000000 0.894880
6938.000000 0.879850
6940.000000 0.859510
6942.000000 0.833810
6944.000000 0.802050
6946.000000 0.764510
6948.000000 0.721150
6950.000000 0.674150
6952.000000 0.624690
6954.000000 0.571470
6956.000000 0.520270
6958.000000 0.468630
6960.000000 0.417850
6962.000000 0.368820
6964.000000 0.325860
6966.000000 0.286040
6968.000000 0.250060
6970.000000 0.217610
6972.000000 0.188740
6974.000000 0.163380
6976.000000 0.141700
6978.000000 0.123140
6980.000000 0.106670
6982.000000 0.092780
6984.000000 0.080600
6986.000000 0.070120
6988.000000 0.061000
6990.000000 0.053460
6992.000000 0.046720
6994.000000 0.041090
6996.000000 0.036140
6998.000000 0.031680
7000.000000 0.027800
7002.000000 0.024530
7004.000000 0.021750
7006.000000 0.019180
7008.000000 0.017040
7010.000000 0.015060
7012.000000 0.013380
7014.000000 0.011870
7016.000000 0.010580
7018.000000 0.009450
7020.000000 0.008450
7022.000000 0.007590
7024.000000 0.006810
7026.000000 0.006080
7028.000000 0.005470
7030.000000 0.004920
7032.000000 0.004450
7034.000000 0.004020
7036.000000 0.003620
7038.000000 0.003260
7040.000000 0.002950
7042.000000 0.002700
7044.000000 0.002440
7046.000000 0.002220
7048.000000 0.002020
7050.000000 0.001830
7052.000000 0.001670
7054.000000 0.001520
7056.000000 0.001400
7058.000000 0.001280
7060.000000 0.001160
7062.000000 0.001070
7064.000000 0.000990
7066.000000 0.000900
7068.000000 0.000820
7070.000000 0.000770
7072.000000 0.000700
7074.000000 0.000640
7076.000000 0.000600
7078.000000 0.000540
7080.000000 0.000500
7082.000000 0.000460
7084.000000 0.000430
7086.000000 0.000390
7088.000000 0.000370
7090.000000 0.000330
7092.000000 0.000310
7094.000000 0.000290
7096.000000 0.000270
7098.000000 0.000250
7100.000000 0.000230
7102.000000 0.000220
7104.000000 0.000200
7106.000000 0.000180
7108.000000 0.000170
7110.000000 0.000160
7112.000000 0.000150
7114.000000 0.000140
7116.000000 0.000130
7118.000000 0.000120
7120.000000 0.000120
7122.000000 0.000110
7124.000000 0.000100
7126.000000 0.000090
7128.000000 0.000090
7130.000000 0.000080
7132.000000 0.000070
7134.000000 0.000070
7136.000000 0.000070
7138.000000 0.000060
7140.000000 0.000060
7142.000000 0.000050
7144.000000 0.000050
7146.000000 0.000050
7148.000000 0.000050
7150.000000 0.000040
7152.000000 0.000040
