4792.000000 0.000040
4794.000000 0.000050
4796.000000 0.000060
4798.000000 0.000080
4800.000000 0.000100
4802.000000 0.000130
4804.000000 0.000170
4806.000000 0.000210
4808.000000 0.000260
4810.000000 0.000330
4812.000000 0.000410
4814.000000 0.000510
4816.000000 0.000630
4818.000000 0.000780
4820.000000 0.000950
4822.000000 0.001160
4824.000000 0.001420
4826.000000 0.001710
4828.000000 0.002070
4830.000000 0.002490
4832.000000 0.002960
4834.000000 0.003490
4836.000000 0.004140
4838.000000 0.004870
4840.000000 0.005690
4842.000000 0.006680
4844.000000 0.007770
4846.000000 0.008960
4848.000000 0.010360
4850.000000 0.011860
4852.000000 0.013570
4854.000000 0.015470
4856.000000 0.017660
4858.000000 0.019880
4860.000000 0.022410
4862.000000 0.025110
4864.000000 0.028060
4866.000000 0.031230
4868.000000 0.034760
4870.000000 0.038540
4872.000000 0.042400
4874.000000 0.046690
4876.000000 0.051110
4878.000000 0.055830
4880.000000 0.060980
4882.000000 0.066430
4884.000000 0.071830
4886.000000 0.077680
4888.000000 0.083650
4890.000000 0.089810
4892.000000 0.096410
4894.000000 0.103320
4896.000000 0.110190
4898.000000 0.117380
4900.000000 0.124800
4902.000000 0.132200
4904.000000 0.139830
4906.000000 0.147950
4908.000000 0.156150
4910.000000 0.164230
4912.000000 0.172350
4914.000000 0.180650
4916.000000 0.189100
4918.000000 0.197620
4920.000000 0.206430
4922.000000 0.214990
4924.000000 0.223710
4926.000000 0.232640
4928.000000 0.241230
4930.000000 0.250060
4932.000000 0.258800
4934.000000 0.267900
4936.000000 0.276410
4938.000000 0.285180
4940.000000 0.293720
4942.000000 0.302060
4944.000000 0.310640
4946.000000 0.318990
4948.000000 0.327620
4950.000000 0.335690
4952.000000 0.343870
4954.000000 0.351590
4956.000000 0.359740
4958.000000 0.367520
4960.000000 0.375240
4962.000000 0.382550
4964.000000 0.390050
4966.000000 0.397140
4968.000000 0.404410
4970.000000 0.411010
4972.000000 0.418090
4974.000000 0.424950
4976.000000 0.431450
4978.000000 0.437880
4980.000000 0.443940
4982.000000 0.450060
4984.000000 0.455860
4986.000000 0.462030
4988.000000 0.467590
4990.000000 0.473220
4992.000000 0.478380
4994.000000 0.483790
4996.000000 0.488920
4998.000000 0.493980
5000.000000 0.498870
5002.000000 0.503730
5004.000000 0.508740
5006.000000 0.512680
5008.000000 0.517360
5010.000000 0.521630
5012.000000 0.526150
5014.000000 0.530120
5016.000000 0.534220
5018.000000 0.538130
5020.000000 0.541640
5022.000000 0.545230
5024.000000 0.548940
5026.000000 0.552590
5028.000000 0.555670
5030.000000 0.559040
5032.000000 0.562360
5034.000000 0.565380
5036.000000 0.568470
5038.000000 0.571760
5040.000000 0.574840
5042.000000 0.577040
5044.000000 0.579970
5046.000000 0.582550
5048.000000 0.584800
5050.000000 0.587480
5052.000000 0.589880
5054.000000 0.592040
5056.000000 0.594300
5058.000000 0.596720
5060.000000 0.598810
5062.000000 0.600550
5064.000000 0.602790
5066.000000 0.605080
5068.000000 0.606710
5070.000000 0.608370
5072.000000 0.610350
5074.000000 0.611830
5076.000000 0.613800
5078.000000 0.615240
5080.000000 0.616770
5082.000000 0.618230
5084.000000 0.619650
5086.000000 0.621050
5088.000000 0.622380
5090.000000 0.623800
5092.000000 0.625320
5094.000000 0.626610
5096.000000 0.627520
5098.000000 0.628670
5100.000000 0.629900
5102.000000 0.630850
5104.000000 0.631920
5106.000000 0.633160
5108.000000 0.633870
5110.000000 0.634970
5112.000000 0.636030
5114.000000 0.636690
5116.000000 0.637850
5118.000000 0.638260
5120.000000 0.639280
5122.000000 0.640060
5124.000000 0.640470
5126.000000 0.641510
5128.000000 0.642290
5130.000000 0.642760
5132.000000 0.643690
5134.000000 0.644130
5136.000000 0.644660
5138.000000 0.645600
5140.000000 0.646180
5142.000000 0.646710
5144.000000 0.647290
5146.000000 0.647680
5148.000000 0.648310
5150.000000 0.648530
5152.000000 0.649460
5154.000000 0.649650
5156.000000 0.649920
5158.000000 0.650630
5160.000000 0.651090
5162.000000 0.651470
5164.000000 0.652050
5166.000000 0.652410
5168.000000 0.652790
5170.000000 0.653130
5172.000000 0.653370
5174.000000 0.654050
5176.000000 0.653810
5178.000000 0.654130
5180.000000 0.654960
5182.000000 0.655150
5184.000000 0.655120
5186.000000 0.655510
5188.000000 0.655990
5190.000000 0.656200
5192.000000 0.656580
5194.000000 0.656270
5196.000000 0.656600
5198.000000 0.656920
5200.000000 0.657000
5202.000000 0.657220
5204.000000 0.657420
5206.000000 0.657570
5208.000000 0.657690
5210.000000 0.657900
5212.000000 0.657790
5214.000000 0.657990
5216.000000 0.658160
5218.000000 0.657990
5220.000000 0.658270
5222.000000 0.658360
5224.000000 0.658410
5226.000000 0.658590
5228.000000 0.658560
5230.000000 0.658530
5232.000000 0.658550
5234.000000 0.658270
5236.000000 0.658460
5238.000000 0.658820
5240.000000 0.658720
5242.000000 0.658560
5244.000000 0.658520
5246.000000 0.658430
5248.000000 0.658680
5250.000000 0.658680
5252.000000 0.658420
5254.000000 0.658520
5256.000000 0.658380
5258.000000 0.658160
5260.000000 0.658260
5262.000000 0.658390
5264.000000 0.658020
5266.000000 0.658080
5268.000000 0.658100
5270.000000 0.657900
5272.000000 0.658290
5274.000000 0.657760
5276.000000 0.657740
5278.000000 0.657640
5280.000000 0.657520
5282.000000 0.657330
5284.000000 0.657270
5286.000000 0.656960
5288.000000 0.656870
5290.000000 0.656690
5292.000000 0.656780
5294.000000 0.656180
5296.000000 0.656140
5298.000000 0.656100
5300.000000 0.655900
5302.000000 0.655710
5304.000000 0.655390
5306.000000 0.655210
5308.000000 0.655220
5310.000000 0.654750
5312.000000 0.654540
5314.000000 0.654110
5316.000000 0.654150
5318.000000 0.653750
5320.000000 0.653560
5322.000000 0.653270
5324.000000 0.653120
5326.000000 0.653020
5328.000000 0.652360
5330.000000 0.652360
5332.000000 0.651850
5334.000000 0.651130
5336.000000 0.651190
5338.000000 0.650720
5340.000000 0.650320
5342.000000 0.650550
5344.000000 0.649910
5346.000000 0.649790
5348.000000 0.649510
5350.000000 0.648890
5352.000000 0.648390
5354.000000 0.648250
5356.000000 0.648030
5358.000000 0.647460
5360.000000 0.647030
5362.000000 0.646930
5364.000000 0.646400
5366.000000 0.645950
5368.000000 0.645540
5370.000000 0.645140
5372.000000 0.644860
5374.000000 0.644560
5376.000000 0.644370
5378.000000 0.643800
5380.000000 0.643040
5382.000000 0.643150
5384.000000 0.642550
5386.000000 0.641990
5388.000000 0.641880
5390.000000 0.641200
5392.000000 0.640860
5394.000000 0.640430
5396.000000 0.640160
5398.000000 0.639110
5400.000000 0.639120
5402.000000 0.638580
5404.000000 0.638300
5406.000000 0.637800
5408.000000 0.636860
5410.000000 0.636670
5412.000000 0.636160
5414.000000 0.635970
5416.000000 0.635360
5418.000000 0.634760
5420.000000 0.633960
5422.000000 0.633900
5424.000000 0.633270
5426.000000 0.633070
5428.000000 0.632260
5430.000000 0.631510
5432.000000 0.631250
5434.000000 0.630620
5436.000000 0.629930
5438.000000 0.629310
5440.000000 0.628760
5442.000000 0.628590
5444.000000 0.627670
5446.000000 0.627020
5448.000000 0.626670
5450.000000 0.625440
5452.000000 0.625220
5454.000000 0.624810
5456.000000 0.623780
5458.000000 0.623260
5460.000000 0.622440
5462.000000 0.621740
5464.000000 0.621380
5466.000000 0.620790
5468.000000 0.619560
5470.000000 0.619030
5472.000000 0.618410
5474.000000 0.617390
5476.000000 0.616730
5478.000000 0.615930
5480.000000 0.615200
5482.000000 0.614760
5484.000000 0.613570
5486.000000 0.613100
5488.000000 0.612180
5490.000000 0.611100
5492.000000 0.610390
5494.000000 0.609370
5496.000000 0.608540
5498.000000 0.607450
5500.000000 0.606870
5502.000000 0.606120
5504.000000 0.605030
5506.000000 0.603690
5508.000000 0.603030
5510.000000 0.601970
5512.000000 0.601350
5514.000000 0.600360
5516.000000 0.599330
5518.000000 0.598380
5520.000000 0.597420
5522.000000 0.596590
5524.000000 0.595400
5526.000000 0.594420
5528.000000 0.593230
5530.000000 0.591940
5532.000000 0.591080
5534.000000 0.590180
5536.000000 0.589050
5538.000000 0.587810
5540.000000 0.586710
5542.000000 0.585690
5544.000000 0.584620
5546.000000 0.583590
5548.000000 0.582360
5550.000000 0.581310
5552.000000 0.580120
5554.000000 0.579050
5556.000000 0.577720
5558.000000 0.576830
5560.000000 0.575470
5562.000000 0.574610
5564.000000 0.573150
5566.000000 0.571950
5568.000000 0.570810
5570.000000 0.569440
5572.000000 0.568610
5574.000000 0.567050
5576.000000 0.565710
5578.000000 0.564420
5580.000000 0.563160
5582.000000 0.561970
5584.000000 0.560720
5586.000000 0.559590
5588.000000 0.558010
5590.000000 0.556770
5592.000000 0.555410
5594.000000 0.553920
5596.000000 0.552930
5598.000000 0.551300
5600.000000 0.550110
5602.000000 0.548570
5604.000000 0.547360
5606.000000 0.545770
5608.000000 0.544600
5610.000000 0.543100
5612.000000 0.541630
5614.000000 0.540430
5616.000000 0.538720
5618.000000 0.537290
5620.000000 0.535990
5622.000000 0.534440
5624.000000 0.533030
5626.000000 0.531550
5628.000000 0.530150
5630.000000 0.528650
5632.000000 0.527120
5634.000000 0.525830
5636.000000 0.524300
5638.000000 0.522890
5640.000000 0.521010
5642.000000 0.519680
5644.000000 0.518030
5646.000000 0.516430
5648.000000 0.515070
5650.000000 0.513600
5652.000000 0.512120
5654.000000 0.510550
5656.000000 0.509080
5658.000000 0.507470
5660.000000 0.505790
5662.000000 0.504190
5664.000000 0.502570
5666.000000 0.501020
5668.000000 0.499560
5670.000000 0.498030
5672.000000 0.496520
5674.000000 0.494520
5676.000000 0.492970
5678.000000 0.491640
5680.000000 0.489780
5682.000000 0.488410
5684.000000 0.486300
5686.000000 0.484760
5688.000000 0.483300
5690.000000 0.481670
5692.000000 0.480050
5694.000000 0.478240
5696.000000 0.476400
5698.000000 0.474850
5700.000000 0.473290
5702.000000 0.471570
5704.000000 0.469980
5706.000000 0.467970
5708.000000 0.466630
5710.000000 0.464520
5712.000000 0.463180
5714.000000 0.461350
5716.000000 0.459520
5718.000000 0.457620
5720.000000 0.456220
5722.000000 0.454210
5724.000000 0.452810
5726.000000 0.450700
5728.000000 0.449220
5730.000000 0.447190
5732.000000 0.445470
5734.000000 0.443750
5736.000000 0.441780
5738.000000 0.440290
5740.000000 0.438430
5742.000000 0.436570
5744.000000 0.434960
5746.000000 0.432840
5748.000000 0.431410
5750.000000 0.429610
5752.000000 0.427750
5754.000000 0.426010
5756.000000 0.424070
5758.000000 0.422180
5760.000000 0.420500
5762.000000 0.418800
5764.000000 0.417040
5766.000000 0.415170
5768.000000 0.413350
5770.000000 0.411240
5772.000000 0.409710
5774.000000 0.407710
5776.000000 0.406180
5778.000000 0.404260
5780.000000 0.402540
5782.000000 0.400860
5784.000000 0.398800
5786.000000 0.397010
5788.000000 0.395480
5790.000000 0.393530
5792.000000 0.391750
5794.000000 0.389850
5796.000000 0.387810
5798.000000 0.386260
5800.000000 0.384300
5802.000000 0.382350
5804.000000 0.380740
5806.000000 0.378650
5808.000000 0.376910
5810.000000 0.375040
5812.000000 0.373150
5814.000000 0.371330
5816.000000 0.369450
5818.000000 0.367560
5820.000000 0.365660
5822.000000 0.363780
5824.000000 0.361950
5826.000000 0.359910
5828.000000 0.358110
5830.000000 0.356330
5832.000000 0.354770
5834.000000 0.352530
5836.000000 0.350660
5838.000000 0.348830
5840.000000 0.346960
5842.000000 0.345040
5844.000000 0.343310
5846.000000 0.341540
5848.000000 0.339640
5850.000000 0.337680
5852.000000 0.335810
5854.000000 0.334060
5856.000000 0.332200
5858.000000 0.330310
5860.000000 0.328480
5862.000000 0.326650
5864.000000 0.324810
5866.000000 0.323000
5868.000000 0.321240
5870.000000 0.319290
5872.000000 0.317420
5874.000000 0.315570
5876.000000 0.313860
5878.000000 0.312060
5880.000000 0.310140
5882.000000 0.308330
5884.000000 0.306490
5886.000000 0.304690
5888.000000 0.302710
5890.000000 0.300980
5892.000000 0.299320
5894.000000 0.297510
5896.000000 0.295600
5898.000000 0.293830
5900.000000 0.292000
5902.000000 0.289950
5904.000000 0.288270
5906.000000 0.286580
5908.000000 0.284810
5910.000000 0.283020
5912.000000 0.281130
5914.000000 0.279200
5916.000000 0.277550
5918.000000 0.275910
5920.000000 0.273980
5922.000000 0.272190
5924.000000 0.270680
5926.000000 0.268770
5928.000000 0.266900
5930.000000 0.265210
5932.000000 0.263450
5934.000000 0.261790
5936.000000 0.260000
5938.000000 0.258220
5940.000000 0.256410
5942.000000 0.254600
5944.000000 0.253040
5946.000000 0.251220
5948.000000 0.249530
5950.000000 0.247820
5952.000000 0.245920
5954.000000 0.244320
5956.000000 0.242550
5958.000000 0.240970
5960.000000 0.239290
5962.000000 0.237520
5964.000000 0.235860
5966.000000 0.234190
5968.000000 0.232500
5970.000000 0.230930
5972.000000 0.229270
5974.000000 0.227580
5976.000000 0.225970
5978.000000 0.224320
5980.000000 0.222660
5982.000000 0.221100
5984.000000 0.219450
5986.000000 0.217990
5988.000000 0.216270
5990.000000 0.214610
5992.000000 0.213060
5994.000000 0.211410
5996.000000 0.209860
5998.000000 0.208200
6000.000000 0.206700
6002.000000 0.205160
6004.000000 0.203500
6006.000000 0.202010
6008.000000 0.200450
6010.000000 0.198990
6012.000000 0.197440
6014.000000 0.195950
6016.000000 0.194400
6018.000000 0.192680
6020.000000 0.191230
6022.000000 0.189670
6024.000000 0.188180
6026.000000 0.186640
6028.000000 0.185220
6030.000000 0.183660
6032.000000 0.182210
6034.000000 0.180630
6036.000000 0.179250
6038.000000 0.177710
6040.000000 0.176340
6042.000000 0.174780
6044.000000 0.173370
6046.000000 0.171940
6048.000000 0.170340
6050.000000 0.169020
6052.000000 0.167550
6054.000000 0.166110
6056.000000 0.164710
6058.000000 0.163290
6060.000000 0.161950
6062.000000 0.160590
6064.000000 0.159180
6066.000000 0.157820
6068.000000 0.156470
6070.000000 0.155070
6072.000000 0.153750
6074.000000 0.152410
6076.000000 0.151050
6078.000000 0.149720
6080.000000 0.148390
6082.000000 0.147070
6084.000000 0.145760
6086.000000 0.144440
6088.000000 0.143200
6090.000000 0.141980
6092.000000 0.140740
6094.000000 0.139440
6096.000000 0.138190
6098.000000 0.136940
6100.000000 0.135670
6102.000000 0.134450
6104.000000 0.133220
6106.000000 0.131950
6108.000000 0.130740
6110.000000 0.129590
6112.000000 0.128280
6114.000000 0.127170
6116.000000 0.125890
6118.000000 0.124750
6120.000000 0.123600
6122.000000 0.122360
6124.000000 0.121210
6126.000000 0.120040
6128.000000 0.118880
6130.000000 0.117770
6132.000000 0.116650
6134.000000 0.115490
6136.000000 0.114400
6138.000000 0.113270
6140.000000 0.112210
6142.000000 0.111060
6144.000000 0.110010
6146.000000 0.108900
6148.000000 0.107770
6150.000000 0.106740
6152.000000 0.105610
6154.000000 0.104560
6156.000000 0.103500
6158.000000 0.102480
6160.000000 0.101390
6162.000000 0.100370
6164.000000 0.099340
6166.000000 0.098420
6168.000000 0.097360
6170.000000 0.096380
6172.000000 0.095370
6174.000000 0.094380
6176.000000 0.093350
6178.000000 0.092440
6180.000000 0.091390
6182.000000 0.090470
6184.000000 0.089570
6186.000000 0.088660
6188.000000 0.087680
6190.000000 0.086770
6192.000000 0.085900
6194.000000 0.084980
6196.000000 0.084140
6198.000000 0.083190
6200.000000 0.082280
6202.000000 0.081350
6204.000000 0.080530
6206.000000 0.079720
6208.000000 0.078770
6210.000000 0.078010
6212.000000 0.077140
6214.000000 0.076240
6216.000000 0.075490
6218.000000 0.074690
6220.000000 0.073860
6222.000000 0.073010
6224.000000 0.072200
6226.000000 0.071470
6228.000000 0.070620
6230.000000 0.069830
6232.000000 0.069080
6234.000000 0.068310
6236.000000 0.067540
6238.000000 0.066770
6240.000000 0.065990
6242.000000 0.065260
6244.000000 0.064500
6246.000000 0.063760
6248.000000 0.063120
6250.000000 0.062350
6252.000000 0.061570
6254.000000 0.060880
6256.000000 0.060200
6258.000000 0.059470
6260.000000 0.058770
6262.000000 0.058030
6264.000000 0.057390
6266.000000 0.056690
6268.000000 0.056040
6270.000000 0.055400
6272.000000 0.054700
6274.000000 0.054110
6276.000000 0.053440
6278.000000 0.052840
6280.000000 0.052190
6282.000000 0.051600
6284.000000 0.050930
6286.000000 0.050340
6288.000000 0.049710
6290.000000 0.049090
6292.000000 0.048500
6294.000000 0.047940
6296.000000 0.047360
6298.000000 0.046800
6300.000000 0.046200
6302.000000 0.045660
6304.000000 0.045060
6306.000000 0.044540
6308.000000 0.043970
6310.000000 0.043450
6312.000000 0.042910
6314.000000 0.042350
6316.000000 0.041840
6318.000000 0.041340
6320.000000 0.040780
6322.000000 0.040310
6324.000000 0.039750
6326.000000 0.039310
6328.000000 0.038830
6330.000000 0.038310
6332.000000 0.037780
6334.000000 0.037350
6336.000000 0.036830
6338.000000 0.036400
6340.000000 0.035910
6342.000000 0.035430
6344.000000 0.035010
6346.000000 0.034540
6348.000000 0.034080
6350.000000 0.033620
6352.000000 0.033220
6354.000000 0.032800
6356.000000 0.032350
6358.000000 0.031910
6360.000000 0.031520
6362.000000 0.031080
6364.000000 0.030650
6366.000000 0.030290
6368.000000 0.029840
6370.000000 0.029450
6372.000000 0.029040
6374.000000 0.028670
6376.000000 0.028290
6378.000000 0.027910
6380.000000 0.027500
6382.000000 0.027130
6384.000000 0.026760
6386.000000 0.026430
6388.000000 0.026060
6390.000000 0.025730
6392.000000 0.025370
6394.000000 0.025000
6396.000000 0.024660
6398.000000 0.024310
6400.000000 0.024010
6402.000000 0.023660
6404.000000 0.023350
6406.000000 0.023000
6408.000000 0.022710
6410.000000 0.022380
6412.000000 0.022050
6414.000000 0.021790
6416.000000 0.021500
6418.000000 0.021160
6420.000000 0.020890
6422.000000 0.020580
6424.000000 0.020310
6426.000000 0.020000
6428.000000 0.019730
6430.000000 0.019460
6432.000000 0.019180
6434.000000 0.018900
6436.000000 0.018630
6438.000000 0.018350
6440.000000 0.018120
6442.000000 0.017840
6444.000000 0.017570
6446.000000 0.017360
6448.000000 0.017080
6450.000000 0.016840
6452.000000 0.016610
6454.000000 0.016380
6456.000000 0.016110
6458.000000 0.015890
6460.000000 0.015650
6462.000000 0.015430
6464.000000 0.015190
6466.000000 0.014980
6468.000000 0.014740
6470.000000 0.014520
6472.000000 0.014280
6474.000000 0.014090
6476.000000 0.013890
6478.000000 0.013660
6480.000000 0.013470
6482.000000 0.013260
6484.000000 0.013070
6486.000000 0.012880
6488.000000 0.012660
6490.000000 0.012480
6492.000000 0.012280
6494.000000 0.012100
6496.000000 0.011920
6498.000000 0.011710
6500.000000 0.011560
6502.000000 0.011380
6504.000000 0.011220
6506.000000 0.011050
6508.000000 0.010860
6510.000000 0.010670
6512.000000 0.010540
6514.000000 0.010390
6516.000000 0.010190
6518.000000 0.010050
6520.000000 0.009890
6522.000000 0.009750
6524.000000 0.009570
6526.000000 0.009440
6528.000000 0.009300
6530.000000 0.009160
6532.000000 0.009000
6534.000000 0.008860
6536.000000 0.008730
6538.000000 0.008580
6540.000000 0.008430
6542.000000 0.008300
6544.000000 0.008210
6546.000000 0.008060
6548.000000 0.007930
6550.000000 0.007800
6552.000000 0.007680
6554.000000 0.007560
6556.000000 0.007430
6558.000000 0.007310
6560.000000 0.007200
6562.000000 0.007070
6564.000000 0.006970
6566.000000 0.006850
6568.000000 0.006740
6570.000000 0.006630
6572.000000 0.006510
6574.000000 0.006410
6576.000000 0.006310
6578.000000 0.006220
6580.000000 0.006110
6582.000000 0.005990
6584.000000 0.005900
6586.000000 0.005800
6588.000000 0.005720
6590.000000 0.005610
6592.000000 0.005510
6594.000000 0.005430
6596.000000 0.005330
6598.000000 0.005250
6600.000000 0.005150
6602.000000 0.005060
6604.000000 0.004980
6606.000000 0.004900
6608.000000 0.004820
6610.000000 0.004740
6612.000000 0.004660
6614.000000 0.004580
6616.000000 0.004500
6618.000000 0.004420
6620.000000 0.004350
6622.000000 0.004280
6624.000000 0.004210
6626.000000 0.004130
6628.000000 0.004060
6630.000000 0.003990
6632.000000 0.003930
6634.000000 0.003860
6636.000000 0.003800
6638.000000 0.003740
6640.000000 0.003660
6642.000000 0.003600
6644.000000 0.003540
6646.000000 0.003480
6648.000000 0.003420
6650.000000 0.003350
6652.000000 0.003300
6654.000000 0.003240
6656.000000 0.003190
6658.000000 0.003140
6660.000000 0.003080
6662.000000 0.003020
6664.000000 0.002960
6666.000000 0.002920
6668.000000 0.002860
6670.000000 0.002810
6672.000000 0.002760
6674.000000 0.002720
6676.000000 0.002660
6678.000000 0.002620
6680.000000 0.002580
6682.000000 0.002530
6684.000000 0.002470
6686.000000 0.002440
6688.000000 0.002400
6690.000000 0.002350
6692.000000 0.002300
6694.000000 0.002260
6696.000000 0.002220
6698.000000 0.002180
6700.000000 0.002150
6702.000000 0.002090
6704.000000 0.002060
6706.000000 0.002030
6708.000000 0.001990
6710.000000 0.001950
6712.000000 0.001930
6714.000000 0.001890
6716.000000 0.001840
6718.000000 0.001810
6720.000000 0.001780
6722.000000 0.001750
6724.000000 0.001720
6726.000000 0.001690
6728.000000 0.001660
6730.000000 0.001630
6732.000000 0.001590
6734.000000 0.001570
6736.000000 0.001540
6738.000000 0.001510
6740.000000 0.001470
6742.000000 0.001450
6744.000000 0.001420
6746.000000 0.001400
6748.000000 0.001370
6750.000000 0.001360
6752.000000 0.001320
6754.000000 0.001300
6756.000000 0.001280
6758.000000 0.001250
6760.000000 0.001220
6762.000000 0.001200
6764.000000 0.001180
6766.000000 0.001150
6768.000000 0.001130
6770.000000 0.001110
6772.000000 0.001090
6774.000000 0.001070
6776.000000 0.001040
6778.000000 0.001030
6780.000000 0.001010
6782.000000 0.000990
6784.000000 0.000970
6786.000000 0.000950
6788.000000 0.000930
6790.000000 0.000910
6792.000000 0.000900
6794.000000 0.000880
6796.000000 0.000860
6798.000000 0.000840
6800.000000 0.000820
6802.000000 0.000810
6804.000000 0.000790
6806.000000 0.000780
6808.000000 0.000770
6810.000000 0.000750
6812.000000 0.000740
6814.000000 0.000720
6816.000000 0.000710
6818.000000 0.000690
6820.000000 0.000670
6822.000000 0.000670
6824.000000 0.000650
6826.000000 0.000640
6828.000000 0.000620
6830.000000 0.000610
6832.000000 0.000600
6834.000000 0.000590
6836.000000 0.000580
6838.000000 0.000570
6840.000000 0.000560
6842.000000 0.000550
6844.000000 0.000530
6846.000000 0.000520
6848.000000 0.000510
6850.000000 0.000500
6852.000000 0.000490
6854.000000 0.000480
6856.000000 0.000470
6858.000000 0.000470
6860.000000 0.000450
6862.000000 0.000440
6864.000000 0.000430
6866.000000 0.000430
6868.000000 0.000420
6870.000000 0.000410
6872.000000 0.000400
6874.000000 0.000390
6876.000000 0.000380
6878.000000 0.000370
6880.000000 0.000370
6882.000000 0.000360
6884.000000 0.000350
6886.000000 0.000350
6888.000000 0.000340
6890.000000 0.000330
6892.000000 0.000320
6894.000000 0.000320
6896.000000 0.000320
6898.000000 0.000310
6900.000000 0.000300
6902.000000 0.000290
6904.000000 0.000290
6906.000000 0.000280
6908.000000 0.000270
6910.000000 0.000270
6912.000000 0.000260
6914.000000 0.000260
6916.000000 0.000250
6918.000000 0.000250
6920.000000 0.000240
6922.000000 0.000240
6924.000000 0.000230
6926.000000 0.000230
6928.000000 0.000220
6930.000000 0.000220
6932.000000 0.000210
6934.000000 0.000210
6936.000000 0.000200
6938.000000 0.000200
6940.000000 0.000190
6942.000000 0.000190
6944.000000 0.000190
6946.000000 0.000180
6948.000000 0.000180
6950.000000 0.000170
6952.000000 0.000170
6954.000000 0.000170
6956.000000 0.000170
6958.000000 0.000160
6960.000000 0.000160
6962.000000 0.000150
6964.000000 0.000150
6966.000000 0.000150
6968.000000 0.000140
6970.000000 0.000140
6972.000000 0.000140
6974.000000 0.000140
6976.000000 0.000130
6978.000000 0.000130
6980.000000 0.000130
6982.000000 0.000130
6984.000000 0.000120
6986.000000 0.000120
6988.000000 0.000110
6990.000000 0.000110
6992.000000 0.000110
6994.000000 0.000110
6996.000000 0.000110
6998.000000 0.000110
7000.000000 0.000100
