3850.000000 0.000040
3852.000000 0.000040
3854.000000 0.000040
3856.000000 0.000050
3858.000000 0.000050
3860.000000 0.000060
3862.000000 0.000060
3864.000000 0.000070
3866.000000 0.000070
3868.000000 0.000080
3870.000000 0.000090
3872.000000 0.000100
3874.000000 0.000110
3876.000000 0.000120
3878.000000 0.000140
3880.000000 0.000160
3882.000000 0.000180
3884.000000 0.000200
3886.000000 0.000230
3888.000000 0.000260
3890.000000 0.000290
3892.000000 0.000340
3894.000000 0.000400
3896.000000 0.000460
3898.000000 0.000530
3900.000000 0.000620
3902.000000 0.000710
3904.000000 0.000840
3906.000000 0.000970
3908.000000 0.001110
3910.000000 0.001280
3912.000000 0.001450
3914.000000 0.001650
3916.000000 0.001860
3918.000000 0.002080
3920.000000 0.002290
3922.000000 0.002520
3924.000000 0.002710
3926.000000 0.002900
3928.000000 0.003090
3930.000000 0.003250
3932.000000 0.003390
3934.000000 0.003520
3936.000000 0.003650
3938.000000 0.003760
3940.000000 0.003850
3942.000000 0.003980
3944.000000 0.004070
3946.000000 0.004170
3948.000000 0.004310
3950.000000 0.004450
3952.000000 0.004590
3954.000000 0.004780
3956.000000 0.004940
3958.000000 0.005130
3960.000000 0.005430
3962.000000 0.005670
3964.000000 0.006000
3966.000000 0.006370
3968.000000 0.006810
3970.000000 0.007270
3972.000000 0.007820
3974.000000 0.008450
3976.000000 0.009140
3978.000000 0.009980
3980.000000 0.010950
3982.000000 0.012050
3984.000000 0.013280
3986.000000 0.014720
3988.000000 0.016390
3990.000000 0.018360
3992.000000 0.020500
3994.000000 0.023260
3996.000000 0.026280
3998.000000 0.029910
4000.000000 0.034040
4002.000000 0.038830
4004.000000 0.044520
4006.000000 0.051030
4008.000000 0.058780
4010.000000 0.067230
4012.000000 0.077210
4014.000000 0.088170
4016.000000 0.100610
4018.000000 0.114200
4020.000000 0.129140
4022.000000 0.145440
4024.000000 0.161940
4026.000000 0.179230
4028.000000 0.196290
4030.000000 0.213350
4032.000000 0.229980
4034.000000 0.246380
4036.000000 0.260970
4038.000000 0.274530
4040.000000 0.287020
4042.000000 0.298530
4044.000000 0.308800
4046.000000 0.318620
4048.000000 0.327870
4050.000000 0.336070
4052.000000 0.344050
4054.000000 0.351160
4056.000000 0.358420
4058.000000 0.365420
4060.000000 0.371890
4062.000000 0.378310
4064.000000 0.384320
4066.000000 0.389980
4068.000000 0.395910
4070.000000 0.400570
4072.000000 0.405320
4074.000000 0.409230
4076.000000 0.413330
4078.000000 0.416460
4080.000000 0.418920
4082.000000 0.421050
4084.000000 0.423050
4086.000000 0.424330
4088.000000 0.425250
4090.000000 0.425970
4092.000000 0.426320
4094.000000 0.426230
4096.000000 0.425910
4098.000000 0.425730
4100.000000 0.425280
4102.000000 0.424840
4104.000000 0.424560
4106.000000 0.424150
4108.000000 0.423740
4110.000000 0.423220
4112.000000 0.423200
4114.000000 0.422500
4116.000000 0.422440
4118.000000 0.422150
4120.000000 0.421960
4122.000000 0.422080
4124.000000 0.421470
4126.000000 0.421300
4128.000000 0.420930
4130.000000 0.420540
4132.000000 0.419620
4134.000000 0.419040
4136.000000 0.418290
4138.000000 0.417340
4140.000000 0.416280
4142.000000 0.415340
4144.000000 0.414330
4146.000000 0.413150
4148.000000 0.411830
4150.000000 0.410630
4152.000000 0.409310
4154.000000 0.408020
4156.000000 0.406700
4158.000000 0.405740
4160.000000 0.404570
4162.000000 0.403890
4164.000000 0.402810
4166.000000 0.401770
4168.000000 0.401100
4170.000000 0.400580
4172.000000 0.399790
4174.000000 0.398970
4176.000000 0.398470
4178.000000 0.397660
4180.000000 0.396880
4182.000000 0.395330
4184.000000 0.394040
4186.000000 0.392380
4188.000000 0.390210
4190.000000 0.387560
4192.000000 0.384200
4194.000000 0.379830
4196.000000 0.375220
4198.000000 0.369980
4200.000000 0.363590
4202.000000 0.356250
4204.000000 0.348150
4206.000000 0.338810
4208.000000 0.329020
4210.000000 0.318570
4212.000000 0.306860
4214.000000 0.295070
4216.000000 0.282440
4218.000000 0.269500
4220.000000 0.255830
4222.000000 0.242780
4224.000000 0.229310
4226.000000 0.216250
4228.000000 0.202980
4230.000000 0.189980
4232.000000 0.177100
4234.000000 0.164960
4236.000000 0.153710
4238.000000 0.142560
4240.000000 0.132440
4242.000000 0.122490
4244.000000 0.113080
4246.000000 0.104080
4248.000000 0.095950
4250.000000 0.088180
4252.000000 0.081000
4254.000000 0.074450
4256.000000 0.068410
4258.000000 0.062590
4260.000000 0.057310
4262.000000 0.052550
4264.000000 0.048120
4266.000000 0.044050
4268.000000 0.040320
4270.000000 0.036900
4272.000000 0.033710
4274.000000 0.030900
4276.000000 0.028310
4278.000000 0.025970
4280.000000 0.023800
4282.000000 0.021840
4284.000000 0.019960
4286.000000 0.018290
4288.000000 0.016790
4290.000000 0.015410
4292.000000 0.014160
4294.000000 0.012980
4296.000000 0.011930
4298.000000 0.010950
4300.000000 0.010070
4302.000000 0.009250
4304.000000 0.008540
4306.000000 0.007870
4308.000000 0.007260
4310.000000 0.006670
4312.000000 0.006140
4314.000000 0.005670
4316.000000 0.005240
4318.000000 0.004850
4320.000000 0.004470
4322.000000 0.004130
4324.000000 0.003830
4326.000000 0.003550
4328.000000 0.003290
4330.000000 0.003050
4332.000000 0.002850
4334.000000 0.002650
4336.000000 0.002480
4338.000000 0.002300
4340.000000 0.002150
4342.000000 0.002010
4344.000000 0.001880
4346.000000 0.001760
4348.000000 0.001650
4350.000000 0.001550
4352.000000 0.001450
4354.000000 0.001370
4356.000000 0.001290
4358.000000 0.001210
4360.000000 0.001150
4362.000000 0.001090
4364.000000 0.001020
4366.000000 0.000970
4368.000000 0.000920
4370.000000 0.000870
4372.000000 0.000820
4374.000000 0.000790
4376.000000 0.000740
4378.000000 0.000710
4380.000000 0.000680
4382.000000 0.000650
4384.000000 0.000620
4386.000000 0.000600
4388.000000 0.000570
4390.000000 0.000550
4392.000000 0.000520
4394.000000 0.000500
4396.000000 0.000480
4398.000000 0.000470
4400.000000 0.000450
4402.000000 0.000430
4404.000000 0.000420
4406.000000 0.000410
4408.000000 0.000400
4410.000000 0.000390
4412.000000 0.000380
4414.000000 0.000370
4416.000000 0.000360
4418.000000 0.000360
4420.000000 0.000340
4422.000000 0.000340
4424.000000 0.000330
4426.000000 0.000330
4428.000000 0.000330
4430.000000 0.000320
4432.000000 0.000310
4434.000000 0.000310
4436.000000 0.000310
4438.000000 0.000310
4440.000000 0.000310
4442.000000 0.000310
4444.000000 0.000310
4446.000000 0.000310
4448.000000 0.000310
4450.000000 0.000320
4452.000000 0.000320
4454.000000 0.000320
4456.000000 0.000320
4458.000000 0.000330
4460.000000 0.000330
4462.000000 0.000320
4464.000000 0.000330
4466.000000 0.000330
4468.000000 0.000330
4470.000000 0.000330
4472.000000 0.000330
4474.000000 0.000330
4476.000000 0.000330
4478.000000 0.000320
4480.000000 0.000310
4482.000000 0.000300
4484.000000 0.000290
4486.000000 0.000280
4488.000000 0.000260
4490.000000 0.000250
4492.000000 0.000230
4494.000000 0.000210
4496.000000 0.000200
4498.000000 0.000180
4500.000000 0.000170
4502.000000 0.000150
4504.000000 0.000140
4506.000000 0.000120
4508.000000 0.000110
4510.000000 0.000100
4512.000000 0.000090
4514.000000 0.000080
4516.000000 0.000070
4518.000000 0.000070
4520.000000 0.000060
4522.000000 0.000050
4524.000000 0.000050
4526.000000 0.000040
4528.000000 0.000040
4530.000000 0.000040
