6620.0 0.0013774100
6622.0 0.0010402200
6624.0 0.0017537700
6626.0 0.0017680300
6628.0 0.0018348600
6630.0 0.0022505600
6632.0 0.0022779000
6634.0 0.0018982500
6636.0 0.0026974900
6638.0 0.0031458900
6640.0 0.0031720900
6642.0 0.0032284100
6644.0 0.0032719800
6646.0 0.0041000400
6648.0 0.0041823500
6650.0 0.0046452700
6652.0 0.0052015600
6654.0 0.0051701800
6656.0 0.0057649700
6658.0 0.0058348300
6660.0 0.0072959400
6662.0 0.0078341000
6664.0 0.0089034700
6666.0 0.0102852000
6668.0 0.0114340000
6670.0 0.0136121000
6672.0 0.0148075000
6674.0 0.0169830000
6676.0 0.0191147000
6678.0 0.0219836000
6680.0 0.0257865000
6682.0 0.0307612000
6684.0 0.0368615000
6686.0 0.0443139000
6688.0 0.0534060000
6690.0 0.0637013000
6692.0 0.0784753000
6694.0 0.0948325000
6696.0 0.1119320000
6698.0 0.1350720000
6700.0 0.1690880000
6702.0 0.2058820000
6704.0 0.2513370000
6706.0 0.3043480000
6708.0 0.3527980000
6710.0 0.4064840000
6712.0 0.4451290000
6714.0 0.5170670000
6716.0 0.5948170000
6718.0 0.6681670000
6720.0 0.7340360000
6722.0 0.7713330000
6724.0 0.7920590000
6726.0 0.8109040000
6728.0 0.8121970000
6730.0 0.8024080000
6732.0 0.7836090000
6734.0 0.7507290000
6736.0 0.7191680000
6738.0 0.6651620000
6740.0 0.5998480000
6742.0 0.5180630000
6744.0 0.4300310000
6746.0 0.3523810000
6748.0 0.2853720000
6750.0 0.2275690000
6752.0 0.1830990000
6754.0 0.1454850000
6756.0 0.1162390000
6758.0 0.0934256000
6760.0 0.0757709000
6762.0 0.0602303000
6764.0 0.0502693000
6766.0 0.0431589000
6768.0 0.0372439000
6770.0 0.0302172000
6772.0 0.0264650000
6774.0 0.0223735000
6776.0 0.0196464000
6778.0 0.0170512000
6780.0 0.0141557000
6782.0 0.0123584000
6784.0 0.0114345000
6786.0 0.0116034000
6788.0 0.0107411000
6790.0 0.0097297300
6792.0 0.0088495600
6794.0 0.0066371700
6796.0 0.0067720100
6798.0 0.0068886300
6800.0 0.0070257600
6802.0 0.0070922000
6804.0 0.0059808600
6806.0 0.0048426100
6808.0 0.0049261100
6810.0 0.0049937600
6812.0 0.0051020400
6814.0 0.0051546400
6816.0 0.0052287600
6818.0 0.0026560400
6820.0 0.0026809700
