7000.0 0.0021267500
7005.0 0.0019055700
7010.0 0.0021061500
7015.0 0.0025167800
7020.0 0.0027105900
7025.0 0.0031075200
7030.0 0.0028889800
7035.0 0.0032834000
7040.0 0.0032713100
7045.0 0.0032553400
7050.0 0.0046530500
7055.0 0.0050311900
7060.0 0.0051927300
7065.0 0.0067661700
7070.0 0.0073369000
7075.0 0.0092610800
7080.0 0.0108310000
7085.0 0.0121094000
7090.0 0.0140433000
7095.0 0.0155189000
7100.0 0.0183717000
7105.0 0.0211254000
7110.0 0.0237959000
7115.0 0.0274309000
7120.0 0.0303430000
7125.0 0.0342376000
7130.0 0.0392412000
7135.0 0.0442478000
7140.0 0.0493191000
7145.0 0.0548546000
7150.0 0.0617620000
7155.0 0.0674482000
7160.0 0.0760772000
7165.0 0.0830940000
7170.0 0.0929733000
7175.0 0.0997328000
7180.0 0.1089430000
7185.0 0.1174280000
7190.0 0.1282590000
7195.0 0.1392540000
7200.0 0.1485890000
7205.0 0.1602090000
7210.0 0.1690430000
7215.0 0.1806500000
7220.0 0.1911260000
7225.0 0.2024790000
7230.0 0.2145550000
7235.0 0.2274910000
7240.0 0.2391680000
7245.0 0.2524650000
7250.0 0.2667690000
7255.0 0.2750040000
7260.0 0.2887840000
7265.0 0.2969650000
7270.0 0.3085980000
7275.0 0.3197450000
7280.0 0.3302200000
7285.0 0.3423150000
7290.0 0.3531460000
7295.0 0.3644070000
7300.0 0.3756830000
7305.0 0.3827610000
7310.0 0.3933990000
7315.0 0.4009240000
7320.0 0.4114440000
7325.0 0.4212780000
7330.0 0.4301220000
7335.0 0.4389880000
7340.0 0.4496140000
7345.0 0.4582720000
7350.0 0.4656020000
7355.0 0.4789330000
7360.0 0.4859300000
7365.0 0.4971930000
7370.0 0.5073980000
7375.0 0.5146130000
7380.0 0.5224080000
7385.0 0.5327490000
7390.0 0.5416460000
7395.0 0.5520640000
7400.0 0.5592140000
7405.0 0.5703510000
7410.0 0.5784200000
7415.0 0.5864720000
7420.0 0.5955570000
7425.0 0.6053830000
7430.0 0.6211330000
7435.0 0.6285300000
7440.0 0.6329400000
7445.0 0.6517710000
7450.0 0.6613060000
7455.0 0.6732700000
7460.0 0.6816710000
7465.0 0.6918350000
7470.0 0.6992570000
7475.0 0.7118890000
7480.0 0.7195300000
7485.0 0.7265030000
7490.0 0.7390400000
7495.0 0.7496780000
7500.0 0.7589410000
7505.0 0.7672830000
7510.0 0.7790210000
7515.0 0.7835730000
7520.0 0.7930490000
7525.0 0.8026320000
7530.0 0.8120140000
7535.0 0.8212640000
7540.0 0.8273790000
7545.0 0.8334650000
7550.0 0.8406900000
7555.0 0.8440610000
7560.0 0.8538240000
7565.0 0.8577270000
7570.0 0.8693590000
7575.0 0.8729680000
7580.0 0.8778340000
7585.0 0.8848760000
7590.0 0.8892390000
7595.0 0.8883140000
7600.0 0.8976700000
7605.0 0.8976130000
7610.0 0.9070870000
7615.0 0.9059270000
7620.0 0.9114420000
7625.0 0.9102420000
7630.0 0.9173200000
7635.0 0.9181050000
7640.0 0.9263320000
7645.0 0.9327690000
7650.0 0.9189150000
7655.0 0.9248240000
7660.0 0.9303160000
7665.0 0.9248640000
7670.0 0.9278010000
7675.0 0.9372070000
7680.0 0.9306360000
7685.0 0.9279280000
7690.0 0.9390110000
7695.0 0.9208300000
7700.0 0.9311460000
7705.0 0.9367420000
7710.0 0.9317790000
7715.0 0.9283170000
7720.0 0.9322480000
7725.0 0.9376160000
7730.0 0.9319480000
7735.0 0.9385280000
7740.0 0.9400090000
7745.0 0.9315010000
7750.0 0.9328230000
7755.0 0.9170590000
7760.0 0.9175570000
7765.0 0.9258240000
7770.0 0.9289550000
7775.0 0.9340950000
7780.0 0.9303220000
7785.0 0.9211610000
7790.0 0.9195750000
7795.0 0.9205170000
7800.0 0.9295540000
7805.0 0.9287020000
7810.0 0.9302720000
7815.0 0.9412490000
7820.0 0.9427730000
7825.0 0.9339030000
7830.0 0.9456570000
7835.0 0.9396390000
7840.0 0.9316650000
7845.0 0.9359210000
7850.0 0.9411050000
7855.0 0.9390620000
7860.0 0.9362000000
7865.0 0.9363120000
7870.0 0.9338490000
7875.0 0.9357290000
7880.0 0.9352480000
7885.0 0.9331790000
7890.0 0.9368880000
7895.0 0.9465860000
7900.0 0.9361930000
7905.0 0.9319190000
7910.0 0.9330660000
7915.0 0.9267880000
7920.0 0.9336830000
7925.0 0.9335590000
7930.0 0.9289350000
7935.0 0.9347660000
7940.0 0.9291660000
7945.0 0.9306880000
7950.0 0.9268550000
7955.0 0.9291000000
7960.0 0.9277560000
7965.0 0.9276120000
7970.0 0.9229700000
7975.0 0.9210240000
7980.0 0.9217230000
7985.0 0.9238510000
7990.0 0.9158310000
7995.0 0.9115730000
8000.0 0.9035300000
8005.0 0.9203130000
8010.0 0.9062120000
8015.0 0.9148350000
8020.0 0.9117420000
8025.0 0.9074590000
8030.0 0.9012820000
8035.0 0.9109880000
8040.0 0.8962690000
8045.0 0.9020360000
8050.0 0.9038340000
8055.0 0.8907240000
8060.0 0.9036090000
8065.0 0.9042340000
8070.0 0.9023420000
8075.0 0.8980970000
8080.0 0.8981660000
8085.0 0.8875510000
8090.0 0.9123630000
8095.0 0.8947610000
8100.0 0.8863880000
8105.0 0.8955520000
8110.0 0.9024540000
8115.0 0.9027120000
8120.0 0.9134370000
8125.0 0.8795700000
8130.0 0.8878940000
8135.0 0.9037030000
8140.0 0.8792450000
8145.0 0.8813250000
8150.0 0.8987320000
8155.0 0.8885150000
8160.0 0.8758000000
8165.0 0.8933680000
8170.0 0.8903770000
8175.0 0.8841500000
8180.0 0.8906580000
8185.0 0.8782600000
8190.0 0.8898330000
8195.0 0.8887020000
8200.0 0.8796360000
8205.0 0.8825130000
8210.0 0.8785500000
8215.0 0.8887210000
8220.0 0.8860610000
8225.0 0.8751880000
8230.0 0.8902620000
8235.0 0.8969580000
8240.0 0.8737590000
8245.0 0.8720720000
8250.0 0.8764810000
8255.0 0.8826300000
8260.0 0.8678880000
8265.0 0.8732910000
8270.0 0.8753420000
8275.0 0.8759690000
8280.0 0.8981470000
8285.0 0.8764660000
8290.0 0.8633560000
8295.0 0.8536510000
8300.0 0.8691570000
8305.0 0.8630410000
8310.0 0.8705930000
8315.0 0.8686260000
8320.0 0.8490400000
8325.0 0.8416490000
8330.0 0.8648160000
8335.0 0.8416570000
8340.0 0.8730760000
8345.0 0.8257300000
8350.0 0.8384720000
8355.0 0.8406680000
8360.0 0.8255040000
8365.0 0.8226500000
8370.0 0.8290800000
8375.0 0.8402550000
8380.0 0.8455780000
8385.0 0.8370330000
8390.0 0.8328910000
8395.0 0.8290040000
8400.0 0.8143870000
8405.0 0.8003200000
8410.0 0.8254670000
8415.0 0.8151030000
8420.0 0.8047820000
8425.0 0.7936000000
8430.0 0.8144370000
8435.0 0.8209130000
8440.0 0.8033680000
8445.0 0.7965000000
8450.0 0.8220190000
8455.0 0.8071840000
8460.0 0.8187500000
8465.0 0.7976630000
8470.0 0.7934680000
8475.0 0.7956160000
8480.0 0.7991270000
8485.0 0.8101480000
8490.0 0.7779630000
8495.0 0.7808450000
8500.0 0.8195290000
8505.0 0.7969330000
8510.0 0.8038030000
8515.0 0.7863880000
8520.0 0.7990590000
8525.0 0.7849030000
8530.0 0.8016860000
8535.0 0.8003110000
8540.0 0.7999150000
8545.0 0.7967630000
8550.0 0.8096660000
8555.0 0.8130690000
8560.0 0.8158010000
8565.0 0.8016400000
8570.0 0.8052600000
8575.0 0.8092450000
8580.0 0.8144560000
8585.0 0.8205630000
8590.0 0.8348130000
8595.0 0.8352780000
8600.0 0.8346460000
8605.0 0.8145360000
8610.0 0.8284900000
8615.0 0.8320730000
8620.0 0.8363740000
8625.0 0.8359670000
8630.0 0.8399780000
8635.0 0.8411440000
8640.0 0.8420470000
8645.0 0.8337460000
8650.0 0.8444320000
8655.0 0.8413620000
8660.0 0.8368870000
8665.0 0.8410130000
8670.0 0.8374530000
8675.0 0.8356540000
8680.0 0.8323720000
8685.0 0.8301470000
8690.0 0.8323970000
8695.0 0.8226030000
8700.0 0.8043800000
8705.0 0.8082930000
8710.0 0.8039350000
8715.0 0.7884280000
8720.0 0.7955290000
8725.0 0.7924880000
8730.0 0.7782530000
8735.0 0.7665870000
8740.0 0.7525990000
8745.0 0.7432920000
8750.0 0.7351840000
8755.0 0.7301800000
8760.0 0.7084000000
8765.0 0.6942350000
8770.0 0.6884170000
8775.0 0.6798090000
8780.0 0.6616500000
8785.0 0.6350160000
8790.0 0.6248380000
8795.0 0.6085480000
8800.0 0.6033290000
8805.0 0.5990220000
8810.0 0.5848960000
8815.0 0.5717600000
8820.0 0.5517240000
8825.0 0.5372920000
8830.0 0.5188150000
8835.0 0.5080380000
8840.0 0.5007760000
8845.0 0.4810680000
8850.0 0.4786030000
8855.0 0.4617250000
8860.0 0.4485780000
8865.0 0.4447740000
8870.0 0.4348560000
8875.0 0.4298470000
8880.0 0.4148500000
8885.0 0.4098380000
8890.0 0.3930170000
8895.0 0.3871090000
8900.0 0.3885390000
8905.0 0.3721430000
8910.0 0.3658350000
8915.0 0.3583020000
8920.0 0.3507300000
8925.0 0.3442910000
8930.0 0.3408380000
8935.0 0.3326300000
8940.0 0.3298890000
8945.0 0.3239280000
8950.0 0.3192380000
8955.0 0.3160370000
8960.0 0.3109760000
8965.0 0.3053170000
8970.0 0.3018270000
8975.0 0.2974300000
8980.0 0.2964190000
8985.0 0.2934780000
8990.0 0.2909160000
8995.0 0.2902750000
9000.0 0.2870180000
9005.0 0.2837290000
9010.0 0.2830210000
9015.0 0.2839400000
9020.0 0.2806630000
9025.0 0.2800490000
9030.0 0.2787980000
9035.0 0.2791980000
9040.0 0.2788240000
9045.0 0.2793590000
9050.0 0.2788260000
9055.0 0.2792850000
9060.0 0.2801970000
9065.0 0.2812230000
9070.0 0.2831120000
9075.0 0.2839900000
9080.0 0.2858900000
9085.0 0.2870360000
9090.0 0.2886940000
9095.0 0.2911420000
9100.0 0.2945460000
9105.0 0.2975070000
9110.0 0.3008870000
9115.0 0.3046050000
9120.0 0.3091270000
9125.0 0.3120140000
9130.0 0.3158410000
9135.0 0.3193520000
9140.0 0.3243980000
9145.0 0.3288380000
9150.0 0.3342800000
9155.0 0.3388520000
9160.0 0.3442100000
9165.0 0.3478210000
9170.0 0.3539860000
9175.0 0.3594650000
9180.0 0.3628570000
9185.0 0.3705480000
9190.0 0.3747690000
9195.0 0.3790550000
9200.0 0.3825820000
9205.0 0.3862090000
9210.0 0.3874250000
9215.0 0.3896380000
9220.0 0.3911140000
9225.0 0.3907800000
9230.0 0.3901490000
9235.0 0.3866500000
9240.0 0.3816490000
9245.0 0.3765460000
9250.0 0.3685010000
9255.0 0.3608050000
9260.0 0.3491860000
9265.0 0.3377150000
9270.0 0.3203100000
9275.0 0.3080320000
9280.0 0.2921230000
9285.0 0.2797800000
9290.0 0.2623030000
9295.0 0.2455110000
9300.0 0.2330250000
9305.0 0.2145260000
9310.0 0.1991450000
9315.0 0.1844400000
9320.0 0.1724810000
9325.0 0.1605130000
9330.0 0.1511230000
9335.0 0.1406860000
9340.0 0.1316610000
9345.0 0.1219220000
9350.0 0.1130710000
9355.0 0.1027430000
9360.0 0.0954960000
9365.0 0.0900901000
9370.0 0.0840414000
9375.0 0.0805011000
9380.0 0.0748499000
9385.0 0.0705772000
9390.0 0.0649786000
9395.0 0.0609526000
9400.0 0.0562222000
9405.0 0.0531700000
9410.0 0.0503918000
9415.0 0.0482124000
9420.0 0.0448187000
9425.0 0.0424805000
9430.0 0.0397127000
9435.0 0.0380213000
9440.0 0.0358123000
9445.0 0.0336631000
9450.0 0.0318182000
