8600.0 0.0042000000
8650.0 0.0069000000
8700.0 0.0175000000
8750.0 0.0426000000
8800.0 0.1212000000
8850.0 0.3482000000
8900.0 0.6567000000
8950.0 0.7344000000
9000.0 0.7346000000
9050.0 0.7566000000
9100.0 0.8021000000
9150.0 0.8280000000
9200.0 0.8226000000
9250.0 0.8022000000
9300.0 0.7829000000
9350.0 0.7676000000
9400.0 0.7640000000
9450.0 0.7734000000
9500.0 0.7844000000
9550.0 0.8034000000
9600.0 0.8082000000
9650.0 0.7985000000
9700.0 0.7800000000
9750.0 0.7602000000
9800.0 0.7534000000
9850.0 0.7494000000
9900.0 0.7460000000
9950.0 0.7358000000
10000.0 0.7239000000
10050.0 0.7081000000
10100.0 0.6889000000
10150.0 0.6529000000
10200.0 0.5694000000
10250.0 0.4227000000
10300.0 0.2440000000
10350.0 0.1293000000
10400.0 0.0732000000
10450.0 0.0438000000
10500.0 0.0221000000
10550.0 0.0098000000
10600.0 0.0063000000
