6536.0 0.0023000000
6538.0 0.0032000000
6540.0 0.0049000000
6542.0 0.0065000000
6544.0 0.0091000000
6546.0 0.0135000000
6548.0 0.0213000000
6550.0 0.0336000000
6552.0 0.0657000000
6554.0 0.1210000000
6556.0 0.2404000000
6558.0 0.3388000000
6560.0 0.5205000000
6562.0 0.6294000000
6564.0 0.6915000000
6566.0 0.6981000000
6568.0 0.6850000000
6570.0 0.6540000000
6572.0 0.5958000000
6574.0 0.4794000000
6576.0 0.3519000000
6578.0 0.2167000000
6580.0 0.1238000000
6582.0 0.0647000000
6584.0 0.0361000000
6586.0 0.0204000000
6588.0 0.0142000000
6590.0 0.0099000000
6592.0 0.0056000000
6594.0 0.0046000000
6596.0 0.0035000000
