7500.0 0.0011496900
7502.0 0.0011531400
7504.0 0.0011538000
7506.0 0.0034590100
7508.0 0.0034578200
7510.0 0.0034594100
7512.0 0.0034634000
7514.0 0.0034654000
7516.0 0.0030057800
7518.0 0.0024302700
7520.0 0.0030085600
7522.0 0.0031286200
7524.0 0.0030144900
7526.0 0.0024361900
7528.0 0.0028982100
7530.0 0.0030131000
7532.0 0.0031333400
7534.0 0.0031333400
7536.0 0.0033599800
7538.0 0.0033545400
7540.0 0.0034710200
7542.0 0.0034702100
7544.0 0.0034706200
7546.0 0.0034742300
7548.0 0.0046141400
7550.0 0.0036693000
7552.0 0.0035465100
7554.0 0.0041508100
7556.0 0.0046157400
7558.0 0.0046333800
7560.0 0.0046061700
7562.0 0.0046360700
7564.0 0.0046403700
7566.0 0.0047519700
7568.0 0.0056752400
7570.0 0.0057385500
7572.0 0.0058620700
7574.0 0.0069292100
7576.0 0.0046253500
7578.0 0.0069332100
7580.0 0.0077260100
7582.0 0.0078368100
7584.0 0.0076036900
7586.0 0.0080803400
7588.0 0.0099192600
7590.0 0.0103711000
7592.0 0.0111816000
7594.0 0.0123443000
7596.0 0.0138424000
7598.0 0.0145497000
7600.0 0.0150568000
7602.0 0.0172157000
7604.0 0.0185356000
7606.0 0.0198020000
7608.0 0.0216990000
7610.0 0.0254961000
7612.0 0.0277585000
7614.0 0.0302960000
7616.0 0.0364055000
7618.0 0.0424604000
7620.0 0.0485392000
7622.0 0.0542529000
7624.0 0.0641950000
7626.0 0.0742620000
7628.0 0.0924543000
7630.0 0.1044780000
7632.0 0.1157560000
7634.0 0.1318310000
7636.0 0.1622270000
7638.0 0.1795100000
7640.0 0.2041420000
7642.0 0.2271490000
7644.0 0.2739460000
7646.0 0.2993180000
7648.0 0.3265470000
7650.0 0.3542260000
7652.0 0.4031660000
7654.0 0.4242360000
7656.0 0.4484470000
7658.0 0.4623150000
7660.0 0.4942990000
7662.0 0.5067350000
7664.0 0.5171520000
7666.0 0.5290860000
7668.0 0.5400570000
7670.0 0.5458470000
7672.0 0.5531580000
7674.0 0.5612780000
7676.0 0.5597060000
7678.0 0.5613460000
7680.0 0.5674600000
7682.0 0.5688260000
7684.0 0.5686390000
7686.0 0.5732320000
7688.0 0.5806380000
7690.0 0.5726210000
7692.0 0.5764750000
7694.0 0.5749370000
7696.0 0.5725620000
7698.0 0.5746280000
7700.0 0.5804680000
7702.0 0.5771490000
7704.0 0.5787380000
7706.0 0.5712540000
7708.0 0.5780330000
7710.0 0.5795430000
7712.0 0.5759100000
7714.0 0.5709410000
7716.0 0.5737160000
7718.0 0.5745150000
7720.0 0.5746760000
7722.0 0.5824750000
7724.0 0.5820830000
7726.0 0.5823750000
7728.0 0.5820180000
7730.0 0.5846410000
7732.0 0.5767920000
7734.0 0.5725110000
7736.0 0.5631160000
7738.0 0.5521700000
7740.0 0.5206200000
7742.0 0.4986290000
7744.0 0.4793990000
7746.0 0.4488870000
7748.0 0.3988480000
7750.0 0.3346960000
7752.0 0.3050980000
7754.0 0.2777780000
7756.0 0.2468570000
7758.0 0.1942370000
7760.0 0.1743150000
7762.0 0.1534740000
7764.0 0.1369340000
7766.0 0.1073470000
7768.0 0.0956290000
7770.0 0.0832774000
7772.0 0.0740866000
7774.0 0.0600989000
7776.0 0.0541536000
7778.0 0.0475976000
7780.0 0.0426760000
7782.0 0.0352542000
7784.0 0.0305628000
7786.0 0.0270728000
7788.0 0.0248419000
7790.0 0.0223639000
7792.0 0.0202817000
7794.0 0.0180343000
7796.0 0.0173932000
7798.0 0.0155314000
7800.0 0.0149585000
7802.0 0.0142873000
7804.0 0.0134168000
7806.0 0.0122358000
7808.0 0.0111794000
7810.0 0.0100592000
7812.0 0.0101169000
7814.0 0.0095875200
7816.0 0.0090858100
7818.0 0.0090746100
7820.0 0.0089716300
