6540.0 0.0009903790
6542.0 0.0005729020
6544.0 0.0011507500
6546.0 0.0020467800
6548.0 0.0032708900
6550.0 0.0078101500
6552.0 0.0214253000
6554.0 0.0696357000
6556.0 0.2203390000
6558.0 0.4444270000
6560.0 0.6120400000
6562.0 0.6655440000
6564.0 0.6579030000
6566.0 0.5700640000
6568.0 0.3265210000
6570.0 0.1172850000
6572.0 0.0333731000
6574.0 0.0108490000
6576.0 0.0045335700
6578.0 0.0022956000
6580.0 0.0014303600
6582.0 0.0007177460
6584.0 0.0007288630
6586.0 0.0005524860
6588.0 0.0000000000
6590.0 0.0000000000
