5066.0 0.0037000000
5068.0 0.0045000000
5070.0 0.0052000000
5072.0 0.0067000000
5074.0 0.0075000000
5076.0 0.0097000000
5078.0 0.0113000000
5080.0 0.0150000000
5082.0 0.0188000000
5084.0 0.0278000000
5086.0 0.0368000000
5088.0 0.0639000000
5090.0 0.0980000000
5092.0 0.1589000000
5094.0 0.2553000000
5096.0 0.3967000000
5098.0 0.5177000000
5100.0 0.6246000000
5102.0 0.7224000000
5104.0 0.7721000000
5106.0 0.7926000000
5108.0 0.8020000000
5110.0 0.8102000000
5112.0 0.8157000000
5114.0 0.8187000000
5116.0 0.8171000000
5118.0 0.8171000000
5120.0 0.8147000000
5122.0 0.8072000000
5124.0 0.7994000000
5126.0 0.7877000000
5128.0 0.7709000000
5130.0 0.7255000000
5132.0 0.6382000000
5134.0 0.5065000000
5136.0 0.3710000000
5138.0 0.2964000000
5140.0 0.1890000000
5142.0 0.1280000000
5144.0 0.0858000000
5146.0 0.0605000000
5148.0 0.0404000000
5150.0 0.0296000000
5152.0 0.0219000000
5154.0 0.0172000000
5156.0 0.0117000000
5158.0 0.0102000000
5160.0 0.0086000000
5162.0 0.0079000000
5164.0 0.0063000000
5166.0 0.0047000000
