5710.0 0.0000000000
5715.0 0.0000000000
5720.0 0.0000000000
5725.0 0.0000000000
5730.0 0.0000000000
5735.0 0.0010000000
5740.0 0.0010000000
5745.0 0.0010000000
5750.0 0.0020000000
5755.0 0.0030000000
5760.0 0.0040000000
5765.0 0.0050000000
5770.0 0.0070000000
5775.0 0.0100000000
5780.0 0.0130000000
5785.0 0.0170000000
5790.0 0.0220000000
5795.0 0.0280000000
5800.0 0.0350000000
5805.0 0.0430000000
5810.0 0.0520000000
5815.0 0.0630000000
5820.0 0.0750000000
5825.0 0.0870000000
5830.0 0.1010000000
5835.0 0.1160000000
5840.0 0.1320000000
5845.0 0.1480000000
5850.0 0.1650000000
5855.0 0.1830000000
5860.0 0.2010000000
5865.0 0.2180000000
5870.0 0.2370000000
5875.0 0.2540000000
5880.0 0.2720000000
5885.0 0.2890000000
5890.0 0.3060000000
5895.0 0.3210000000
5900.0 0.3350000000
5905.0 0.3490000000
5910.0 0.3640000000
5915.0 0.3770000000
5920.0 0.3900000000
5925.0 0.4020000000
5930.0 0.4140000000
5935.0 0.4250000000
5940.0 0.4350000000
5945.0 0.4440000000
5950.0 0.4530000000
5955.0 0.4610000000
5960.0 0.4680000000
5965.0 0.4740000000
5970.0 0.4800000000
5975.0 0.4850000000
5980.0 0.4890000000
5985.0 0.4930000000
5990.0 0.4960000000
5995.0 0.4990000000
6000.0 0.5020000000
6005.0 0.5040000000
6010.0 0.5060000000
6015.0 0.5070000000
6020.0 0.5080000000
6025.0 0.5090000000
6030.0 0.5090000000
6035.0 0.5090000000
6040.0 0.5090000000
6045.0 0.5080000000
6050.0 0.5070000000
6055.0 0.5070000000
6060.0 0.5050000000
6065.0 0.5040000000
6070.0 0.5030000000
6075.0 0.5010000000
6080.0 0.4990000000
6085.0 0.4970000000
6090.0 0.4950000000
6095.0 0.4930000000
6100.0 0.4910000000
6105.0 0.4890000000
6110.0 0.4860000000
6115.0 0.4840000000
6120.0 0.4820000000
6125.0 0.4790000000
6130.0 0.4760000000
6135.0 0.4730000000
6140.0 0.4700000000
6145.0 0.4670000000
6150.0 0.4640000000
6155.0 0.4610000000
6160.0 0.4580000000
6165.0 0.4550000000
6170.0 0.4510000000
6175.0 0.4480000000
6180.0 0.4450000000
6185.0 0.4420000000
6190.0 0.4380000000
6195.0 0.4350000000
6200.0 0.4320000000
6205.0 0.4280000000
6210.0 0.4250000000
6215.0 0.4210000000
6220.0 0.4180000000
6225.0 0.4150000000
6230.0 0.4110000000
6235.0 0.4080000000
6240.0 0.4040000000
6245.0 0.4010000000
6250.0 0.3970000000
6255.0 0.3940000000
6260.0 0.3900000000
6265.0 0.3870000000
6270.0 0.3830000000
6275.0 0.3800000000
6280.0 0.3760000000
6285.0 0.3730000000
6290.0 0.3690000000
6295.0 0.3660000000
6300.0 0.3630000000
6305.0 0.3590000000
6310.0 0.3560000000
6315.0 0.3520000000
6320.0 0.3490000000
6325.0 0.3460000000
6330.0 0.3430000000
6335.0 0.3390000000
6340.0 0.3360000000
6345.0 0.3320000000
6350.0 0.3290000000
6355.0 0.3260000000
6360.0 0.3220000000
6365.0 0.3190000000
6370.0 0.3160000000
6375.0 0.3120000000
6380.0 0.3090000000
6385.0 0.3050000000
6390.0 0.3020000000
6395.0 0.2990000000
6400.0 0.2950000000
6405.0 0.2920000000
6410.0 0.2890000000
6415.0 0.2860000000
6420.0 0.2820000000
6425.0 0.2790000000
6430.0 0.2760000000
6435.0 0.2730000000
6440.0 0.2700000000
6445.0 0.2660000000
6450.0 0.2630000000
6455.0 0.2600000000
6460.0 0.2570000000
6465.0 0.2540000000
6470.0 0.2510000000
6475.0 0.2480000000
6480.0 0.2450000000
6485.0 0.2420000000
6490.0 0.2390000000
6495.0 0.2360000000
6500.0 0.2330000000
6505.0 0.2310000000
6510.0 0.2280000000
6515.0 0.2250000000
6520.0 0.2220000000
6525.0 0.2190000000
6530.0 0.2160000000
6535.0 0.2140000000
6540.0 0.2110000000
6545.0 0.2090000000
6550.0 0.2060000000
6555.0 0.2040000000
6560.0 0.2010000000
6565.0 0.1980000000
6570.0 0.1960000000
6575.0 0.1930000000
6580.0 0.1910000000
6585.0 0.1880000000
6590.0 0.1850000000
6595.0 0.1830000000
6600.0 0.1800000000
6605.0 0.1780000000
6610.0 0.1750000000
6615.0 0.1730000000
6620.0 0.1700000000
6625.0 0.1680000000
6630.0 0.1660000000
6635.0 0.1630000000
6640.0 0.1610000000
6645.0 0.1590000000
6650.0 0.1560000000
6655.0 0.1540000000
6660.0 0.1520000000
6665.0 0.1500000000
6670.0 0.1480000000
6675.0 0.1450000000
6680.0 0.1430000000
6685.0 0.1410000000
6690.0 0.1390000000
6695.0 0.1370000000
6700.0 0.1350000000
6705.0 0.1330000000
6710.0 0.1310000000
6715.0 0.1290000000
6720.0 0.1270000000
6725.0 0.1250000000
6730.0 0.1230000000
6735.0 0.1220000000
6740.0 0.1200000000
6745.0 0.1180000000
6750.0 0.1160000000
6755.0 0.1140000000
6760.0 0.1130000000
6765.0 0.1110000000
6770.0 0.1090000000
6775.0 0.1080000000
6780.0 0.1060000000
6785.0 0.1040000000
6790.0 0.1030000000
6795.0 0.1010000000
6800.0 0.0990000000
6805.0 0.0980000000
6810.0 0.0960000000
6815.0 0.0950000000
6820.0 0.0930000000
6825.0 0.0910000000
6830.0 0.0900000000
6835.0 0.0880000000
6840.0 0.0870000000
6845.0 0.0850000000
6850.0 0.0840000000
6855.0 0.0830000000
6860.0 0.0810000000
6865.0 0.0800000000
6870.0 0.0780000000
6875.0 0.0770000000
6880.0 0.0760000000
6885.0 0.0750000000
6890.0 0.0730000000
6895.0 0.0720000000
6900.0 0.0710000000
6905.0 0.0700000000
6910.0 0.0680000000
6915.0 0.0670000000
6920.0 0.0660000000
6925.0 0.0650000000
6930.0 0.0640000000
6935.0 0.0630000000
6940.0 0.0620000000
6945.0 0.0600000000
6950.0 0.0590000000
6955.0 0.0580000000
6960.0 0.0570000000
6965.0 0.0560000000
6970.0 0.0550000000
6975.0 0.0550000000
6980.0 0.0540000000
6985.0 0.0530000000
6990.0 0.0520000000
6995.0 0.0510000000
7000.0 0.0500000000
7005.0 0.0490000000
7010.0 0.0480000000
7015.0 0.0470000000
7020.0 0.0460000000
7025.0 0.0450000000
7030.0 0.0450000000
7035.0 0.0440000000
7040.0 0.0430000000
7045.0 0.0420000000
7050.0 0.0410000000
7055.0 0.0410000000
7060.0 0.0400000000
7065.0 0.0390000000
7070.0 0.0380000000
7075.0 0.0380000000
7080.0 0.0370000000
7085.0 0.0360000000
7090.0 0.0360000000
7095.0 0.0350000000
7100.0 0.0340000000
7105.0 0.0340000000
7110.0 0.0330000000
7115.0 0.0320000000
7120.0 0.0320000000
7125.0 0.0310000000
7130.0 0.0310000000
7135.0 0.0300000000
7140.0 0.0290000000
7145.0 0.0290000000
7150.0 0.0280000000
7155.0 0.0280000000
7160.0 0.0270000000
7165.0 0.0270000000
7170.0 0.0260000000
7175.0 0.0260000000
7180.0 0.0250000000
7185.0 0.0250000000
7190.0 0.0240000000
7195.0 0.0240000000
7200.0 0.0230000000
7205.0 0.0230000000
7210.0 0.0230000000
7215.0 0.0220000000
7220.0 0.0220000000
7225.0 0.0210000000
7230.0 0.0210000000
7235.0 0.0200000000
7240.0 0.0200000000
7245.0 0.0200000000
7250.0 0.0190000000
7255.0 0.0190000000
7260.0 0.0180000000
7265.0 0.0180000000
7270.0 0.0180000000
7275.0 0.0170000000
7280.0 0.0170000000
7285.0 0.0170000000
7290.0 0.0160000000
7295.0 0.0160000000
7300.0 0.0160000000
7305.0 0.0150000000
7310.0 0.0150000000
7315.0 0.0150000000
7320.0 0.0150000000
7325.0 0.0140000000
7330.0 0.0140000000
7335.0 0.0140000000
7340.0 0.0130000000
7345.0 0.0130000000
7350.0 0.0130000000
7355.0 0.0130000000
7360.0 0.0120000000
7365.0 0.0120000000
7370.0 0.0120000000
7375.0 0.0120000000
7380.0 0.0110000000
7385.0 0.0110000000
7390.0 0.0110000000
7395.0 0.0110000000
7400.0 0.0110000000
7405.0 0.0100000000
7410.0 0.0100000000
7415.0 0.0100000000
7420.0 0.0100000000
7425.0 0.0100000000
7430.0 0.0090000000
7435.0 0.0090000000
7440.0 0.0090000000
7445.0 0.0090000000
7450.0 0.0090000000
7455.0 0.0090000000
7460.0 0.0080000000
7465.0 0.0080000000
7470.0 0.0080000000
7475.0 0.0080000000
7480.0 0.0080000000
7485.0 0.0080000000
7490.0 0.0070000000
7495.0 0.0070000000
7500.0 0.0070000000
7505.0 0.0070000000
7510.0 0.0070000000
7515.0 0.0070000000
7520.0 0.0070000000
7525.0 0.0070000000
7530.0 0.0060000000
7535.0 0.0060000000
7540.0 0.0060000000
7545.0 0.0060000000
7550.0 0.0060000000
7555.0 0.0060000000
7560.0 0.0060000000
7565.0 0.0060000000
7570.0 0.0050000000
7575.0 0.0050000000
7580.0 0.0050000000
7585.0 0.0050000000
7590.0 0.0050000000
7595.0 0.0050000000
7600.0 0.0050000000
7605.0 0.0050000000
7610.0 0.0050000000
7615.0 0.0050000000
7620.0 0.0050000000
7625.0 0.0040000000
7630.0 0.0040000000
7635.0 0.0040000000
7640.0 0.0040000000
7645.0 0.0040000000
7650.0 0.0040000000
7655.0 0.0040000000
7660.0 0.0040000000
7665.0 0.0040000000
7670.0 0.0040000000
7675.0 0.0040000000
7680.0 0.0040000000
7685.0 0.0040000000
7690.0 0.0030000000
7695.0 0.0030000000
7700.0 0.0030000000
7705.0 0.0030000000
7710.0 0.0030000000
7715.0 0.0030000000
7720.0 0.0030000000
7725.0 0.0030000000
7730.0 0.0030000000
7735.0 0.0030000000
7740.0 0.0030000000
7745.0 0.0030000000
7750.0 0.0030000000
7755.0 0.0030000000
7760.0 0.0030000000
7765.0 0.0030000000
7770.0 0.0030000000
7775.0 0.0030000000
7780.0 0.0030000000
7785.0 0.0020000000
7790.0 0.0020000000
7795.0 0.0020000000
7800.0 0.0020000000
7805.0 0.0020000000
7810.0 0.0020000000
7815.0 0.0020000000
7820.0 0.0020000000
7825.0 0.0020000000
7830.0 0.0020000000
7835.0 0.0020000000
7840.0 0.0020000000
7845.0 0.0020000000
7850.0 0.0020000000
7855.0 0.0020000000
7860.0 0.0020000000
7865.0 0.0020000000
7870.0 0.0020000000
7875.0 0.0020000000
7880.0 0.0020000000
7885.0 0.0020000000
7890.0 0.0020000000
7895.0 0.0020000000
7900.0 0.0020000000
7905.0 0.0020000000
7910.0 0.0020000000
7915.0 0.0020000000
7920.0 0.0020000000
7925.0 0.0020000000
7930.0 0.0020000000
7935.0 0.0010000000
7940.0 0.0010000000
7945.0 0.0010000000
7950.0 0.0010000000
7955.0 0.0010000000
7960.0 0.0010000000
7965.0 0.0010000000
7970.0 0.0010000000
7975.0 0.0010000000
7980.0 0.0010000000
7985.0 0.0010000000
7990.0 0.0010000000
8000.0 0.0010000000
10010.0 0.0010000000
10020.0 0.0010000000
10030.0 0.0010000000
10040.0 0.0010000000
10050.0 0.0010000000
10060.0 0.0010000000
10070.0 0.0010000000
10080.0 0.0010000000
10090.0 0.0010000000
10100.0 0.0010000000
10110.0 0.0010000000
10120.0 0.0010000000
10130.0 0.0010000000
10140.0 0.0010000000
10150.0 0.0010000000
10160.0 0.0010000000
10170.0 0.0010000000
10180.0 0.0010000000
10190.0 0.0010000000
10200.0 0.0010000000
10210.0 0.0010000000
10220.0 0.0010000000
10230.0 0.0010000000
10240.0 0.0010000000
10250.0 0.0010000000
10260.0 0.0010000000
10270.0 0.0010000000
10280.0 0.0010000000
10290.0 0.0010000000
10300.0 0.0010000000
10310.0 0.0010000000
10320.0 0.0010000000
10330.0 0.0010000000
10340.0 0.0010000000
10350.0 0.0010000000
10360.0 0.0010000000
10370.0 0.0010000000
10380.0 0.0010000000
10390.0 0.0010000000
10400.0 0.0010000000
10410.0 0.0010000000
10420.0 0.0010000000
10430.0 0.0010000000
10440.0 0.0020000000
10450.0 0.0020000000
10460.0 0.0020000000
10470.0 0.0020000000
10480.0 0.0020000000
10490.0 0.0020000000
10500.0 0.0020000000
10510.0 0.0020000000
10520.0 0.0020000000
10530.0 0.0020000000
10540.0 0.0020000000
10550.0 0.0020000000
10560.0 0.0020000000
10570.0 0.0020000000
10580.0 0.0020000000
10590.0 0.0020000000
10600.0 0.0020000000
10610.0 0.0020000000
10620.0 0.0020000000
10630.0 0.0020000000
10640.0 0.0020000000
10650.0 0.0020000000
10660.0 0.0020000000
10670.0 0.0020000000
10680.0 0.0020000000
10690.0 0.0020000000
10700.0 0.0020000000
10710.0 0.0020000000
10720.0 0.0020000000
10730.0 0.0020000000
10740.0 0.0020000000
10750.0 0.0020000000
10760.0 0.0020000000
10770.0 0.0020000000
10780.0 0.0020000000
10790.0 0.0030000000
10800.0 0.0030000000
10810.0 0.0030000000
10820.0 0.0030000000
10830.0 0.0030000000
10840.0 0.0030000000
10850.0 0.0030000000
10860.0 0.0030000000
10870.0 0.0030000000
10880.0 0.0030000000
10890.0 0.0030000000
10900.0 0.0030000000
10910.0 0.0030000000
10920.0 0.0030000000
10930.0 0.0030000000
10940.0 0.0030000000
10950.0 0.0030000000
10960.0 0.0030000000
10970.0 0.0030000000
10980.0 0.0030000000
10990.0 0.0030000000
11000.0 0.0030000000
11010.0 0.0030000000
11020.0 0.0030000000
11030.0 0.0040000000
11040.0 0.0040000000
11050.0 0.0040000000
11060.0 0.0040000000
11070.0 0.0040000000
11080.0 0.0040000000
11090.0 0.0040000000
11100.0 0.0040000000
11110.0 0.0040000000
11120.0 0.0040000000
11130.0 0.0040000000
11140.0 0.0040000000
11150.0 0.0040000000
11160.0 0.0040000000
11170.0 0.0040000000
11180.0 0.0040000000
11190.0 0.0040000000
11200.0 0.0040000000
11210.0 0.0050000000
11220.0 0.0050000000
11230.0 0.0050000000
11240.0 0.0050000000
11250.0 0.0050000000
11260.0 0.0050000000
11270.0 0.0050000000
11280.0 0.0050000000
11290.0 0.0050000000
11300.0 0.0050000000
11310.0 0.0050000000
11320.0 0.0050000000
11330.0 0.0050000000
11340.0 0.0050000000
11350.0 0.0050000000
11360.0 0.0060000000
11370.0 0.0060000000
11380.0 0.0060000000
11390.0 0.0060000000
11400.0 0.0060000000
11410.0 0.0060000000
11420.0 0.0060000000
11430.0 0.0060000000
11440.0 0.0060000000
11450.0 0.0060000000
11460.0 0.0060000000
11470.0 0.0060000000
11480.0 0.0060000000
11490.0 0.0070000000
11500.0 0.0070000000
11510.0 0.0070000000
11520.0 0.0070000000
11530.0 0.0070000000
11540.0 0.0070000000
11550.0 0.0070000000
11560.0 0.0070000000
11570.0 0.0070000000
11580.0 0.0070000000
11590.0 0.0070000000
11600.0 0.0080000000
11610.0 0.0080000000
11620.0 0.0080000000
11630.0 0.0080000000
11640.0 0.0080000000
11650.0 0.0080000000
11660.0 0.0080000000
11670.0 0.0080000000
11680.0 0.0080000000
11690.0 0.0090000000
11700.0 0.0090000000
11710.0 0.0090000000
11720.0 0.0090000000
11730.0 0.0090000000
11740.0 0.0090000000
11750.0 0.0090000000
11760.0 0.0090000000
11770.0 0.0090000000
11780.0 0.0100000000
11790.0 0.0100000000
11800.0 0.0100000000
11810.0 0.0100000000
11820.0 0.0100000000
11830.0 0.0100000000
11840.0 0.0100000000
11850.0 0.0100000000
11860.0 0.0110000000
11870.0 0.0110000000
11880.0 0.0110000000
11890.0 0.0110000000
11900.0 0.0110000000
11910.0 0.0110000000
11920.0 0.0110000000
11930.0 0.0120000000
11940.0 0.0120000000
11950.0 0.0120000000
11960.0 0.0120000000
11970.0 0.0120000000
11980.0 0.0120000000
11990.0 0.0130000000
12000.0 0.0130000000
