2900.0 0.0045000000
2920.0 0.0055000000
2940.0 0.0062000000
2960.0 0.0079000000
2980.0 0.0079000000
3000.0 0.0088000000
3020.0 0.0092000000
3040.0 0.0087000000
3060.0 0.0087000000
3080.0 0.0085000000
3100.0 0.0083000000
3120.0 0.0062000000
3140.0 0.0065000000
3160.0 0.0041000000
3180.0 0.0043000000
3200.0 0.0044000000
3220.0 0.0071000000
3240.0 0.0075000000
3260.0 0.0088000000
3280.0 0.0158000000
3300.0 0.0268000000
3320.0 0.0441000000
3340.0 0.0794000000
3360.0 0.1219000000
3380.0 0.1661000000
3400.0 0.2102000000
3420.0 0.2539000000
3440.0 0.2918000000
3460.0 0.3211000000
3480.0 0.3407000000
3500.0 0.3560000000
3520.0 0.3671000000
3540.0 0.3714000000
3560.0 0.3622000000
3580.0 0.3455000000
3600.0 0.3240000000
3620.0 0.2896000000
3640.0 0.2500000000
3660.0 0.2039000000
3680.0 0.1596000000
3700.0 0.1201000000
3720.0 0.0849000000
3740.0 0.0577000000
3760.0 0.0312000000
3780.0 0.0162000000
3800.0 0.0060000000
3820.0 0.0024000000
3840.0 0.0008000000
