6490.0 0.0000000000
6492.0 0.0005487720
6494.0 0.0005544770
6496.0 0.0005603020
6498.0 0.0007078140
6500.0 0.0009998570
6502.0 0.0011454800
6504.0 0.0011644800
6506.0 0.0011745700
6508.0 0.0012015600
6510.0 0.0015121700
6512.0 0.0018396400
6514.0 0.0024825400
6516.0 0.0029687500
6518.0 0.0031451500
6520.0 0.0045016100
6522.0 0.0054865300
6524.0 0.0071766400
6526.0 0.0080459800
6528.0 0.0112732000
6530.0 0.0140705000
6532.0 0.0202497000
6534.0 0.0269903000
6536.0 0.0419388000
6538.0 0.0588338000
6540.0 0.0946589000
6542.0 0.1344030000
6544.0 0.2145040000
6546.0 0.3051370000
6548.0 0.4470670000
6550.0 0.5615470000
6552.0 0.6927140000
6554.0 0.7538610000
6556.0 0.7820460000
6558.0 0.7950560000
6560.0 0.8012620000
6562.0 0.8050630000
6564.0 0.8053540000
6566.0 0.8044450000
6568.0 0.8011920000
6570.0 0.8011670000
6572.0 0.8027430000
6574.0 0.7924850000
6576.0 0.7769160000
6578.0 0.7381940000
6580.0 0.6612760000
6582.0 0.5517620000
6584.0 0.4145850000
6586.0 0.2984500000
6588.0 0.2001850000
6590.0 0.1348760000
6592.0 0.0889571000
6594.0 0.0612733000
6596.0 0.0416869000
6598.0 0.0301471000
6600.0 0.0215507000
6602.0 0.0158570000
6604.0 0.0132047000
6606.0 0.0092664100
6608.0 0.0072897700
6610.0 0.0060670000
6612.0 0.0053390300
6614.0 0.0043431100
6616.0 0.0043692000
6618.0 0.0033057800
6620.0 0.0033869600
6622.0 0.0034275900
6624.0 0.0023134800
6626.0 0.0023460400
6628.0 0.0014753600
6630.0 0.0012001200
6632.0 0.0006064280
6634.0 0.0003076920
6636.0 0.0000000000
6638.0 0.0000000000
6640.0 0.0000000000
