6210.0 0.0012798100
6212.0 0.0011670000
6214.0 0.0015355500
6216.0 0.0015446800
6218.0 0.0017944700
6220.0 0.0018135700
6222.0 0.0019493200
6224.0 0.0023201900
6226.0 0.0024636600
6228.0 0.0027244600
6230.0 0.0027434800
6232.0 0.0031513900
6234.0 0.0034216200
6236.0 0.0040847600
6238.0 0.0045033500
6240.0 0.0049216400
6242.0 0.0052158000
6244.0 0.0060430900
6246.0 0.0072674400
6248.0 0.0080021300
6250.0 0.0094060700
6252.0 0.0105448000
6254.0 0.0115867000
6256.0 0.0135635000
6258.0 0.0155819000
6260.0 0.0179791000
6262.0 0.0208246000
6264.0 0.0241696000
6266.0 0.0278805000
6268.0 0.0327236000
6270.0 0.0384615000
6272.0 0.0470955000
6274.0 0.0538715000
6276.0 0.0660392000
6278.0 0.0767926000
6280.0 0.0951341000
6282.0 0.1109380000
6284.0 0.1325760000
6286.0 0.1585910000
6288.0 0.1874600000
6290.0 0.2200100000
6292.0 0.2578430000
6294.0 0.2976170000
6296.0 0.3397850000
6298.0 0.3822500000
6300.0 0.4235950000
6302.0 0.4609270000
6304.0 0.5046250000
6306.0 0.5338840000
6308.0 0.5638800000
6310.0 0.5873290000
6312.0 0.5999650000
6314.0 0.6126000000
6316.0 0.6167940000
6318.0 0.6281870000
6320.0 0.6277520000
6322.0 0.6306400000
6324.0 0.6309720000
6326.0 0.6323690000
6328.0 0.6321690000
6330.0 0.6295110000
6332.0 0.6309410000
6334.0 0.6298140000
6336.0 0.6311210000
6338.0 0.6308500000
6340.0 0.6262980000
6342.0 0.6215630000
6344.0 0.6231830000
6346.0 0.6218880000
6348.0 0.6228440000
6350.0 0.6226650000
6352.0 0.6177690000
6354.0 0.6157690000
6356.0 0.6129170000
6358.0 0.6097560000
6360.0 0.6050150000
6362.0 0.5965790000
6364.0 0.5905410000
6366.0 0.5695730000
6368.0 0.5524210000
6370.0 0.5238840000
6372.0 0.4983000000
6374.0 0.4598170000
6376.0 0.4269840000
6378.0 0.3814530000
6380.0 0.3371850000
6382.0 0.2884060000
6384.0 0.2544490000
6386.0 0.2177690000
6388.0 0.1827460000
6390.0 0.1545630000
6392.0 0.1304780000
6394.0 0.1085970000
6396.0 0.0916709000
6398.0 0.0778458000
6400.0 0.0659624000
6402.0 0.0556567000
6404.0 0.0472441000
6406.0 0.0397456000
6408.0 0.0326552000
6410.0 0.0287653000
6412.0 0.0246846000
6414.0 0.0207814000
6416.0 0.0181767000
6418.0 0.0148459000
6420.0 0.0130275000
6422.0 0.0117243000
6424.0 0.0101127000
6426.0 0.0087693700
6428.0 0.0082766800
6430.0 0.0074693800
6432.0 0.0060331800
6434.0 0.0057926800
6436.0 0.0058389700
6438.0 0.0046699900
6440.0 0.0040816300
6442.0 0.0037986700
6444.0 0.0035245100
6446.0 0.0032278900
6448.0 0.0032457000
6450.0 0.0019756300
6452.0 0.0026675600
6454.0 0.0016835000
6456.0 0.0020366600
6458.0 0.0020661200
6460.0 0.0020876800
6462.0 0.0017587100
6464.0 0.0014250100
6466.0 0.0007191660
6468.0 0.0007262160
6470.0 0.0011001100
