6050.0 0.0028565200
6055.0 0.0044454300
6060.0 0.0057640100
6065.0 0.0073504100
6070.0 0.0092753600
6075.0 0.0121333000
6080.0 0.0155057000
6085.0 0.0198526000
6090.0 0.0249334000
6095.0 0.0304657000
6100.0 0.0372069000
6105.0 0.0452021000
6110.0 0.0544405000
6115.0 0.0659958000
6120.0 0.0781563000
6125.0 0.0908098000
6130.0 0.1067400000
6135.0 0.1218340000
6140.0 0.1398190000
6145.0 0.1601130000
6150.0 0.1799580000
6155.0 0.2001230000
6160.0 0.2230370000
6165.0 0.2361260000
6170.0 0.2607920000
6175.0 0.2832170000
6180.0 0.3053960000
6185.0 0.3226860000
6190.0 0.3409730000
6195.0 0.3602210000
6200.0 0.3923170000
6205.0 0.4000000000
6210.0 0.4182790000
6215.0 0.4382660000
6220.0 0.4512480000
6225.0 0.4700000000
6230.0 0.4961940000
6235.0 0.5140960000
6240.0 0.5324930000
6245.0 0.5468900000
6250.0 0.5698820000
6255.0 0.5802110000
6260.0 0.6012100000
6265.0 0.6131620000
6270.0 0.6284050000
6275.0 0.6464180000
6280.0 0.6599310000
6285.0 0.6729450000
6290.0 0.6892160000
6295.0 0.7005660000
6300.0 0.7087360000
6305.0 0.7275900000
6310.0 0.7422750000
6315.0 0.7475520000
6320.0 0.7627560000
6325.0 0.7753000000
6330.0 0.7838780000
6335.0 0.7935280000
6340.0 0.8068710000
6345.0 0.8098590000
6350.0 0.8202840000
6355.0 0.8348610000
6360.0 0.8344050000
6365.0 0.8467870000
6370.0 0.8542890000
6375.0 0.8682300000
6380.0 0.8696840000
6385.0 0.8790430000
6390.0 0.8843540000
6395.0 0.8909830000
6400.0 0.9017160000
6405.0 0.9018390000
6410.0 0.9055940000
6415.0 0.9131350000
6420.0 0.9124380000
6425.0 0.9214380000
6430.0 0.9170190000
6435.0 0.9202140000
6440.0 0.9218320000
6445.0 0.9206520000
6450.0 0.9277150000
6455.0 0.9302240000
6460.0 0.9301600000
6465.0 0.9274840000
6470.0 0.9303090000
6475.0 0.9364670000
6480.0 0.9406630000
6485.0 0.9294010000
6490.0 0.9353650000
6495.0 0.9344730000
6500.0 0.9320060000
6505.0 0.9365320000
6510.0 0.9257170000
6515.0 0.9365670000
6520.0 0.9427170000
6525.0 0.9377090000
6530.0 0.9304450000
6535.0 0.9367990000
6540.0 0.9337790000
6545.0 0.9320020000
6550.0 0.9202030000
6555.0 0.9383700000
6560.0 0.9296930000
6565.0 0.9339890000
6570.0 0.9356010000
6575.0 0.9374530000
6580.0 0.9200600000
6585.0 0.9378930000
6590.0 0.9298390000
6595.0 0.9273930000
6600.0 0.9363640000
6605.0 0.9303010000
6610.0 0.9241070000
6615.0 0.9341820000
6620.0 0.9211220000
6625.0 0.9235680000
6630.0 0.9384830000
6635.0 0.9197730000
6640.0 0.9179810000
6645.0 0.9209740000
6650.0 0.9202230000
6655.0 0.9176020000
6660.0 0.9171920000
6665.0 0.9174270000
6670.0 0.9112930000
6675.0 0.9156510000
6680.0 0.9120170000
6685.0 0.9081730000
6690.0 0.9072940000
6695.0 0.9028820000
6700.0 0.9068290000
6705.0 0.9035900000
6710.0 0.9021210000
6715.0 0.8979350000
6720.0 0.8907830000
6725.0 0.8913380000
6730.0 0.8879960000
6735.0 0.8834120000
6740.0 0.8921090000
6745.0 0.8868200000
6750.0 0.8783330000
6755.0 0.8746050000
6760.0 0.8818120000
6765.0 0.8777930000
6770.0 0.8704940000
6775.0 0.8669090000
6780.0 0.8701690000
6785.0 0.8670790000
6790.0 0.8657320000
6795.0 0.8599340000
6800.0 0.8574490000
6805.0 0.8553740000
6810.0 0.8499090000
6815.0 0.8466260000
6820.0 0.8450220000
6825.0 0.8513030000
6830.0 0.8467990000
6835.0 0.8405440000
6840.0 0.8383790000
6845.0 0.8451640000
6850.0 0.8402390000
6855.0 0.8332540000
6860.0 0.8303750000
6865.0 0.8359900000
6870.0 0.8360830000
6875.0 0.8423700000
6880.0 0.8348730000
6885.0 0.8248650000
6890.0 0.8334380000
6895.0 0.8359480000
6900.0 0.8344730000
6905.0 0.8338070000
6910.0 0.8403550000
6915.0 0.8370140000
6920.0 0.8442490000
6925.0 0.8400990000
6930.0 0.8334770000
6935.0 0.8379840000
6940.0 0.8434300000
6945.0 0.8496090000
6950.0 0.8515150000
6955.0 0.8465550000
6960.0 0.8414240000
6965.0 0.8607020000
6970.0 0.8543120000
6975.0 0.8654550000
6980.0 0.8611110000
6985.0 0.8657110000
6990.0 0.8702700000
6995.0 0.8743020000
7000.0 0.8918130000
7005.0 0.8930720000
7010.0 0.8930820000
7015.0 0.8949100000
7020.0 0.8954470000
7025.0 0.9040140000
7030.0 0.9068100000
7035.0 0.9060150000
7040.0 0.9023440000
7045.0 0.9222900000
7050.0 0.9243700000
7055.0 0.9299780000
7060.0 0.9315070000
7065.0 0.9386790000
7070.0 0.9346250000
7075.0 0.9215190000
7080.0 0.9421050000
7085.0 0.9320650000
7090.0 0.9243700000
7095.0 0.9329450000
7100.0 0.9305140000
7105.0 0.9130430000
7110.0 0.9255660000
7115.0 0.9515570000
7120.0 0.8940400000
7125.0 0.8989440000
7130.0 0.9133290000
7135.0 0.8959520000
7140.0 0.8559650000
7145.0 0.8593170000
7150.0 0.8662960000
7155.0 0.8477590000
7160.0 0.8011100000
7165.0 0.7806980000
7170.0 0.7661890000
7175.0 0.7769110000
7180.0 0.7573290000
7185.0 0.7051790000
7190.0 0.6772520000
7195.0 0.6915720000
7200.0 0.6658420000
7205.0 0.6084720000
7210.0 0.5950630000
7215.0 0.5986250000
7220.0 0.5703070000
7225.0 0.5183820000
7230.0 0.4996130000
7235.0 0.4753580000
7240.0 0.4785830000
7245.0 0.4532190000
7250.0 0.4167420000
7255.0 0.4152160000
7260.0 0.4020700000
7265.0 0.3889830000
7270.0 0.3480960000
7275.0 0.3395250000
7280.0 0.3323290000
7285.0 0.3221530000
7290.0 0.3198040000
7295.0 0.2669450000
7300.0 0.2618580000
7305.0 0.2615960000
7310.0 0.2540790000
7315.0 0.2210290000
7320.0 0.2175270000
7325.0 0.2201110000
7330.0 0.1995170000
7335.0 0.1821270000
7340.0 0.1803930000
7345.0 0.1784770000
7350.0 0.1758740000
7355.0 0.1652130000
7360.0 0.1466740000
7365.0 0.1490720000
7370.0 0.1440330000
7375.0 0.1267350000
7380.0 0.1190100000
7385.0 0.1218490000
7390.0 0.1224780000
7395.0 0.1254050000
7400.0 0.1022900000
7405.0 0.0988655000
7410.0 0.1009360000
7415.0 0.0976529000
7420.0 0.0897090000
7425.0 0.0781906000
7430.0 0.0847513000
7435.0 0.0858896000
7440.0 0.0678733000
7445.0 0.0727743000
7450.0 0.0726022000
7455.0 0.0689793000
7460.0 0.0617082000
7465.0 0.0756920000
7470.0 0.0734767000
7475.0 0.0693533000
7480.0 0.0618306000
7485.0 0.0539315000
7490.0 0.0572193000
7495.0 0.0489929000
7500.0 0.0576155000
7505.0 0.0737656000
7510.0 0.0503686000
7515.0 0.0611719000
7520.0 0.0491467000
7525.0 0.0555556000
7530.0 0.0398262000
7535.0 0.0391861000
7540.0 0.0558615000
7545.0 0.0429752000
7550.0 0.0463287000
7555.0 0.0541516000
7560.0 0.0499093000
7565.0 0.0460460000
7570.0 0.0541872000
7575.0 0.0468262000
7580.0 0.0327350000
7585.0 0.0358381000
7590.0 0.0509479000
7595.0 0.0521628000
7600.0 0.0576687000
7605.0 0.0500000000
7610.0 0.0550000000
7615.0 0.0500000000
7620.0 0.0400000000
7625.0 0.0400000000
7630.0 0.0300000000
7635.0 0.0200000000
7640.0 0.0100000000
7645.0 0.0000000000
7650.0 0.0000000000
7655.0 0.0000000000
7660.0 0.0000000000
7665.0 0.0000000000
7670.0 0.0000000000
7675.0 0.0000000000
7680.0 0.0000000000
7685.0 0.0000000000
7690.0 0.0000000000
7695.0 0.0000000000
7700.0 0.0000000000
