4200.0 0.0122000000
4210.0 0.0202000000
4220.0 0.0322000000
4230.0 0.0536000000
4240.0 0.1030000000
4250.0 0.1871000000
4260.0 0.3188000000
4270.0 0.4632000000
4280.0 0.5373000000
4290.0 0.5734000000
4300.0 0.5779000000
4310.0 0.5959000000
4320.0 0.6053000000
4330.0 0.6134000000
4340.0 0.6313000000
4350.0 0.6339000000
4360.0 0.6407000000
4370.0 0.6488000000
4380.0 0.6594000000
4390.0 0.6685000000
4400.0 0.6736000000
4410.0 0.6826000000
4420.0 0.6871000000
4430.0 0.6913000000
4440.0 0.6912000000
4450.0 0.6931000000
4460.0 0.6916000000
4470.0 0.6809000000
4480.0 0.6559000000
4490.0 0.5936000000
4500.0 0.5036000000
4510.0 0.3761000000
4520.0 0.2504000000
4530.0 0.1635000000
4540.0 0.1005000000
4550.0 0.0636000000
4560.0 0.0371000000
4570.0 0.0228000000
4580.0 0.0154000000
4590.0 0.0097000000
4600.0 0.0066000000
