3300.0 0.0010000000
3302.0 0.0010000000
3304.0 0.0040000000
3306.0 0.0040000000
3308.0 0.0040000000
3310.0 0.0090000000
3312.0 0.0040000000
3314.0 0.0040000000
3316.0 0.0130000000
3318.0 0.0130000000
3320.0 0.0130000000
3322.0 0.0130000000
3324.0 0.0170000000
3326.0 0.0210000000
3328.0 0.0250000000
3330.0 0.0340000000
3332.0 0.0380000000
3334.0 0.0460000000
3336.0 0.0540000000
3338.0 0.0660000000
3340.0 0.0780000000
3342.0 0.0890000000
3344.0 0.1080000000
3346.0 0.1350000000
3348.0 0.1640000000
3350.0 0.1860000000
3352.0 0.2110000000
3354.0 0.2310000000
3356.0 0.2450000000
3358.0 0.2530000000
3360.0 0.2620000000
3362.0 0.2600000000
3364.0 0.2610000000
3366.0 0.2580000000
3368.0 0.2560000000
3370.0 0.2540000000
3372.0 0.2510000000
3374.0 0.2500000000
3376.0 0.2470000000
3378.0 0.2480000000
3380.0 0.2430000000
3382.0 0.2410000000
3384.0 0.2440000000
3386.0 0.2440000000
3388.0 0.2450000000
3390.0 0.2450000000
3392.0 0.2470000000
3394.0 0.2520000000
3396.0 0.2470000000
3398.0 0.2520000000
3400.0 0.2510000000
3402.0 0.2590000000
3404.0 0.2620000000
3406.0 0.2590000000
3408.0 0.2600000000
3410.0 0.2680000000
3412.0 0.2720000000
3414.0 0.2720000000
3416.0 0.2730000000
3418.0 0.2740000000
3420.0 0.2750000000
3422.0 0.2790000000
3424.0 0.2800000000
3426.0 0.2790000000
3428.0 0.2770000000
3430.0 0.2750000000
3432.0 0.2770000000
3434.0 0.2790000000
3436.0 0.2760000000
3438.0 0.2770000000
3440.0 0.2730000000
3442.0 0.2720000000
3444.0 0.2730000000
3446.0 0.2690000000
3448.0 0.2720000000
3450.0 0.2700000000
3452.0 0.2700000000
3454.0 0.2670000000
3456.0 0.2680000000
3458.0 0.2660000000
3460.0 0.2570000000
3462.0 0.2620000000
3464.0 0.2600000000
3466.0 0.2590000000
3468.0 0.2570000000
3470.0 0.2590000000
3472.0 0.2650000000
3474.0 0.2570000000
3476.0 0.2590000000
3478.0 0.2560000000
3480.0 0.2530000000
3482.0 0.2560000000
3484.0 0.2520000000
3486.0 0.2530000000
3488.0 0.2510000000
3490.0 0.2520000000
3492.0 0.2450000000
3494.0 0.2480000000
3496.0 0.2400000000
3498.0 0.2430000000
3500.0 0.2420000000
3502.0 0.2400000000
3504.0 0.2420000000
3506.0 0.2370000000
3508.0 0.2420000000
3510.0 0.2370000000
3512.0 0.2380000000
3514.0 0.2360000000
3516.0 0.2370000000
3518.0 0.2370000000
3520.0 0.2330000000
3522.0 0.2350000000
3524.0 0.2310000000
3526.0 0.2330000000
3528.0 0.2330000000
3530.0 0.2310000000
3532.0 0.2320000000
3534.0 0.2300000000
3536.0 0.2310000000
3538.0 0.2250000000
3540.0 0.2280000000
3542.0 0.2250000000
3544.0 0.2260000000
3546.0 0.2240000000
3548.0 0.2260000000
3550.0 0.2270000000
3552.0 0.2250000000
3554.0 0.2190000000
3556.0 0.2230000000
3558.0 0.2190000000
3560.0 0.2230000000
3562.0 0.2210000000
3564.0 0.2220000000
3566.0 0.2210000000
3568.0 0.2200000000
3570.0 0.2210000000
3572.0 0.2190000000
3574.0 0.2220000000
3576.0 0.2230000000
3578.0 0.2220000000
3580.0 0.2240000000
3582.0 0.2240000000
3584.0 0.2250000000
3586.0 0.2210000000
3588.0 0.2190000000
3590.0 0.2230000000
3592.0 0.2270000000
3594.0 0.2230000000
3596.0 0.2250000000
3598.0 0.2260000000
3600.0 0.2280000000
3602.0 0.2260000000
3604.0 0.2220000000
3606.0 0.2360000000
3608.0 0.2350000000
3610.0 0.2170000000
3612.0 0.2310000000
3614.0 0.2290000000
3616.0 0.2270000000
3618.0 0.2320000000
3620.0 0.2290000000
3622.0 0.2340000000
3624.0 0.2340000000
3626.0 0.2300000000
3628.0 0.2290000000
3630.0 0.2170000000
3632.0 0.2300000000
3634.0 0.2270000000
3636.0 0.2300000000
3638.0 0.2290000000
3640.0 0.2260000000
3642.0 0.2240000000
3644.0 0.2230000000
3646.0 0.2220000000
3648.0 0.2200000000
3650.0 0.2190000000
3652.0 0.2150000000
3654.0 0.2120000000
3656.0 0.2130000000
3658.0 0.2120000000
3660.0 0.2070000000
3662.0 0.2060000000
3664.0 0.2080000000
3666.0 0.2030000000
3668.0 0.2010000000
3670.0 0.2000000000
3672.0 0.1990000000
3674.0 0.1960000000
3676.0 0.1970000000
3678.0 0.1930000000
3680.0 0.1950000000
3682.0 0.1910000000
3684.0 0.1910000000
3686.0 0.1890000000
3688.0 0.1900000000
3690.0 0.1910000000
3692.0 0.1900000000
3694.0 0.1910000000
3696.0 0.1900000000
3698.0 0.1940000000
3700.0 0.1900000000
3702.0 0.1890000000
3704.0 0.1900000000
3706.0 0.1930000000
3708.0 0.1910000000
3710.0 0.1910000000
3712.0 0.1910000000
3714.0 0.1910000000
3716.0 0.1890000000
3718.0 0.1880000000
3720.0 0.1880000000
3722.0 0.1810000000
3724.0 0.1770000000
3726.0 0.1700000000
3728.0 0.1600000000
3730.0 0.1510000000
3732.0 0.1380000000
3734.0 0.1240000000
3736.0 0.1110000000
3738.0 0.1020000000
3740.0 0.0910000000
3742.0 0.0800000000
3744.0 0.0700000000
3746.0 0.0620000000
3748.0 0.0530000000
3750.0 0.0470000000
3752.0 0.0410000000
3754.0 0.0350000000
3756.0 0.0310000000
3758.0 0.0270000000
3760.0 0.0240000000
3762.0 0.0220000000
3764.0 0.0180000000
3766.0 0.0160000000
3768.0 0.0140000000
3770.0 0.0120000000
3772.0 0.0110000000
3774.0 0.0100000000
3776.0 0.0080000000
3778.0 0.0080000000
3780.0 0.0070000000
3782.0 0.0060000000
3784.0 0.0050000000
3786.0 0.0050000000
3788.0 0.0040000000
3790.0 0.0030000000
3792.0 0.0030000000
3794.0 0.0030000000
3796.0 0.0020000000
3798.0 0.0020000000
3800.0 0.0020000000
