3000.0 0.0048886500
3002.0 0.0064690000
3004.0 0.0085744900
3006.0 0.0095339000
3008.0 0.0103627000
3010.0 0.0122324000
3012.0 0.0156014000
3014.0 0.0177602000
3016.0 0.0214844000
3018.0 0.0250000000
3020.0 0.0306367000
3022.0 0.0365682000
3024.0 0.0454335000
3026.0 0.0551217000
3028.0 0.0621034000
3030.0 0.0794434000
3032.0 0.0938865000
3034.0 0.1189660000
3036.0 0.1436440000
3038.0 0.1762000000
3040.0 0.2109600000
3042.0 0.2492880000
3044.0 0.2846280000
3046.0 0.3169290000
3048.0 0.3378480000
3050.0 0.3536170000
3052.0 0.3656600000
3054.0 0.3725420000
3056.0 0.3700700000
3058.0 0.3773930000
3060.0 0.3776100000
3062.0 0.3730440000
3064.0 0.3707080000
3066.0 0.3695500000
3068.0 0.3629600000
3070.0 0.3663530000
3072.0 0.3680030000
3074.0 0.3591570000
3076.0 0.3615380000
3078.0 0.3571200000
3080.0 0.3579670000
3082.0 0.3606410000
3084.0 0.3570780000
3086.0 0.3559170000
3088.0 0.3543590000
3090.0 0.3521660000
3092.0 0.3498980000
3094.0 0.3414220000
3096.0 0.3425400000
3098.0 0.3368800000
3100.0 0.3289290000
3102.0 0.3224670000
3104.0 0.3097530000
3106.0 0.2999470000
3108.0 0.2770680000
3110.0 0.2674660000
3112.0 0.2483930000
3114.0 0.2265110000
3116.0 0.2064730000
3118.0 0.1818630000
3120.0 0.1591410000
3122.0 0.1351670000
3124.0 0.1080440000
3126.0 0.0906549000
3128.0 0.0781609000
3130.0 0.0671964000
3132.0 0.0578048000
3134.0 0.0478830000
3136.0 0.0422349000
3138.0 0.0360847000
3140.0 0.0307495000
3142.0 0.0270270000
3144.0 0.0220892000
3146.0 0.0191747000
3148.0 0.0171394000
3150.0 0.0146675000
3152.0 0.0118694000
3154.0 0.0109354000
3156.0 0.0092521200
3158.0 0.0083761700
3160.0 0.0075258700
3162.0 0.0066889600
3164.0 0.0058672500
3166.0 0.0050614600
3168.0 0.0044626900
3170.0 0.0042223800
3172.0 0.0034536400
3174.0 0.0034542300
3176.0 0.0027444300
3178.0 0.0027036200
3180.0 0.0023140500
3182.0 0.0019785700
3184.0 0.0019582200
3186.0 0.0019354800
3188.0 0.0019044600
3190.0 0.0017219800
3192.0 0.0015527900
3194.0 0.0013753100
3196.0 0.0013558300
3198.0 0.0012003000
3200.0 0.0011841300
