4400.0 0.0010000000
4405.0 0.0010000000
4410.0 0.0020000000
4415.0 0.0030000000
4420.0 0.0050000000
4425.0 0.0070000000
4430.0 0.0100000000
4435.0 0.0140000000
4440.0 0.0200000000
4445.0 0.0270000000
4450.0 0.0350000000
4455.0 0.0460000000
4460.0 0.0580000000
4465.0 0.0710000000
4470.0 0.0870000000
4475.0 0.1050000000
4480.0 0.1230000000
4485.0 0.1450000000
4490.0 0.1670000000
4495.0 0.1890000000
4500.0 0.2150000000
4505.0 0.2400000000
4510.0 0.2650000000
4515.0 0.2910000000
4520.0 0.3170000000
4525.0 0.3440000000
4530.0 0.3700000000
4535.0 0.3950000000
4540.0 0.4200000000
4545.0 0.4440000000
4550.0 0.4680000000
4555.0 0.4900000000
4560.0 0.5120000000
4565.0 0.5330000000
4570.0 0.5530000000
4575.0 0.5720000000
4580.0 0.5900000000
4585.0 0.6070000000
4590.0 0.6230000000
4595.0 0.6390000000
4600.0 0.6530000000
4605.0 0.6650000000
4610.0 0.6770000000
4615.0 0.6890000000
4620.0 0.7000000000
4625.0 0.7110000000
4630.0 0.7220000000
4635.0 0.7320000000
4640.0 0.7400000000
4645.0 0.7490000000
4650.0 0.7580000000
4655.0 0.7650000000
4660.0 0.7730000000
4665.0 0.7790000000
4670.0 0.7860000000
4675.0 0.7920000000
4680.0 0.7980000000
4685.0 0.8030000000
4690.0 0.8080000000
4695.0 0.8120000000
4700.0 0.8170000000
4705.0 0.8210000000
4710.0 0.8250000000
4715.0 0.8280000000
4720.0 0.8320000000
4725.0 0.8350000000
4730.0 0.8380000000
4735.0 0.8410000000
4740.0 0.8440000000
4745.0 0.8460000000
4750.0 0.8490000000
4755.0 0.8510000000
4760.0 0.8530000000
4765.0 0.8550000000
4770.0 0.8570000000
4775.0 0.8590000000
4780.0 0.8610000000
4785.0 0.8630000000
4790.0 0.8640000000
4795.0 0.8660000000
4800.0 0.8670000000
4805.0 0.8680000000
4810.0 0.8700000000
4815.0 0.8710000000
4820.0 0.8720000000
4825.0 0.8730000000
4830.0 0.8740000000
4835.0 0.8750000000
4840.0 0.8750000000
4845.0 0.8760000000
4850.0 0.8770000000
4855.0 0.8780000000
4860.0 0.8780000000
4865.0 0.8790000000
4870.0 0.8790000000
4875.0 0.8800000000
4880.0 0.8800000000
4885.0 0.8810000000
4890.0 0.8810000000
4895.0 0.8820000000
4900.0 0.8820000000
4905.0 0.8820000000
4910.0 0.8820000000
4915.0 0.8820000000
4920.0 0.8820000000
4925.0 0.8820000000
4930.0 0.8820000000
4935.0 0.8820000000
4940.0 0.8820000000
4945.0 0.8820000000
4950.0 0.8820000000
4955.0 0.8820000000
4960.0 0.8810000000
4965.0 0.8810000000
4970.0 0.8810000000
4975.0 0.8800000000
4980.0 0.8800000000
4985.0 0.8790000000
4990.0 0.8790000000
4995.0 0.8780000000
5000.0 0.8780000000
5005.0 0.8770000000
5010.0 0.8760000000
5015.0 0.8750000000
5020.0 0.8750000000
5025.0 0.8740000000
5030.0 0.8730000000
5035.0 0.8720000000
5040.0 0.8710000000
5045.0 0.8700000000
5050.0 0.8690000000
5055.0 0.8680000000
5060.0 0.8660000000
5065.0 0.8650000000
5070.0 0.8640000000
5075.0 0.8620000000
5080.0 0.8610000000
5085.0 0.8590000000
5090.0 0.8580000000
5095.0 0.8560000000
5100.0 0.8550000000
5105.0 0.8530000000
5110.0 0.8510000000
5115.0 0.8490000000
5120.0 0.8470000000
5125.0 0.8450000000
5130.0 0.8430000000
5135.0 0.8410000000
5140.0 0.8390000000
5145.0 0.8370000000
5150.0 0.8340000000
5155.0 0.8320000000
5160.0 0.8290000000
5165.0 0.8270000000
5170.0 0.8240000000
5175.0 0.8220000000
5180.0 0.8190000000
5185.0 0.8160000000
5190.0 0.8130000000
5195.0 0.8100000000
5200.0 0.8070000000
5205.0 0.8040000000
5210.0 0.8010000000
5215.0 0.7980000000
5220.0 0.7950000000
5225.0 0.7910000000
5230.0 0.7880000000
5235.0 0.7840000000
5240.0 0.7810000000
5245.0 0.7770000000
5250.0 0.7730000000
5255.0 0.7700000000
5260.0 0.7660000000
5265.0 0.7620000000
5270.0 0.7580000000
5275.0 0.7540000000
5280.0 0.7500000000
5285.0 0.7450000000
5290.0 0.7410000000
5295.0 0.7360000000
5300.0 0.7320000000
5305.0 0.7270000000
5310.0 0.7220000000
5315.0 0.7170000000
5320.0 0.7120000000
5325.0 0.7070000000
5330.0 0.7020000000
5335.0 0.6970000000
5340.0 0.6920000000
5345.0 0.6860000000
5350.0 0.6810000000
5355.0 0.6750000000
5360.0 0.6700000000
5365.0 0.6640000000
5370.0 0.6590000000
5375.0 0.6530000000
5380.0 0.6470000000
5385.0 0.6410000000
5390.0 0.6350000000
5395.0 0.6290000000
5400.0 0.6230000000
5405.0 0.6170000000
5410.0 0.6110000000
5415.0 0.6040000000
5420.0 0.5980000000
5425.0 0.5910000000
5430.0 0.5850000000
5435.0 0.5790000000
5440.0 0.5720000000
5445.0 0.5650000000
5450.0 0.5590000000
5455.0 0.5520000000
5460.0 0.5450000000
5465.0 0.5380000000
5470.0 0.5320000000
5475.0 0.5260000000
5480.0 0.5190000000
5485.0 0.5120000000
5490.0 0.5050000000
5495.0 0.4980000000
5500.0 0.4910000000
5505.0 0.4830000000
5510.0 0.4760000000
5515.0 0.4690000000
5520.0 0.4610000000
5525.0 0.4540000000
5530.0 0.4460000000
5535.0 0.4390000000
5540.0 0.4320000000
5545.0 0.4240000000
5550.0 0.4170000000
5555.0 0.4100000000
5560.0 0.4020000000
5565.0 0.3950000000
5570.0 0.3880000000
5575.0 0.3800000000
5580.0 0.3730000000
5585.0 0.3660000000
5590.0 0.3590000000
5595.0 0.3520000000
5600.0 0.3440000000
5605.0 0.3370000000
5610.0 0.3300000000
5615.0 0.3230000000
5620.0 0.3160000000
5625.0 0.3100000000
5630.0 0.3030000000
5635.0 0.2960000000
5640.0 0.2890000000
5645.0 0.2820000000
5650.0 0.2750000000
5655.0 0.2690000000
5660.0 0.2620000000
5665.0 0.2560000000
5670.0 0.2490000000
5675.0 0.2430000000
5680.0 0.2370000000
5685.0 0.2310000000
5690.0 0.2260000000
5695.0 0.2190000000
5700.0 0.2130000000
5705.0 0.2080000000
5710.0 0.2020000000
5715.0 0.1960000000
5720.0 0.1900000000
5725.0 0.1850000000
5730.0 0.1790000000
5735.0 0.1730000000
5740.0 0.1680000000
5745.0 0.1620000000
5750.0 0.1570000000
5755.0 0.1520000000
5760.0 0.1470000000
5765.0 0.1420000000
5770.0 0.1380000000
5775.0 0.1330000000
5780.0 0.1290000000
5785.0 0.1240000000
5790.0 0.1200000000
5795.0 0.1150000000
5800.0 0.1110000000
5805.0 0.1070000000
5810.0 0.1030000000
5815.0 0.1000000000
5820.0 0.0960000000
5825.0 0.0920000000
5830.0 0.0890000000
5835.0 0.0850000000
5840.0 0.0820000000
5845.0 0.0790000000
5850.0 0.0760000000
5855.0 0.0730000000
5860.0 0.0700000000
5865.0 0.0670000000
5870.0 0.0640000000
5875.0 0.0610000000
5880.0 0.0590000000
5885.0 0.0560000000
5890.0 0.0540000000
5895.0 0.0510000000
5900.0 0.0490000000
5905.0 0.0470000000
5910.0 0.0450000000
5915.0 0.0430000000
5920.0 0.0410000000
5925.0 0.0390000000
5930.0 0.0370000000
5935.0 0.0360000000
5940.0 0.0340000000
5945.0 0.0320000000
5950.0 0.0310000000
5955.0 0.0290000000
5960.0 0.0280000000
5965.0 0.0260000000
5970.0 0.0250000000
5975.0 0.0230000000
5980.0 0.0220000000
5985.0 0.0210000000
5990.0 0.0200000000
5995.0 0.0190000000
6000.0 0.0180000000
6005.0 0.0170000000
6010.0 0.0160000000
6015.0 0.0150000000
6020.0 0.0140000000
6025.0 0.0130000000
6030.0 0.0130000000
6035.0 0.0120000000
6040.0 0.0110000000
6045.0 0.0110000000
6050.0 0.0100000000
6055.0 0.0090000000
6060.0 0.0090000000
6065.0 0.0080000000
6070.0 0.0080000000
6075.0 0.0070000000
6080.0 0.0070000000
6085.0 0.0060000000
6090.0 0.0060000000
6095.0 0.0060000000
6100.0 0.0050000000
6105.0 0.0050000000
6110.0 0.0050000000
6115.0 0.0040000000
6120.0 0.0040000000
6125.0 0.0040000000
6130.0 0.0040000000
6135.0 0.0030000000
6140.0 0.0030000000
6145.0 0.0030000000
6150.0 0.0030000000
6155.0 0.0020000000
6160.0 0.0020000000
6165.0 0.0020000000
6170.0 0.0020000000
6175.0 0.0020000000
6180.0 0.0020000000
6185.0 0.0020000000
6190.0 0.0010000000
6195.0 0.0010000000
6200.0 0.0010000000
6205.0 0.0010000000
6210.0 0.0010000000
6215.0 0.0010000000
6220.0 0.0010000000
6225.0 0.0010000000
6230.0 0.0010000000
6235.0 0.0010000000
6240.0 0.0010000000
6245.0 0.0010000000
6250.0 0.0010000000
6255.0 0.0010000000
6260.0 0.0000000000
6265.0 0.0000000000
6270.0 0.0000000000
6275.0 0.0000000000
6280.0 0.0000000000
6285.0 0.0000000000
6290.0 0.0000000000
6295.0 0.0000000000
6300.0 0.0000000000
