6933.0 0.0000000000
6935.0 0.0050000000
6937.0 0.0070000000
6939.0 0.0080000000
6941.0 0.0090000000
6943.0 0.0155600000
6945.0 0.0156900000
6947.0 0.0134100000
6949.0 0.0152700000
6951.0 0.0135700000
6953.0 0.0153000000
6955.0 0.0190000000
6957.0 0.0190000000
6959.0 0.0197000000
6961.0 0.0220000000
6963.0 0.0140000000
6965.0 0.0266000000
6967.0 0.0300000000
6969.0 0.0325000000
6971.0 0.0381000000
6973.0 0.0399500000
6975.0 0.0510400000
6977.0 0.0508500000
6979.0 0.0643900000
6981.0 0.0838100000
6983.0 0.0979300000
6985.0 0.1090000000
6987.0 0.1268000000
6989.0 0.1545600000
6991.0 0.1791100000
6993.0 0.2170700000
6995.0 0.2490700000
6997.0 0.2843900000
6999.0 0.3638100000
7001.0 0.3970700000
7003.0 0.4267400000
7005.0 0.4709100000
7007.0 0.5537000000
7009.0 0.5843700000
7011.0 0.6316700000
7013.0 0.6696600000
7015.0 0.7029000000
7017.0 0.7191400000
7019.0 0.7389000000
7021.0 0.7642900000
7023.0 0.7716400000
7025.0 0.7838000000
7027.0 0.8128000000
7029.0 0.8036000000
7031.0 0.7982100000
7033.0 0.8060000000
7035.0 0.8075500000
7037.0 0.7960000000
7039.0 0.8079700000
7041.0 0.8061600000
7043.0 0.8010900000
7045.0 0.7907000000
7047.0 0.8021000000
7049.0 0.7974900000
7051.0 0.7928600000
7053.0 0.7953700000
7055.0 0.7901200000
7057.0 0.7957800000
7059.0 0.8010000000
7061.0 0.8066000000
7063.0 0.8035000000
7065.0 0.8000000000
7067.0 0.7906600000
7069.0 0.7820000000
7071.0 0.7693600000
7073.0 0.7556000000
7075.0 0.6984600000
7077.0 0.6678500000
7079.0 0.6284000000
7081.0 0.5655900000
7083.0 0.5034000000
7085.0 0.4353700000
7087.0 0.3648700000
7089.0 0.3372700000
7091.0 0.2727000000
7093.0 0.2470000000
7095.0 0.2030200000
7097.0 0.1533300000
7099.0 0.1316700000
7101.0 0.1175500000
7103.0 0.0894000000
7105.0 0.0794700000
7107.0 0.0743900000
7109.0 0.0546400000
7111.0 0.0529800000
7113.0 0.0411900000
7115.0 0.0428300000
7117.0 0.0328900000
7119.0 0.0330000000
7121.0 0.0262000000
7123.0 0.0228800000
7125.0 0.0196400000
7127.0 0.0194800000
7129.0 0.0190000000
7131.0 0.0162000000
7133.0 0.0178000000
7135.0 0.0129700000
7137.0 0.0129000000
7139.0 0.0128000000
7141.0 0.0144000000
7143.0 0.0127600000
7145.0 0.0090000000
7147.0 0.0079000000
