4970.0 0.0028328600
4972.0 0.0025356600
4974.0 0.0031211000
4976.0 0.0024945400
4978.0 0.0012464900
4980.0 0.0017809400
4982.0 0.0000000000
4984.0 0.0006153850
4986.0 0.0000000000
4988.0 0.0000000000
4990.0 0.0012113900
4992.0 0.0009030700
4994.0 0.0000000000
4996.0 0.0012150700
4998.0 0.0015110300
5000.0 0.0009208100
5002.0 0.0018552900
5004.0 0.0006119950
5006.0 0.0006151950
5008.0 0.0000000000
5010.0 0.0012638200
5012.0 0.0015634800
5014.0 0.0018315000
5016.0 0.0015552100
5018.0 0.0008955220
5020.0 0.0023781200
5022.0 0.0032963700
5024.0 0.0047590700
5026.0 0.0070838200
5028.0 0.0067946800
5030.0 0.0085798800
5032.0 0.0107946000
5034.0 0.0153476000
5036.0 0.0195548000
5038.0 0.0232212000
5040.0 0.0272754000
5042.0 0.0348288000
5044.0 0.0416667000
5046.0 0.0530760000
5048.0 0.0651652000
5050.0 0.0821097000
5052.0 0.0967253000
5054.0 0.1214840000
5056.0 0.1461830000
5058.0 0.1707240000
5060.0 0.2094920000
5062.0 0.2484270000
5064.0 0.2962080000
5066.0 0.3382970000
5068.0 0.3922690000
5070.0 0.4278470000
5072.0 0.4698330000
5074.0 0.5025370000
5076.0 0.5279760000
5078.0 0.5538280000
5080.0 0.5723740000
5082.0 0.5877610000
5084.0 0.5899280000
5086.0 0.6001800000
5088.0 0.6029280000
5090.0 0.6014190000
5092.0 0.6187160000
5094.0 0.6021950000
5096.0 0.5993550000
5098.0 0.6060610000
5100.0 0.5973870000
5102.0 0.5923080000
5104.0 0.5952030000
5106.0 0.5940390000
5108.0 0.5982220000
5110.0 0.5917650000
5112.0 0.5813330000
5114.0 0.5844160000
5116.0 0.5827930000
5118.0 0.5797750000
5120.0 0.5845640000
5122.0 0.5894740000
5124.0 0.5661720000
5126.0 0.5597190000
5128.0 0.5464670000
5130.0 0.5227540000
5132.0 0.4574100000
5134.0 0.4018140000
5136.0 0.3556730000
5138.0 0.2970180000
5140.0 0.2459990000
5142.0 0.1926390000
5144.0 0.1478670000
5146.0 0.1234530000
5148.0 0.1006770000
5150.0 0.0780745000
5152.0 0.0621370000
5154.0 0.0485664000
5156.0 0.0385407000
5158.0 0.0320400000
5160.0 0.0241431000
5162.0 0.0206429000
5164.0 0.0181181000
5166.0 0.0127332000
5168.0 0.0098126700
5170.0 0.0087719300
5172.0 0.0070546700
5174.0 0.0052693200
5176.0 0.0035335700
5178.0 0.0041506100
5180.0 0.0035335700
5182.0 0.0014916500
5184.0 0.0011837800
5186.0 0.0011919000
5188.0 0.0008992810
5190.0 0.0006013230
5192.0 0.0012019200
5194.0 0.0008623170
5196.0 0.0008802820
5198.0 0.0017825300
5200.0 0.0011775100
5202.0 0.0000000000
5204.0 0.0009025270
5206.0 0.0009137980
5208.0 0.0003037670
5210.0 0.0000000000
5212.0 0.0000000000
5214.0 0.0006101280
5216.0 0.0000000000
5218.0 0.0012198800
5220.0 0.0006144390
5222.0 0.0012395400
5224.0 0.0018348600
5226.0 0.0018326200
5228.0 0.0024338300
5230.0 0.0006071640
