3400.0 0.0070000000
3450.0 0.0083000000
3500.0 0.0169000000
3550.0 0.0526000000
3600.0 0.1547000000
3650.0 0.2809000000
3700.0 0.3890000000
3750.0 0.4534000000
3800.0 0.4899000000
3850.0 0.5603000000
3900.0 0.6062000000
3950.0 0.5930000000
4000.0 0.6324000000
4050.0 0.6230000000
4100.0 0.6409000000
4150.0 0.6616000000
4200.0 0.6554000000
4250.0 0.6390000000
4300.0 0.6565000000
4350.0 0.5949000000
4400.0 0.6144000000
4450.0 0.5835000000
4500.0 0.5795000000
4550.0 0.5304000000
4600.0 0.4848000000
4650.0 0.4256000000
4700.0 0.3647000000
4750.0 0.2894000000
4800.0 0.2173000000
4850.0 0.1435000000
4900.0 0.0968000000
4950.0 0.0644000000
5000.0 0.0452000000
5050.0 0.0281000000
5100.0 0.0138000000
5150.0 0.0073000000
5200.0 0.0033000000
5250.0 0.0017000000
5300.0 0.0009000000
