7100.0 0.0050000000
7104.0 0.0050000000
7108.0 0.0050000000
7112.0 0.0075000000
7116.0 0.0087000000
7120.0 0.0123000000
7124.0 0.0148000000
7128.0 0.0170000000
7132.0 0.0196000000
7136.0 0.0293000000
7140.0 0.0412000000
7144.0 0.0578000000
7148.0 0.0795000000
7152.0 0.1196000000
7156.0 0.2005000000
7160.0 0.2857000000
7164.0 0.3776000000
7168.0 0.5128000000
7172.0 0.6290000000
7176.0 0.7206000000
7180.0 0.7639000000
7184.0 0.7685000000
7188.0 0.7714000000
7192.0 0.7673000000
7196.0 0.7574000000
7200.0 0.7523000000
7204.0 0.7409000000
7208.0 0.7069000000
7212.0 0.6909000000
7216.0 0.6599000000
7220.0 0.5982000000
7224.0 0.5314000000
7228.0 0.4382000000
7232.0 0.3356000000
7236.0 0.2438000000
7240.0 0.1466000000
7244.0 0.1094000000
7248.0 0.0808000000
7252.0 0.0545000000
7256.0 0.0414000000
7260.0 0.0260000000
7264.0 0.0217000000
7268.0 0.0162000000
7272.0 0.0130000000
7276.0 0.0108000000
7280.0 0.0086000000
7284.0 0.0064000000
7288.0 0.0043000000
7292.0 0.0043000000
7296.0 0.0043000000
7300.0 0.0032000000
