7200.0 0.0010000000
7210.0 0.0010000000
7220.0 0.0010000000
7230.0 0.0010000000
7230.0 0.0020000000
7240.0 0.0020000000
7250.0 0.0030000000
7260.0 0.0040000000
7270.0 0.0050000000
7280.0 0.0060000000
7280.0 0.0070000000
7290.0 0.0080000000
7290.0 0.0090000000
7300.0 0.0110000000
7300.0 0.0120000000
7310.0 0.0140000000
7310.0 0.0160000000
7320.0 0.0180000000
7320.0 0.0200000000
7330.0 0.0230000000
7330.0 0.0250000000
7340.0 0.0290000000
7340.0 0.0320000000
7350.0 0.0360000000
7350.0 0.0410000000
7360.0 0.0460000000
7360.0 0.0520000000
7370.0 0.0590000000
7370.0 0.0660000000
7380.0 0.0740000000
7380.0 0.0830000000
7390.0 0.1040000000
7390.0 0.0930000000
7400.0 0.1160000000
7400.0 0.1280000000
7410.0 0.1410000000
7410.0 0.1570000000
7420.0 0.1750000000
7420.0 0.1940000000
7430.0 0.2150000000
7430.0 0.2380000000
7440.0 0.2630000000
7440.0 0.2880000000
7450.0 0.3160000000
7450.0 0.3450000000
7460.0 0.3760000000
7460.0 0.4080000000
7470.0 0.4410000000
7470.0 0.4730000000
7480.0 0.5040000000
7480.0 0.5350000000
7490.0 0.5650000000
7490.0 0.5930000000
7500.0 0.6200000000
7500.0 0.6450000000
7510.0 0.6680000000
7510.0 0.6890000000
7520.0 0.7070000000
7520.0 0.7240000000
7530.0 0.7380000000
7530.0 0.7500000000
7540.0 0.7610000000
7540.0 0.7700000000
7550.0 0.7780000000
7550.0 0.7840000000
7560.0 0.7890000000
7560.0 0.7940000000
7570.0 0.7980000000
7570.0 0.8010000000
7580.0 0.8040000000
7580.0 0.8060000000
7590.0 0.8080000000
7590.0 0.8100000000
7600.0 0.8120000000
7600.0 0.8140000000
7610.0 0.8160000000
7610.0 0.8180000000
7620.0 0.8200000000
7620.0 0.8220000000
7630.0 0.8240000000
7630.0 0.8260000000
7640.0 0.8290000000
7640.0 0.8310000000
7650.0 0.8340000000
7650.0 0.8370000000
7660.0 0.8400000000
7660.0 0.8430000000
7670.0 0.8450000000
7670.0 0.8480000000
7680.0 0.8520000000
7680.0 0.8540000000
7690.0 0.8570000000
7690.0 0.8600000000
7700.0 0.8630000000
7700.0 0.8650000000
7710.0 0.8680000000
7710.0 0.8700000000
7720.0 0.8720000000
7720.0 0.8740000000
7730.0 0.8760000000
7730.0 0.8770000000
7740.0 0.8780000000
7740.0 0.8790000000
7750.0 0.8800000000
7760.0 0.8810000000
7770.0 0.8800000000
7770.0 0.8810000000
7780.0 0.8790000000
7790.0 0.8770000000
7790.0 0.8780000000
7800.0 0.8740000000
7800.0 0.8760000000
7810.0 0.8710000000
7810.0 0.8730000000
7820.0 0.8670000000
7820.0 0.8690000000
7830.0 0.8640000000
7830.0 0.8650000000
7840.0 0.8600000000
7840.0 0.8620000000
7850.0 0.8560000000
7850.0 0.8580000000
7860.0 0.8520000000
7860.0 0.8540000000
7870.0 0.8480000000
7870.0 0.8500000000
7880.0 0.8450000000
7880.0 0.8470000000
7890.0 0.8420000000
7890.0 0.8430000000
7900.0 0.8390000000
7900.0 0.8400000000
7910.0 0.8370000000
7910.0 0.8380000000
7920.0 0.8350000000
7920.0 0.8360000000
7930.0 0.8340000000
7940.0 0.8330000000
7940.0 0.8340000000
7950.0 0.8330000000
7960.0 0.8320000000
7970.0 0.8330000000
7980.0 0.8330000000
7980.0 0.8340000000
7990.0 0.8350000000
8000.0 0.8360000000
8010.0 0.8370000000
8020.0 0.8380000000
8030.0 0.8390000000
8040.0 0.8400000000
8050.0 0.8410000000
8060.0 0.8420000000
8070.0 0.8430000000
8080.0 0.8430000000
8090.0 0.8430000000
8100.0 0.8430000000
8110.0 0.8430000000
8120.0 0.8430000000
8130.0 0.8420000000
8140.0 0.8410000000
8150.0 0.8400000000
8160.0 0.8390000000
8170.0 0.8370000000
8180.0 0.8350000000
8190.0 0.8330000000
8200.0 0.8300000000
8210.0 0.8280000000
8220.0 0.8250000000
8230.0 0.8220000000
8240.0 0.8190000000
8250.0 0.8160000000
8260.0 0.8130000000
8270.0 0.8090000000
8280.0 0.8060000000
8290.0 0.8020000000
8300.0 0.7980000000
8310.0 0.7950000000
8320.0 0.7910000000
8330.0 0.7880000000
8340.0 0.7840000000
8350.0 0.7800000000
8360.0 0.7770000000
8370.0 0.7730000000
8380.0 0.7700000000
8390.0 0.7660000000
8400.0 0.7630000000
8410.0 0.7590000000
8420.0 0.7560000000
8430.0 0.7530000000
8440.0 0.7500000000
8450.0 0.7470000000
8460.0 0.7440000000
8470.0 0.7420000000
8480.0 0.7400000000
8490.0 0.7380000000
8500.0 0.7360000000
8510.0 0.7350000000
8520.0 0.7340000000
8530.0 0.7340000000
8540.0 0.7340000000
8550.0 0.7340000000
8560.0 0.7350000000
8570.0 0.7360000000
8580.0 0.7380000000
8590.0 0.7390000000
8600.0 0.7400000000
8610.0 0.7410000000
8620.0 0.7420000000
8630.0 0.7410000000
8640.0 0.7390000000
8650.0 0.7350000000
8660.0 0.7300000000
8670.0 0.7210000000
8680.0 0.7090000000
8690.0 0.6950000000
8700.0 0.6760000000
8710.0 0.6540000000
8720.0 0.6270000000
8730.0 0.5980000000
8740.0 0.5650000000
8750.0 0.5310000000
8760.0 0.4930000000
8770.0 0.4560000000
8780.0 0.4180000000
8790.0 0.3790000000
8800.0 0.3430000000
8810.0 0.3080000000
8820.0 0.2750000000
8830.0 0.2450000000
8840.0 0.2170000000
8850.0 0.1920000000
8860.0 0.1700000000
8870.0 0.1510000000
8880.0 0.1340000000
8890.0 0.1180000000
8900.0 0.1040000000
8910.0 0.0920000000
8920.0 0.0820000000
8930.0 0.0730000000
8940.0 0.0650000000
8950.0 0.0580000000
8960.0 0.0520000000
8970.0 0.0460000000
8980.0 0.0420000000
8990.0 0.0380000000
9000.0 0.0350000000
9010.0 0.0320000000
9020.0 0.0290000000
9030.0 0.0260000000
9040.0 0.0240000000
9050.0 0.0220000000
9060.0 0.0200000000
9070.0 0.0180000000
9080.0 0.0160000000
9090.0 0.0150000000
9100.0 0.0140000000
9110.0 0.0130000000
9120.0 0.0120000000
9130.0 0.0110000000
9140.0 0.0100000000
9150.0 0.0090000000
9160.0 0.0080000000
9170.0 0.0080000000
9180.0 0.0070000000
9190.0 0.0070000000
9200.0 0.0060000000
9210.0 0.0060000000
9220.0 0.0050000000
9230.0 0.0050000000
9240.0 0.0050000000
9250.0 0.0050000000
9260.0 0.0040000000
9270.0 0.0040000000
9280.0 0.0040000000
9290.0 0.0040000000
9300.0 0.0030000000
