5030.0 0.0011604300
5032.0 0.0017431700
5034.0 0.0011617800
5036.0 0.0008723470
5038.0 0.0011634700
5040.0 0.0014547600
5042.0 0.0017457100
5044.0 0.0017462200
5046.0 0.0017452000
5048.0 0.0023249100
5050.0 0.0014530700
5052.0 0.0017452000
5054.0 0.0023276100
5056.0 0.0023249100
5058.0 0.0029086700
5060.0 0.0029137500
5062.0 0.0034965000
5064.0 0.0034975200
5066.0 0.0035005800
5068.0 0.0040828200
5070.0 0.0046660800
5072.0 0.0052478100
5074.0 0.0058462400
5076.0 0.0070175400
5078.0 0.0081895300
5080.0 0.0093649400
5082.0 0.0111274000
5084.0 0.0117543000
5086.0 0.0135453000
5088.0 0.0164948000
5090.0 0.0209811000
5092.0 0.0281648000
5094.0 0.0367625000
5096.0 0.0474215000
5098.0 0.0638361000
5100.0 0.0822653000
5102.0 0.1101160000
5104.0 0.1401250000
5106.0 0.1818180000
5108.0 0.2200960000
5110.0 0.2702780000
5112.0 0.3180320000
5114.0 0.3766120000
5116.0 0.4232500000
5118.0 0.4726560000
5120.0 0.5181960000
5122.0 0.5481350000
5124.0 0.5676000000
5126.0 0.5828050000
5128.0 0.5926930000
5130.0 0.5999390000
5132.0 0.6026610000
5134.0 0.6053270000
5136.0 0.6075220000
5138.0 0.6075220000
5140.0 0.6099640000
5142.0 0.6094080000
5144.0 0.6108240000
5146.0 0.6092900000
5148.0 0.6096080000
5150.0 0.6077950000
5152.0 0.6071320000
5154.0 0.6071430000
5156.0 0.6040900000
5158.0 0.6029320000
5160.0 0.6007940000
5162.0 0.6004290000
5164.0 0.5995090000
5166.0 0.5988340000
5168.0 0.6002460000
5170.0 0.5998160000
5172.0 0.5982800000
5174.0 0.5976020000
5176.0 0.5905170000
5178.0 0.5807640000
5180.0 0.5598400000
5182.0 0.5342590000
5184.0 0.4918180000
5186.0 0.4524100000
5188.0 0.3970310000
5190.0 0.3551290000
5192.0 0.3031240000
5194.0 0.2646420000
5196.0 0.2148170000
5198.0 0.1837940000
5200.0 0.1509790000
5202.0 0.1248060000
5204.0 0.1080410000
5206.0 0.0976976000
5208.0 0.0862123000
5210.0 0.0798254000
5212.0 0.0704489000
5214.0 0.0670199000
5216.0 0.0542902000
5218.0 0.0439800000
5220.0 0.0350109000
5222.0 0.0285177000
5224.0 0.0232266000
5226.0 0.0194907000
5228.0 0.0163625000
5230.0 0.0138714000
5232.0 0.0119987000
5234.0 0.0107459000
5236.0 0.0088551500
5238.0 0.0076069700
5240.0 0.0069841300
5242.0 0.0063633500
5244.0 0.0057306600
5246.0 0.0047877400
5248.0 0.0044728400
5250.0 0.0038473900
5252.0 0.0038498600
5254.0 0.0032195800
5256.0 0.0032226900
5258.0 0.0025848100
5260.0 0.0025898300
5262.0 0.0022742000
5264.0 0.0019518500
5266.0 0.0019556700
5268.0 0.0019607800
5270.0 0.0019646400
5272.0 0.0013110500
5274.0 0.0013166600
5276.0 0.0013188300
5278.0 0.0013227500
5280.0 0.0013249400
