7580.0 0.0078000000
7584.0 0.0078000000
7588.0 0.0098000000
7592.0 0.0117000000
7596.0 0.0137000000
7600.0 0.0195000000
7604.0 0.0214000000
7608.0 0.0312000000
7612.0 0.0447000000
7616.0 0.0621000000
7620.0 0.0914000000
7624.0 0.1379000000
7628.0 0.1942000000
7632.0 0.2733000000
7636.0 0.3411000000
7640.0 0.4438000000
7644.0 0.5252000000
7648.0 0.6100000000
7652.0 0.6744000000
7656.0 0.7132000000
7660.0 0.7500000000
7664.0 0.7704000000
7668.0 0.7879000000
7672.0 0.7938000000
7676.0 0.8015000000
7680.0 0.8015000000
7684.0 0.7878000000
7688.0 0.7904000000
7692.0 0.7729000000
7696.0 0.7615000000
7700.0 0.7529000000
7704.0 0.7255000000
7708.0 0.6788000000
7712.0 0.5660000000
7716.0 0.4587000000
7720.0 0.3046000000
7724.0 0.2447000000
7728.0 0.1695000000
7732.0 0.1176000000
7736.0 0.0795000000
7740.0 0.0569000000
7744.0 0.0400000000
7748.0 0.0285000000
7752.0 0.0228000000
7756.0 0.0171000000
7760.0 0.0113000000
7764.0 0.0095000000
7768.0 0.0076000000
7772.0 0.0057000000
7776.0 0.0057000000
7780.0 0.0038000000
