7920.0 0.0023741700
7922.0 0.0022458600
7924.0 0.0020170900
7926.0 0.0021446400
7928.0 0.0023778400
7930.0 0.0023736100
7932.0 0.0035511400
7934.0 0.0035448400
7936.0 0.0037896700
7938.0 0.0041696500
7940.0 0.0059944900
7942.0 0.0048065400
7944.0 0.0054034600
7946.0 0.0057471300
7948.0 0.0059880200
7950.0 0.0069644600
7952.0 0.0069913200
7954.0 0.0072158800
7956.0 0.0069611100
7958.0 0.0072115400
7960.0 0.0074546100
7962.0 0.0074825000
7964.0 0.0072115400
7966.0 0.0074322700
7968.0 0.0072922900
7970.0 0.0078341600
7972.0 0.0092592600
7974.0 0.0120207000
7976.0 0.0128668000
7978.0 0.0132053000
7980.0 0.0133896000
7982.0 0.0097696300
7984.0 0.0108312000
7986.0 0.0121655000
7988.0 0.0132005000
7990.0 0.0197876000
7992.0 0.0204229000
7994.0 0.0224210000
7996.0 0.0240356000
7998.0 0.0231571000
8000.0 0.0254053000
8002.0 0.0273112000
8004.0 0.0302884000
8006.0 0.0339085000
8008.0 0.0374125000
8010.0 0.0417521000
8012.0 0.0484417000
8014.0 0.0724113000
8016.0 0.0807320000
8018.0 0.0887290000
8020.0 0.0759995000
8022.0 0.0892256000
8024.0 0.1117000000
8026.0 0.1120330000
8028.0 0.1321850000
8030.0 0.1527310000
8032.0 0.1803520000
8034.0 0.2640400000
8036.0 0.2943230000
8038.0 0.3279970000
8040.0 0.3598020000
8042.0 0.3420480000
8044.0 0.4010850000
8046.0 0.4306020000
8048.0 0.4737920000
8050.0 0.5622290000
8052.0 0.5829110000
8054.0 0.6000720000
8056.0 0.6130700000
8058.0 0.6128410000
8060.0 0.6247590000
8062.0 0.6309450000
8064.0 0.6341730000
8066.0 0.6267940000
8068.0 0.6281480000
8070.0 0.6268190000
8072.0 0.6258420000
8074.0 0.6241720000
8076.0 0.6215530000
8078.0 0.6353450000
8080.0 0.6326240000
8082.0 0.6289510000
8084.0 0.6265990000
8086.0 0.6229920000
8088.0 0.6245020000
8090.0 0.6280030000
8092.0 0.6220310000
8094.0 0.6188420000
8096.0 0.6272830000
8098.0 0.6297510000
8100.0 0.6229590000
8102.0 0.6254250000
8104.0 0.6235010000
8106.0 0.6164940000
8108.0 0.6278530000
8110.0 0.6296340000
8112.0 0.6266800000
8114.0 0.6229430000
8116.0 0.6070000000
8118.0 0.6101960000
8120.0 0.6109100000
8122.0 0.6157940000
8124.0 0.6148440000
8126.0 0.6179050000
8128.0 0.6162340000
8130.0 0.6022150000
8132.0 0.6035920000
8134.0 0.5970740000
8136.0 0.5906770000
8138.0 0.6100680000
8140.0 0.6003890000
8142.0 0.5894630000
8144.0 0.5730420000
8146.0 0.5101940000
8148.0 0.4997580000
8150.0 0.4871020000
8152.0 0.4200580000
8154.0 0.3940200000
8156.0 0.3676430000
8158.0 0.3868840000
8160.0 0.3519260000
8162.0 0.3196030000
8164.0 0.2338710000
8166.0 0.2337540000
8168.0 0.1888180000
8170.0 0.1612040000
8172.0 0.1440290000
8174.0 0.1271700000
8176.0 0.1117800000
8178.0 0.1014910000
8180.0 0.0949177000
8182.0 0.0851064000
8184.0 0.0768123000
8186.0 0.0469500000
8188.0 0.0431035000
8190.0 0.0386045000
8192.0 0.0371881000
8194.0 0.0401150000
8196.0 0.0360350000
8198.0 0.0318182000
8200.0 0.0298168000
8202.0 0.0258188000
8204.0 0.0240792000
8206.0 0.0215271000
8208.0 0.0194348000
8210.0 0.0155131000
8212.0 0.0155280000
8214.0 0.0152854000
8216.0 0.0179147000
8218.0 0.0161059000
8220.0 0.0155168000
8222.0 0.0143489000
8224.0 0.0119789000
8226.0 0.0098086100
8228.0 0.0095613700
8230.0 0.0095511000
8232.0 0.0095408500
8234.0 0.0095363000
8236.0 0.0095602300
8238.0 0.0083542200
8240.0 0.0100263000
