6360.0 0.0000000000
6362.0 0.0005362650
6364.0 0.0005371290
6366.0 0.0005457770
6368.0 0.0005502820
6370.0 0.0005560190
6372.0 0.0004211710
6374.0 0.0002832060
6376.0 0.0002857550
6378.0 0.0002845350
6380.0 0.0007270610
6382.0 0.0004398180
6384.0 0.0006930970
6386.0 0.0011199800
6388.0 0.0011313800
6390.0 0.0005699630
6392.0 0.0005754570
6394.0 0.0005785360
6396.0 0.0005872850
6398.0 0.0005934720
6400.0 0.0010515200
6402.0 0.0010575600
6404.0 0.0012219300
6406.0 0.0012311500
6408.0 0.0012422400
6410.0 0.0012525400
6412.0 0.0012513700
6414.0 0.0012716600
6416.0 0.0019430100
6418.0 0.0021018600
6420.0 0.0019556700
6422.0 0.0028394900
6424.0 0.0026999700
6426.0 0.0028946000
6428.0 0.0029174500
6430.0 0.0034370200
6432.0 0.0034977300
6434.0 0.0042492900
6436.0 0.0042447800
6438.0 0.0050495900
6440.0 0.0051094900
6442.0 0.0057069200
6444.0 0.0063185300
6446.0 0.0067441000
6448.0 0.0075230400
6450.0 0.0082565300
6452.0 0.0092717800
6454.0 0.0102101000
6456.0 0.0110258000
6458.0 0.0128334000
6460.0 0.0137263000
6462.0 0.0159705000
6464.0 0.0175656000
6466.0 0.0190476000
6468.0 0.0216712000
6470.0 0.0245592000
6472.0 0.0276765000
6474.0 0.0310262000
6476.0 0.0362160000
6478.0 0.0409111000
6480.0 0.0478114000
6482.0 0.0530252000
6484.0 0.0597801000
6486.0 0.0734489000
6488.0 0.0847103000
6490.0 0.0980856000
6492.0 0.1151270000
6494.0 0.1312300000
6496.0 0.1517290000
6498.0 0.1763840000
6500.0 0.2057730000
6502.0 0.2361950000
6504.0 0.2708600000
6506.0 0.3048100000
6508.0 0.3448280000
6510.0 0.3887150000
6512.0 0.4401050000
6514.0 0.4743320000
6516.0 0.5076880000
6518.0 0.5429980000
6520.0 0.5686330000
6522.0 0.5783330000
6524.0 0.5897360000
6526.0 0.5972100000
6528.0 0.5970000000
6530.0 0.5971700000
6532.0 0.5959060000
6534.0 0.5948990000
6536.0 0.5882880000
6538.0 0.5834600000
6540.0 0.5794480000
6542.0 0.5465300000
6544.0 0.5634760000
6546.0 0.5666120000
6548.0 0.5650000000
6550.0 0.5630000000
6552.0 0.5656020000
6554.0 0.5682850000
6556.0 0.5687590000
6558.0 0.5623030000
6560.0 0.5729170000
6562.0 0.5750900000
6564.0 0.5772330000
6566.0 0.5779920000
6568.0 0.5815870000
6570.0 0.5786520000
6572.0 0.5836830000
6574.0 0.5846870000
6576.0 0.5841820000
6578.0 0.5827370000
6580.0 0.5821260000
6582.0 0.5808670000
6584.0 0.5704430000
6586.0 0.5629110000
6588.0 0.5596180000
6590.0 0.5577170000
6592.0 0.5532370000
6594.0 0.5379280000
6596.0 0.5231240000
6598.0 0.5073040000
6600.0 0.4896680000
6602.0 0.4691190000
6604.0 0.4483710000
6606.0 0.4142990000
6608.0 0.3958530000
6610.0 0.3533840000
6612.0 0.3293100000
6614.0 0.2908910000
6616.0 0.2648220000
6618.0 0.2226680000
6620.0 0.1985740000
6622.0 0.1658190000
6624.0 0.1443300000
6626.0 0.1254610000
6628.0 0.1109930000
6630.0 0.0907617000
6632.0 0.0812875000
6634.0 0.0698309000
6636.0 0.0599002000
6638.0 0.0521643000
6640.0 0.0456621000
6642.0 0.0367816000
6644.0 0.0331588000
6646.0 0.0308240000
6648.0 0.0251196000
6650.0 0.0218579000
6652.0 0.0196802000
6654.0 0.0174238000
6656.0 0.0151707000
6658.0 0.0147153000
6660.0 0.0129618000
6662.0 0.0104575000
6664.0 0.0105750000
6666.0 0.0094149300
6668.0 0.0081911300
6670.0 0.0082872900
6672.0 0.0083217800
6674.0 0.0056617100
6676.0 0.0057845300
6678.0 0.0058608100
6680.0 0.0059259300
6682.0 0.0060015000
6684.0 0.0060882800
6686.0 0.0030864200
6688.0 0.0031201300
6690.0 0.0023364500
6692.0 0.0008038580
6694.0 0.0008116880
6696.0 0.0000000000
6698.0 0.0000000000
6700.0 0.0000000000
