6830.0 0.0067000000
6835.0 0.0104000000
6840.0 0.0126000000
6845.0 0.0226000000
6850.0 0.0353000000
6855.0 0.0528000000
6860.0 0.0901000000
6865.0 0.1511000000
6870.0 0.2685000000
6875.0 0.4211000000
6880.0 0.5920000000
6885.0 0.7202000000
6890.0 0.7766000000
6895.0 0.8123000000
6900.0 0.8161000000
6905.0 0.8224000000
6910.0 0.8196000000
6915.0 0.8246000000
6920.0 0.8225000000
6925.0 0.8209000000
6930.0 0.8168000000
6935.0 0.8207000000
6940.0 0.7867000000
6945.0 0.7569000000
6950.0 0.6521000000
6955.0 0.5275000000
6960.0 0.3774000000
6965.0 0.2519000000
6970.0 0.1728000000
6975.0 0.1131000000
6980.0 0.0726000000
6985.0 0.0537000000
6990.0 0.0357000000
6995.0 0.0252000000
7000.0 0.0191000000
7005.0 0.0125000000
7010.0 0.0102000000
7015.0 0.0079000000
