4630.0 0.0000000000
4632.0 0.0000000000
4634.0 0.0000000000
4636.0 0.0000000000
4638.0 0.0000000000
4640.0 0.0000000000
4642.0 0.0000000000
4644.0 0.0005894490
4646.0 0.0005858230
4648.0 0.0011672000
4650.0 0.0011617800
4652.0 0.0017416500
4654.0 0.0020284000
4656.0 0.0026041700
4658.0 0.0040509300
4660.0 0.0051993100
4662.0 0.0063547100
4664.0 0.0092646200
4666.0 0.0129908000
4668.0 0.0175742000
4670.0 0.0284810000
4672.0 0.0448534000
4674.0 0.0737658000
4676.0 0.1212640000
4678.0 0.1884890000
4680.0 0.2594660000
4682.0 0.2971560000
4684.0 0.3091380000
4686.0 0.2950870000
4688.0 0.2560800000
4690.0 0.1952920000
4692.0 0.1266550000
4694.0 0.0809182000
4696.0 0.0538373000
4698.0 0.0329230000
4700.0 0.0211368000
4702.0 0.0139522000
4704.0 0.0096645800
4706.0 0.0073842700
4708.0 0.0059642100
4710.0 0.0048336600
4712.0 0.0039716300
4714.0 0.0034158800
4716.0 0.0022818000
4718.0 0.0017045500
4720.0 0.0014188400
4722.0 0.0011331400
4724.0 0.0005656110
4726.0 0.0005644930
4728.0 0.0002820870
4730.0 0.0000000000
