6400.0 0.0088000000
6405.0 0.0102000000
6410.0 0.0157000000
6415.0 0.0215000000
6420.0 0.0330000000
6425.0 0.0712000000
6430.0 0.0957000000
6435.0 0.1602000000
6440.0 0.2630000000
6445.0 0.4063000000
6450.0 0.5655000000
6455.0 0.6961000000
6460.0 0.7726000000
6465.0 0.8048000000
6470.0 0.8163000000
6475.0 0.8201000000
6480.0 0.8235000000
6485.0 0.8219000000
6490.0 0.8313000000
6495.0 0.8320000000
6500.0 0.8313000000
6505.0 0.8263000000
6510.0 0.7913000000
6515.0 0.7175000000
6520.0 0.5642000000
6525.0 0.3821000000
6530.0 0.2233000000
6535.0 0.1250000000
6540.0 0.0768000000
6545.0 0.0505000000
6550.0 0.0308000000
6555.0 0.0220000000
6560.0 0.0142000000
6565.0 0.0111000000
6570.0 0.0075000000
