4800.0 0.0006259780
4802.0 0.0006253910
4804.0 0.0006220840
4806.0 0.0006201550
4808.0 0.0006193870
4810.0 0.0006218900
4812.0 0.0009392610
4814.0 0.0006178560
4816.0 0.0012391600
4818.0 0.0012399300
4820.0 0.0012406900
4822.0 0.0012422400
4824.0 0.0018679900
4826.0 0.0018564400
4828.0 0.0021786500
4830.0 0.0024875600
4832.0 0.0031017400
4834.0 0.0040310100
4836.0 0.0055762100
4838.0 0.0074418600
4840.0 0.0108494000
4842.0 0.0160395000
4844.0 0.0266089000
4846.0 0.0413248000
4848.0 0.0754258000
4850.0 0.1342320000
4852.0 0.2349320000
4854.0 0.3588960000
4856.0 0.4246320000
4858.0 0.4675280000
4860.0 0.4834660000
4862.0 0.4713630000
4864.0 0.4019730000
4866.0 0.3014120000
4868.0 0.1867730000
4870.0 0.1156090000
4872.0 0.0660377000
4874.0 0.0419088000
4876.0 0.0265811000
4878.0 0.0183206000
4880.0 0.0127854000
4882.0 0.0095062900
4884.0 0.0072354500
4886.0 0.0060975600
4888.0 0.0042931600
4890.0 0.0037025600
4892.0 0.0030864200
4894.0 0.0030731400
4896.0 0.0018478600
4898.0 0.0024479800
4900.0 0.0018331800
4902.0 0.0012262400
4904.0 0.0012236200
4906.0 0.0012254900
4908.0 0.0012232400
4910.0 0.0012269900
