4700.0 0.0011000000
4750.0 0.0017000000
4800.0 0.0125000000
4850.0 0.0885000000
4900.0 0.2822000000
4950.0 0.5475000000
5000.0 0.6241000000
5050.0 0.7437000000
5100.0 0.7807000000
5150.0 0.8484000000
5200.0 0.8588000000
5250.0 0.8468000000
5300.0 0.8680000000
5350.0 0.8626000000
5400.0 0.9006000000
5450.0 0.9191000000
5500.0 0.9023000000
5550.0 0.7948000000
5600.0 0.7431000000
5650.0 0.7252000000
5700.0 0.7014000000
5750.0 0.6621000000
5800.0 0.6196000000
5850.0 0.5692000000
5900.0 0.4965000000
5950.0 0.4583000000
6000.0 0.4090000000
6050.0 0.3616000000
6100.0 0.2901000000
6150.0 0.2651000000
6200.0 0.2213000000
6250.0 0.1812000000
6300.0 0.1503000000
6350.0 0.1135000000
6400.0 0.0890000000
6450.0 0.0689000000
6500.0 0.0508000000
6550.0 0.0394000000
6600.0 0.0265000000
6650.0 0.0093000000
6700.0 0.0127000000
