4200.0 0.0007110690
4202.0 0.0007065470
4204.0 0.0011737100
4206.0 0.0014022000
4208.0 0.0020920500
4210.0 0.0034730300
4212.0 0.0062154700
4214.0 0.0103306000
4216.0 0.0180407000
4218.0 0.0327347000
4220.0 0.0636856000
4222.0 0.1194060000
4224.0 0.2083800000
4226.0 0.2963870000
4228.0 0.3590310000
4230.0 0.3786470000
4232.0 0.3765660000
4234.0 0.3681560000
4236.0 0.3624070000
4238.0 0.3587400000
4240.0 0.3594120000
4242.0 0.3611110000
4244.0 0.3646500000
4246.0 0.3688590000
4248.0 0.3762210000
4250.0 0.3841440000
4252.0 0.3968350000
4254.0 0.4079750000
4256.0 0.4212510000
4258.0 0.4311310000
4260.0 0.4396930000
4262.0 0.4425820000
4264.0 0.4395970000
4266.0 0.4315900000
4268.0 0.4232820000
4270.0 0.4134770000
4272.0 0.4040610000
4274.0 0.3983430000
4276.0 0.3956910000
4278.0 0.3987560000
4280.0 0.4023590000
4282.0 0.4109920000
4284.0 0.4172620000
4286.0 0.4220200000
4288.0 0.4138610000
4290.0 0.3857170000
4292.0 0.3475450000
4294.0 0.2844630000
4296.0 0.2276520000
4298.0 0.1597530000
4300.0 0.1154510000
4302.0 0.0742517000
4304.0 0.0504491000
4306.0 0.0314226000
4308.0 0.0216114000
4310.0 0.0136106000
4312.0 0.0095954800
4314.0 0.0061913700
4316.0 0.0039237700
4318.0 0.0022358900
4320.0 0.0016700700
