3900.0 0.0035149400
3902.0 0.0035040400
3904.0 0.0035022400
3906.0 0.0037030000
3908.0 0.0042163900
3910.0 0.0047143600
3912.0 0.0049792600
3914.0 0.0050916000
3916.0 0.0051243400
3918.0 0.0051115200
3920.0 0.0050783200
3922.0 0.0050509900
3924.0 0.0048522200
3926.0 0.0045338700
3928.0 0.0046923800
3930.0 0.0053407300
3932.0 0.0058919200
3934.0 0.0061665400
3936.0 0.0062827600
3938.0 0.0063197300
3940.0 0.0064881700
3942.0 0.0069349400
3944.0 0.0073868600
3946.0 0.0076385000
3948.0 0.0077466300
3950.0 0.0077586000
3952.0 0.0078925700
3954.0 0.0082946900
3956.0 0.0086903200
3958.0 0.0090576300
3960.0 0.0095763800
3962.0 0.0101934000
3964.0 0.0110102000
3966.0 0.0119231000
3968.0 0.0127140000
3970.0 0.0135812000
3972.0 0.0148262000
3974.0 0.0165101000
3976.0 0.0182955000
3978.0 0.0199092000
3980.0 0.0213754000
3982.0 0.0227381000
3984.0 0.0241885000
3986.0 0.0260384000
3988.0 0.0282263000
3990.0 0.0306466000
3992.0 0.0334565000
3994.0 0.0365655000
3996.0 0.0398168000
3998.0 0.0431721000
4000.0 0.0469337000
4002.0 0.0514634000
4004.0 0.0567137000
4006.0 0.0625521000
4008.0 0.0687901000
4010.0 0.0754461000
4012.0 0.0831485000
4014.0 0.0921356000
4016.0 0.1018910000
4018.0 0.1122570000
4020.0 0.1240230000
4022.0 0.1376020000
4024.0 0.1523190000
4026.0 0.1675410000
4028.0 0.1832480000
4030.0 0.2002710000
4032.0 0.2189550000
4034.0 0.2385980000
4036.0 0.2587100000
4038.0 0.2802480000
4040.0 0.3047410000
4042.0 0.3310210000
4044.0 0.3569520000
4046.0 0.3825700000
4048.0 0.4073720000
4050.0 0.4309850000
4052.0 0.4539290000
4054.0 0.4757560000
4056.0 0.4961860000
4058.0 0.5155900000
4060.0 0.5342220000
4062.0 0.5508310000
4064.0 0.5641650000
4066.0 0.5750850000
4068.0 0.5843960000
4070.0 0.5928730000
4072.0 0.6009490000
4074.0 0.6073470000
4076.0 0.6124470000
4078.0 0.6168010000
4080.0 0.6194610000
4082.0 0.6210000000
4084.0 0.6229990000
4086.0 0.6260290000
4088.0 0.6293640000
4090.0 0.6316440000
4092.0 0.6328720000
4094.0 0.6346740000
4096.0 0.6363560000
4098.0 0.6365100000
4100.0 0.6361410000
4102.0 0.6361110000
4104.0 0.6363140000
4106.0 0.6370580000
4108.0 0.6379770000
4110.0 0.6368740000
4112.0 0.6343600000
4114.0 0.6342400000
4116.0 0.6352320000
4118.0 0.6333980000
4120.0 0.6303600000
4122.0 0.6280820000
4124.0 0.6250420000
4126.0 0.6216500000
4128.0 0.6206120000
4130.0 0.6200430000
4132.0 0.6168340000
4134.0 0.6129500000
4136.0 0.6102420000
4138.0 0.6086450000
4140.0 0.6066100000
4142.0 0.6037170000
4144.0 0.6015090000
4146.0 0.5999330000
4148.0 0.5990220000
4150.0 0.5980960000
4152.0 0.5966200000
4154.0 0.5953310000
4156.0 0.5942540000
4158.0 0.5934100000
4160.0 0.5915480000
4162.0 0.5887520000
4164.0 0.5877830000
4166.0 0.5888250000
4168.0 0.5888420000
4170.0 0.5875670000
4172.0 0.5856430000
4174.0 0.5817200000
4176.0 0.5771410000
4178.0 0.5731160000
4180.0 0.5684780000
4182.0 0.5622820000
4184.0 0.5541510000
4186.0 0.5443100000
4188.0 0.5335510000
4190.0 0.5217640000
4192.0 0.5081020000
4194.0 0.4922510000
4196.0 0.4737630000
4198.0 0.4528920000
4200.0 0.4305360000
4202.0 0.4068960000
4204.0 0.3828870000
4206.0 0.3588440000
4208.0 0.3341360000
4210.0 0.3105350000
4212.0 0.2892020000
4214.0 0.2689000000
4216.0 0.2489600000
4218.0 0.2286270000
4220.0 0.2084110000
4222.0 0.1900190000
4224.0 0.1733340000
4226.0 0.1579180000
4228.0 0.1437880000
4230.0 0.1311340000
4232.0 0.1199900000
4234.0 0.1099120000
4236.0 0.1009790000
4238.0 0.0931760000
4240.0 0.0859228000
4242.0 0.0790051000
4244.0 0.0726388000
4246.0 0.0670308000
4248.0 0.0620809000
4250.0 0.0574527000
4252.0 0.0530252000
4254.0 0.0489450000
4256.0 0.0453155000
4258.0 0.0419730000
4260.0 0.0389211000
4262.0 0.0363879000
4264.0 0.0340980000
4266.0 0.0317099000
4268.0 0.0294757000
4270.0 0.0274335000
4272.0 0.0254275000
4274.0 0.0235792000
4276.0 0.0220908000
4278.0 0.0208967000
4280.0 0.0196769000
4282.0 0.0185712000
4284.0 0.0176792000
4286.0 0.0166386000
4288.0 0.0155153000
4290.0 0.0146458000
4292.0 0.0139296000
4294.0 0.0131653000
4296.0 0.0123829000
4298.0 0.0116205000
4300.0 0.0109454000
4302.0 0.0104212000
4304.0 0.0099100700
4306.0 0.0093821400
4308.0 0.0089815100
4310.0 0.0086613800
4312.0 0.0083455000
4314.0 0.0080260200
4316.0 0.0076699700
4318.0 0.0072724400
4320.0 0.0068539500
4322.0 0.0064534900
4324.0 0.0060759000
4326.0 0.0057848200
4328.0 0.0056318700
4330.0 0.0055618200
4332.0 0.0054396100
4334.0 0.0051919700
4336.0 0.0048866300
4338.0 0.0045647600
4340.0 0.0043103200
4342.0 0.0041773600
4344.0 0.0040418700
4346.0 0.0038141100
4348.0 0.0035969700
4350.0 0.0034645000
4352.0 0.0033900500
4354.0 0.0032826200
4356.0 0.0030703300
4358.0 0.0028639900
4360.0 0.0027512000
4362.0 0.0026979500
4364.0 0.0027376400
4366.0 0.0028189700
4368.0 0.0027767700
4370.0 0.0026655400
4372.0 0.0025916200
4374.0 0.0025474300
4376.0 0.0024613500
4378.0 0.0023422900
4380.0 0.0022641100
4382.0 0.0021491300
4384.0 0.0020117900
4386.0 0.0019323700
4388.0 0.0018926200
4390.0 0.0018745500
4392.0 0.0018695200
4394.0 0.0018731100
4396.0 0.0018803500
4398.0 0.0018879800
