4500.0 0.0029069800
4502.0 0.0029027600
4504.0 0.0028943600
4506.0 0.0036231900
4508.0 0.0036101100
4510.0 0.0035997100
4512.0 0.0036023100
4514.0 0.0043196500
4516.0 0.0043103400
4518.0 0.0042643900
4520.0 0.0050071500
4522.0 0.0050035700
4524.0 0.0057142900
4526.0 0.0056939500
4528.0 0.0056818200
4530.0 0.0063875100
4532.0 0.0063829800
4534.0 0.0071073200
4536.0 0.0070671400
4538.0 0.0077464800
4540.0 0.0077519400
4542.0 0.0084092500
4544.0 0.0090655500
4546.0 0.0090592300
4548.0 0.0097425200
4550.0 0.0103734000
4552.0 0.0103520000
4554.0 0.0117241000
4556.0 0.0116758000
4558.0 0.0123203000
4560.0 0.0136333000
4562.0 0.0142760000
4564.0 0.0155932000
4566.0 0.0162272000
4568.0 0.0175202000
4570.0 0.0181696000
4572.0 0.0194240000
4574.0 0.0214477000
4576.0 0.0227729000
4578.0 0.0227121000
4580.0 0.0259831000
4582.0 0.0276625000
4584.0 0.0299728000
4586.0 0.0332871000
4588.0 0.0352542000
4590.0 0.0381992000
4592.0 0.0398936000
4594.0 0.0441075000
4596.0 0.0489993000
4598.0 0.0520905000
4600.0 0.0576794000
4602.0 0.0627986000
4604.0 0.0687795000
4606.0 0.0752688000
4608.0 0.0820547000
4610.0 0.0850363000
4612.0 0.0948999000
4614.0 0.1021440000
4616.0 0.1124370000
4618.0 0.1221040000
4620.0 0.1329590000
4622.0 0.1469490000
4624.0 0.1677180000
4626.0 0.1802760000
4628.0 0.1959670000
4630.0 0.2078090000
4632.0 0.2303560000
4634.0 0.2592590000
4636.0 0.2667540000
4638.0 0.2772220000
4640.0 0.3141760000
4642.0 0.3320540000
4644.0 0.3577810000
4646.0 0.3844680000
4648.0 0.4062500000
4650.0 0.4258650000
4652.0 0.4523970000
4654.0 0.4792210000
4656.0 0.5035880000
4658.0 0.5203050000
4660.0 0.5360360000
4662.0 0.5456270000
4664.0 0.5744680000
4666.0 0.5901530000
4668.0 0.5917720000
4670.0 0.6073460000
4672.0 0.6247610000
4674.0 0.6345910000
4676.0 0.6201260000
4678.0 0.6377550000
4680.0 0.6297470000
4682.0 0.6545570000
4684.0 0.6520380000
4686.0 0.6552150000
4688.0 0.6502840000
4690.0 0.6570530000
4692.0 0.6635340000
4694.0 0.6683290000
4696.0 0.6550440000
4698.0 0.6641650000
4700.0 0.6614320000
4702.0 0.6702600000
4704.0 0.6658280000
4706.0 0.6731490000
4708.0 0.6588670000
4710.0 0.6798990000
4712.0 0.6755580000
4714.0 0.6872300000
4716.0 0.6759540000
4718.0 0.6817620000
4720.0 0.6722290000
4722.0 0.6676870000
4724.0 0.6913120000
4726.0 0.6774980000
4728.0 0.6874230000
4730.0 0.6709400000
4732.0 0.6754120000
4734.0 0.6821230000
4736.0 0.6707100000
4738.0 0.6743060000
4740.0 0.6678830000
4742.0 0.6754440000
4744.0 0.6691040000
4746.0 0.6662630000
4748.0 0.6785930000
4750.0 0.6660610000
4752.0 0.6660620000
4754.0 0.6660620000
4756.0 0.6608220000
4758.0 0.6606170000
4760.0 0.6588160000
4762.0 0.6575920000
4764.0 0.6682900000
4766.0 0.6620650000
4768.0 0.6584780000
4770.0 0.6588730000
4772.0 0.6565110000
4774.0 0.6566990000
4776.0 0.6557670000
4778.0 0.6540510000
4780.0 0.6538690000
4782.0 0.6499710000
4784.0 0.6564160000
4786.0 0.6509160000
4788.0 0.6505880000
4790.0 0.6490300000
4792.0 0.6475070000
4794.0 0.6417300000
4796.0 0.6380620000
4798.0 0.6356720000
4800.0 0.6314250000
4802.0 0.6253650000
4804.0 0.6163260000
4806.0 0.6063950000
4808.0 0.5979080000
4810.0 0.5908300000
4812.0 0.5730010000
4814.0 0.5605100000
4816.0 0.5459800000
4818.0 0.5303290000
4820.0 0.5118430000
4822.0 0.4910560000
4824.0 0.4717090000
4826.0 0.4520230000
4828.0 0.4292290000
4830.0 0.4063220000
4832.0 0.3833810000
4834.0 0.3643680000
4836.0 0.3407790000
4838.0 0.3188320000
4840.0 0.2972510000
4842.0 0.2768880000
4844.0 0.2565560000
4846.0 0.2384480000
4848.0 0.2214000000
4850.0 0.2063670000
4852.0 0.1931820000
4854.0 0.1784090000
4856.0 0.1657180000
4858.0 0.1520140000
4860.0 0.1430190000
4862.0 0.1308780000
4864.0 0.1203390000
4866.0 0.1102940000
4868.0 0.1033310000
4870.0 0.0949689000
4872.0 0.0863919000
4874.0 0.0806998000
4876.0 0.0738028000
4878.0 0.0675676000
4880.0 0.0617284000
4882.0 0.0577678000
4884.0 0.0539629000
4886.0 0.0499439000
4888.0 0.0465769000
4890.0 0.0431373000
4892.0 0.0404267000
4894.0 0.0381594000
4896.0 0.0351759000
4898.0 0.0329793000
4900.0 0.0312674000
4902.0 0.0283648000
4904.0 0.0272828000
4906.0 0.0250696000
4908.0 0.0238756000
4910.0 0.0217149000
4912.0 0.0205899000
4914.0 0.0194661000
4916.0 0.0183130000
4918.0 0.0172031000
4920.0 0.0160754000
4922.0 0.0155211000
4924.0 0.0143805000
4926.0 0.0133038000
4928.0 0.0132377000
4930.0 0.0121614000
4932.0 0.0115894000
4934.0 0.0110375000
4936.0 0.0104972000
4938.0 0.0104683000
4940.0 0.0099392600
4942.0 0.0093715500
4944.0 0.0088008800
4946.0 0.0082327100
4948.0 0.0082281900
4950.0 0.0076838600
4952.0 0.0071546500
4954.0 0.0071428600
4956.0 0.0065934100
4958.0 0.0065753400
4960.0 0.0060439600
4962.0 0.0065753400
4964.0 0.0060241000
4966.0 0.0054734500
4968.0 0.0054824600
4970.0 0.0054854600
4972.0 0.0049315100
4974.0 0.0049288100
4976.0 0.0043763700
4978.0 0.0043787600
4980.0 0.0043787600
4982.0 0.0038293200
4984.0 0.0032804800
4986.0 0.0038230500
4988.0 0.0038251400
4990.0 0.0038272300
4992.0 0.0032804800
4994.0 0.0032822800
4996.0 0.0032733200
4998.0 0.0032733200
5000.0 0.0027262800
5002.0 0.0027262800
5004.0 0.0027218300
5006.0 0.0027218300
5008.0 0.0027188700
5010.0 0.0027203500
5012.0 0.0027203500
5014.0 0.0021774600
5016.0 0.0027233100
5018.0 0.0021739100
5020.0 0.0021739100
