5340.0 0.0016662000
5342.0 0.0022618000
5344.0 0.0016844500
5346.0 0.0011337900
5348.0 0.0017221600
5350.0 0.0005675370
5352.0 0.0023154800
5354.0 0.0038134300
5356.0 0.0047365300
5358.0 0.0052023100
5360.0 0.0059154100
5362.0 0.0058997000
5364.0 0.0083061400
5366.0 0.0095779700
5368.0 0.0131737000
5370.0 0.0166667000
5372.0 0.0200791000
5374.0 0.0279720000
5376.0 0.0373918000
5378.0 0.0442343000
5380.0 0.0596833000
5382.0 0.0745956000
5384.0 0.0947526000
5386.0 0.1196990000
5388.0 0.1401120000
5390.0 0.1612900000
5392.0 0.1894010000
5394.0 0.2056690000
5396.0 0.2342110000
5398.0 0.2572690000
5400.0 0.2803680000
5402.0 0.3151790000
5404.0 0.3348070000
5406.0 0.3599120000
5408.0 0.3843990000
5410.0 0.4079730000
5412.0 0.4303230000
5414.0 0.4427020000
5416.0 0.4633830000
5418.0 0.4825490000
5420.0 0.4979230000
5422.0 0.5043530000
5424.0 0.5207270000
5426.0 0.5258620000
5428.0 0.5322070000
5430.0 0.5352560000
5432.0 0.5420200000
5434.0 0.5455130000
5436.0 0.5348460000
5438.0 0.5573660000
5440.0 0.5478200000
5442.0 0.5497880000
5444.0 0.5487200000
5446.0 0.5486340000
5448.0 0.5491480000
5450.0 0.5386870000
5452.0 0.5425250000
5454.0 0.5481580000
5456.0 0.5442780000
5458.0 0.5395050000
5460.0 0.5421480000
5462.0 0.5407360000
5464.0 0.5383810000
5466.0 0.5301870000
5468.0 0.5205430000
5470.0 0.5141860000
5472.0 0.5013990000
5474.0 0.4849960000
5476.0 0.4724690000
5478.0 0.4619740000
5480.0 0.4341640000
5482.0 0.4069480000
5484.0 0.3844490000
5486.0 0.3622050000
5488.0 0.3339320000
5490.0 0.3065220000
5492.0 0.2808040000
5494.0 0.2519140000
5496.0 0.2223420000
5498.0 0.1985450000
5500.0 0.1724390000
5502.0 0.1517470000
5504.0 0.1314730000
5506.0 0.1113570000
5508.0 0.0964299000
5510.0 0.0819733000
5512.0 0.0697498000
5514.0 0.0579545000
5516.0 0.0479846000
5518.0 0.0409556000
5520.0 0.0330798000
5522.0 0.0259939000
5524.0 0.0219522000
5526.0 0.0170807000
5528.0 0.0147116000
5530.0 0.0117050000
5532.0 0.0101404000
5534.0 0.0078740200
5536.0 0.0061326200
5538.0 0.0046583800
5540.0 0.0038804800
5542.0 0.0031092100
5544.0 0.0023006100
5546.0 0.0015467900
5548.0 0.0011569600
5550.0 0.0007757950
5552.0 0.0007748930
5554.0 0.0007710100
5556.0 0.0000000000
5558.0 0.0015735600
5560.0 0.0000000000
