6490.0 0.0085000000
6495.0 0.0135000000
6500.0 0.0178000000
6505.0 0.0274000000
6510.0 0.0461000000
6515.0 0.0664000000
6520.0 0.1159000000
6525.0 0.1990000000
6530.0 0.3124000000
6535.0 0.4330000000
6540.0 0.5971000000
6545.0 0.6865000000
6550.0 0.7281000000
6555.0 0.7506000000
6560.0 0.7748000000
6565.0 0.8054000000
6570.0 0.8236000000
6575.0 0.8221000000
6580.0 0.8047000000
6585.0 0.7649000000
6590.0 0.6935000000
6595.0 0.5865000000
6600.0 0.4573000000
6605.0 0.2776000000
6610.0 0.1649000000
6615.0 0.1118000000
6620.0 0.0672000000
6625.0 0.0436000000
6630.0 0.0285000000
6635.0 0.0190000000
6640.0 0.0137000000
6645.0 0.0111000000
6650.0 0.0094000000
6655.0 0.0064000000
6660.0 0.0055000000
6665.0 0.0040000000
6670.0 0.0036000000
