6750.0 0.0000000000
6752.0 0.0000000000
6754.0 0.0000000000
6756.0 0.0000000000
6758.0 0.0000000000
6760.0 0.0011771600
6762.0 0.0017762000
6764.0 0.0012128600
6766.0 0.0018939400
6768.0 0.0024953200
6770.0 0.0050858200
6772.0 0.0071614600
6774.0 0.0078074200
6776.0 0.0099272000
6778.0 0.0113941000
6780.0 0.0150131000
6782.0 0.0183549000
6784.0 0.0268595000
6786.0 0.0328671000
6788.0 0.0446492000
6790.0 0.0579290000
6792.0 0.0793882000
6794.0 0.1082280000
6796.0 0.1443850000
6798.0 0.1881640000
6800.0 0.2453270000
6802.0 0.3073360000
6804.0 0.3891550000
6806.0 0.4800980000
6808.0 0.5560100000
6810.0 0.6112040000
6812.0 0.6889630000
6814.0 0.7222220000
6816.0 0.7482520000
6818.0 0.7607360000
6820.0 0.7676680000
6822.0 0.7728090000
6824.0 0.7763640000
6826.0 0.7758140000
6828.0 0.7639410000
6830.0 0.7743490000
6832.0 0.7785370000
6834.0 0.7884810000
6836.0 0.7895270000
6838.0 0.7957100000
6840.0 0.8002040000
6842.0 0.7938140000
6844.0 0.7960870000
6846.0 0.7947640000
6848.0 0.7957670000
6850.0 0.7858670000
6852.0 0.7984670000
6854.0 0.7851610000
6856.0 0.7847530000
6858.0 0.7651080000
6860.0 0.7710280000
6862.0 0.7699640000
6864.0 0.7689530000
6866.0 0.7613220000
6868.0 0.7630920000
6870.0 0.7672090000
6872.0 0.7626260000
6874.0 0.7601520000
6876.0 0.7698310000
6878.0 0.7720690000
6880.0 0.7690250000
6882.0 0.7577810000
6884.0 0.7362640000
6886.0 0.6862750000
6888.0 0.6251770000
6890.0 0.5143680000
6892.0 0.4277370000
6894.0 0.3353200000
6896.0 0.2590910000
6898.0 0.1791730000
6900.0 0.1408670000
6902.0 0.1003140000
6904.0 0.0765550000
6906.0 0.0536585000
6908.0 0.0409836000
6910.0 0.0299501000
6912.0 0.0203735000
6914.0 0.0171821000
6916.0 0.0104895000
6918.0 0.0070922000
6920.0 0.0018018000
