6600.0 0.0049000000
6650.0 0.0076000000
6700.0 0.0055000000
6750.0 0.0074000000
6800.0 0.0071000000
6850.0 0.0088000000
6900.0 0.0135000000
6950.0 0.0366000000
7000.0 0.2048000000
7050.0 0.6590000000
7100.0 0.7324000000
7150.0 0.7827000000
7200.0 0.8776000000
7250.0 0.9342000000
7300.0 0.9303000000
7350.0 0.8880000000
7400.0 0.8714000000
7450.0 0.8687000000
7500.0 0.8934000000
7550.0 0.9217000000
7600.0 0.9465000000
7650.0 0.9552000000
7700.0 0.9677000000
7750.0 0.9648000000
7800.0 0.9569000000
7850.0 0.9699000000
7900.0 0.9488000000
7950.0 0.9494000000
8000.0 0.9503000000
8050.0 0.9566000000
8100.0 0.9660000000
8150.0 0.9812000000
8200.0 0.9873000000
8250.0 0.9827000000
8300.0 0.9822000000
8350.0 0.9784000000
8400.0 0.9815000000
8450.0 0.9817000000
8500.0 0.9760000000
8550.0 0.9692000000
8600.0 0.9574000000
8650.0 0.9439000000
8700.0 0.9352000000
8750.0 0.9249000000
8800.0 0.9225000000
8850.0 0.9270000000
8900.0 0.9326000000
8950.0 0.9416000000
9000.0 0.9487000000
9050.0 0.9599000000
9100.0 0.9718000000
9150.0 0.9708000000
9200.0 0.9731000000
9250.0 0.9736000000
9300.0 0.9651000000
9350.0 0.9461000000
9400.0 0.9165000000
9450.0 0.8582000000
9500.0 0.7473000000
9550.0 0.5930000000
9600.0 0.4173000000
9650.0 0.2662000000
9700.0 0.1545000000
9750.0 0.0889000000
9800.0 0.0527000000
9850.0 0.0300000000
9900.0 0.0180000000
9950.0 0.0090000000
10000.0 0.0048000000
