7140.0 0.0048000000
7144.0 0.0060000000
7148.0 0.0072000000
7152.0 0.0095000000
7156.0 0.0095000000
7160.0 0.0141000000
7164.0 0.0164000000
7168.0 0.0209000000
7172.0 0.0324000000
7176.0 0.0462000000
7180.0 0.0688000000
7184.0 0.0984000000
7188.0 0.1364000000
7192.0 0.2268000000
7196.0 0.3047000000
7200.0 0.4652000000
7204.0 0.6225000000
7208.0 0.7197000000
7212.0 0.7879000000
7216.0 0.8214000000
7220.0 0.8293000000
7224.0 0.8344000000
7228.0 0.8448000000
7232.0 0.8455000000
7236.0 0.8484000000
7240.0 0.8468000000
7244.0 0.8453000000
7248.0 0.8413000000
7252.0 0.8286000000
7256.0 0.7965000000
7260.0 0.7316000000
7264.0 0.6444000000
7268.0 0.5129000000
7272.0 0.3750000000
7276.0 0.2839000000
7280.0 0.1970000000
7284.0 0.1602000000
7288.0 0.1054000000
7292.0 0.0707000000
7296.0 0.0454000000
7300.0 0.0346000000
7304.0 0.0257000000
7308.0 0.0191000000
7312.0 0.0149000000
7316.0 0.0106000000
7320.0 0.0084000000
7324.0 0.0085000000
7328.0 0.0063000000
7332.0 0.0063000000
7336.0 0.0063000000
7340.0 0.0042000000
