4600.0 0.0020000000
4610.0 0.0032000000
4620.0 0.0026000000
4630.0 0.0038000000
4640.0 0.0051000000
4650.0 0.0057000000
4660.0 0.0063000000
4670.0 0.0088000000
4680.0 0.0113000000
4690.0 0.0156000000
4700.0 0.0193000000
4710.0 0.0261000000
4720.0 0.0360000000
4730.0 0.0531000000
4740.0 0.0789000000
4750.0 0.1261000000
4760.0 0.2098000000
4770.0 0.3552000000
4780.0 0.5337000000
4790.0 0.7164000000
4800.0 0.8304000000
4810.0 0.8444000000
4820.0 0.8154000000
4830.0 0.7771000000
4840.0 0.7564000000
4850.0 0.7533000000
4860.0 0.7620000000
4870.0 0.7789000000
4880.0 0.8005000000
4890.0 0.8207000000
4900.0 0.8387000000
4910.0 0.8525000000
4920.0 0.8634000000
4930.0 0.8704000000
4940.0 0.8740000000
4950.0 0.8763000000
4960.0 0.8767000000
4970.0 0.8737000000
4980.0 0.8692000000
4990.0 0.8604000000
5000.0 0.8529000000
5010.0 0.8451000000
5020.0 0.8377000000
5030.0 0.8318000000
5040.0 0.8298000000
5050.0 0.8348000000
5060.0 0.8441000000
5070.0 0.8566000000
5080.0 0.8538000000
5090.0 0.8109000000
5100.0 0.7284000000
5110.0 0.5704000000
5120.0 0.4097000000
5130.0 0.2874000000
5140.0 0.2005000000
5150.0 0.1375000000
5160.0 0.0953000000
5170.0 0.0665000000
5180.0 0.0481000000
5190.0 0.0365000000
5200.0 0.0288000000
5210.0 0.0236000000
5220.0 0.0190000000
5230.0 0.0150000000
5240.0 0.0123000000
5250.0 0.0104000000
