6500.0 0.0033000000
6505.0 0.0044000000
6510.0 0.0046000000
6515.0 0.0070000000
6520.0 0.0097000000
6525.0 0.0138000000
6530.0 0.0169000000
6535.0 0.0263000000
6540.0 0.0404000000
6545.0 0.0691000000
6550.0 0.1054000000
6555.0 0.1790000000
6560.0 0.2973000000
6565.0 0.4571000000
6570.0 0.6136000000
6575.0 0.7119000000
6580.0 0.8144000000
6585.0 0.8474000000
6590.0 0.8777000000
6595.0 0.8694000000
6600.0 0.8538000000
6605.0 0.8417000000
6610.0 0.8170000000
6615.0 0.7927000000
6620.0 0.7080000000
6625.0 0.6156000000
6630.0 0.5165000000
6635.0 0.3951000000
6640.0 0.2655000000
6645.0 0.1923000000
6650.0 0.1156000000
6655.0 0.0784000000
6660.0 0.0507000000
6665.0 0.0312000000
6670.0 0.0235000000
6675.0 0.0161000000
6680.0 0.0132000000
6685.0 0.0102000000
6690.0 0.0068000000
6695.0 0.0071000000
6700.0 0.0074000000
