5640.0 0.0010663800
5642.0 0.0010721000
5644.0 0.0010773000
5646.0 0.0013513500
5648.0 0.0010846000
5650.0 0.0013616600
5652.0 0.0016406900
5654.0 0.0010976900
5656.0 0.0011028400
5658.0 0.0016602100
5660.0 0.0013892700
5662.0 0.0013939200
5664.0 0.0014001700
5666.0 0.0016863400
5668.0 0.0016910900
5670.0 0.0016987500
5672.0 0.0022714400
5674.0 0.0025633700
5676.0 0.0022863700
5678.0 0.0025825000
5680.0 0.0028810100
5682.0 0.0028893400
5684.0 0.0034853300
5686.0 0.0040745100
5688.0 0.0040911700
5690.0 0.0046824700
5692.0 0.0052894500
5694.0 0.0058944900
5696.0 0.0065031000
5698.0 0.0071237800
5700.0 0.0077565600
5702.0 0.0083707000
5704.0 0.0089928100
5706.0 0.0099128900
5708.0 0.0102286000
5710.0 0.0114561000
5712.0 0.0126888000
5714.0 0.0151561000
5716.0 0.0182871000
5718.0 0.0223515000
5720.0 0.0267610000
5722.0 0.0327262000
5724.0 0.0396899000
5726.0 0.0491905000
5728.0 0.0603125000
5730.0 0.0766332000
5732.0 0.0966929000
5734.0 0.1217970000
5736.0 0.1524290000
5738.0 0.1918420000
5740.0 0.2416670000
5742.0 0.2922430000
5744.0 0.3511150000
5746.0 0.4025340000
5748.0 0.4453510000
5750.0 0.4768930000
5752.0 0.4995060000
5754.0 0.5102580000
5756.0 0.5142860000
5758.0 0.5155160000
5760.0 0.5132240000
5762.0 0.5109240000
5764.0 0.5072560000
5766.0 0.5074480000
5768.0 0.5054500000
5770.0 0.5092400000
5772.0 0.5111720000
5774.0 0.5174680000
5776.0 0.5222380000
5778.0 0.5298640000
5780.0 0.5354140000
5782.0 0.5433100000
5784.0 0.5466760000
5786.0 0.5538570000
5788.0 0.5557530000
5790.0 0.5596560000
5792.0 0.5598700000
5794.0 0.5608520000
5796.0 0.5576500000
5798.0 0.5563250000
5800.0 0.5510800000
5802.0 0.5493370000
5804.0 0.5426360000
5806.0 0.5402600000
5808.0 0.5349700000
5810.0 0.5336070000
5812.0 0.5297860000
5814.0 0.5308730000
5816.0 0.5294780000
5818.0 0.5334350000
5820.0 0.5343250000
5822.0 0.5392870000
5824.0 0.5426920000
5826.0 0.5487620000
5828.0 0.5554690000
5830.0 0.5600310000
5832.0 0.5632860000
5834.0 0.5635360000
5836.0 0.5560840000
5838.0 0.5412510000
5840.0 0.5124300000
5842.0 0.4743640000
5844.0 0.4306010000
5846.0 0.3835170000
5848.0 0.3338800000
5850.0 0.2905490000
5852.0 0.2435680000
5854.0 0.2039280000
5856.0 0.1677180000
5858.0 0.1395350000
5860.0 0.1189970000
5862.0 0.1042740000
5864.0 0.0910262000
5866.0 0.0798102000
5868.0 0.0701602000
5870.0 0.0622551000
5872.0 0.0551664000
5874.0 0.0488556000
5876.0 0.0441891000
5878.0 0.0390937000
5880.0 0.0352679000
5882.0 0.0318958000
5884.0 0.0288809000
5886.0 0.0262800000
5888.0 0.0241678000
5890.0 0.0215497000
5892.0 0.0202578000
5894.0 0.0185014000
5896.0 0.0172093000
5898.0 0.0158953000
5900.0 0.0140911000
5902.0 0.0136922000
5904.0 0.0132890000
5906.0 0.0123928000
5908.0 0.0114998000
5910.0 0.0106126000
5912.0 0.0096852300
5914.0 0.0087633900
5916.0 0.0088105700
5918.0 0.0078740200
5920.0 0.0074257400
5922.0 0.0069651700
5924.0 0.0064967500
5926.0 0.0065326600
5928.0 0.0060667300
5930.0 0.0055894300
5932.0 0.0056179800
5934.0 0.0051308400
5936.0 0.0051626200
5938.0 0.0046656300
5940.0 0.0041666700
5942.0 0.0041906800
5944.0 0.0042083100
5946.0 0.0042238600
5948.0 0.0042485400
5950.0 0.0037373200
5952.0 0.0032154300
5954.0 0.0032292800
5956.0 0.0032432400
5958.0 0.0032573300
5960.0 0.0032644200
5962.0 0.0032715400
5964.0 0.0032804800
5966.0 0.0027502700
5968.0 0.0027654900
5970.0 0.0022284100
