2800.0 0.0083000000
2850.0 0.0096000000
2900.0 0.0180000000
2950.0 0.0166000000
3000.0 0.0183000000
3050.0 0.0179000000
3100.0 0.0171000000
3150.0 0.0270000000
3200.0 0.0844000000
3250.0 0.1834000000
3300.0 0.2950000000
3350.0 0.3926000000
3400.0 0.4747000000
3450.0 0.6002000000
3500.0 0.5857000000
3550.0 0.6165000000
3600.0 0.6781000000
3650.0 0.7012000000
3700.0 0.6341000000
3750.0 0.6196000000
3800.0 0.5660000000
3850.0 0.4781000000
3900.0 0.3563000000
3950.0 0.2299000000
4000.0 0.1277000000
4050.0 0.0529000000
4100.0 0.0164000000
4150.0 0.0038000000
4200.0 0.0013000000
