4990.0 0.0005861660
4992.0 0.0008795070
4994.0 0.0008792500
4996.0 0.0008797650
4998.0 0.0011713000
5000.0 0.0011723300
5002.0 0.0011726800
5004.0 0.0017605600
5006.0 0.0020509800
5008.0 0.0023453500
5010.0 0.0035180300
5012.0 0.0041103900
5014.0 0.0052816900
5016.0 0.0070505300
5018.0 0.0099823800
5020.0 0.0146843000
5022.0 0.0208333000
5024.0 0.0361233000
5026.0 0.0601526000
5028.0 0.1056960000
5030.0 0.1771780000
5032.0 0.2653300000
5034.0 0.3345100000
5036.0 0.3658320000
5038.0 0.3628870000
5040.0 0.3318600000
5042.0 0.2919490000
5044.0 0.2218950000
5046.0 0.1498080000
5048.0 0.0925435000
5050.0 0.0507524000
5052.0 0.0289256000
5054.0 0.0177096000
5056.0 0.0126844000
5058.0 0.0088547800
5060.0 0.0064935100
5062.0 0.0053128700
5064.0 0.0041334500
5066.0 0.0032458000
5068.0 0.0023619700
5070.0 0.0020691700
5072.0 0.0017709600
5074.0 0.0014784200
5076.0 0.0011855400
5078.0 0.0011848300
5080.0 0.0011873000
5082.0 0.0008931230
5084.0 0.0008936550
5086.0 0.0011954600
5088.0 0.0008973980
5090.0 0.0005995200
