7340.0 0.0042000000
7344.0 0.0042000000
7348.0 0.0042000000
7352.0 0.0063000000
7356.0 0.0063000000
7360.0 0.0062000000
7364.0 0.0083000000
7368.0 0.0104000000
7372.0 0.0104000000
7376.0 0.0123000000
7380.0 0.0186000000
7384.0 0.0228000000
7388.0 0.0269000000
7392.0 0.0392000000
7396.0 0.0494000000
7400.0 0.0722000000
7404.0 0.0980000000
7408.0 0.1411000000
7412.0 0.2188000000
7416.0 0.3115000000
7420.0 0.4338000000
7424.0 0.5214000000
7428.0 0.6517000000
7432.0 0.7393000000
7436.0 0.7886000000
7440.0 0.8167000000
7444.0 0.8259000000
7448.0 0.8316000000
7452.0 0.8249000000
7456.0 0.8283000000
7460.0 0.8320000000
7464.0 0.8330000000
7468.0 0.8277000000
7472.0 0.8310000000
7476.0 0.8240000000
7480.0 0.8277000000
7484.0 0.8207000000
7488.0 0.8115000000
7492.0 0.8124000000
7496.0 0.8028000000
7500.0 0.7714000000
7504.0 0.7366000000
7508.0 0.6892000000
7512.0 0.6064000000
7516.0 0.5217000000
7520.0 0.3881000000
7524.0 0.3010000000
7528.0 0.2079000000
7532.0 0.1485000000
7536.0 0.1107000000
7540.0 0.0730000000
7544.0 0.0592000000
7548.0 0.0472000000
7552.0 0.0316000000
7556.0 0.0256000000
7560.0 0.0196000000
7564.0 0.0157000000
7568.0 0.0127000000
7572.0 0.0117000000
7576.0 0.0098000000
7580.0 0.0078000000
