7040.0 0.0051000000
7044.0 0.0050000000
7048.0 0.0050000000
7052.0 0.0075000000
7056.0 0.0075000000
7060.0 0.0100000000
7064.0 0.0099000000
7068.0 0.0147000000
7072.0 0.0172000000
7076.0 0.0219000000
7080.0 0.0317000000
7084.0 0.0437000000
7088.0 0.0581000000
7092.0 0.0889000000
7096.0 0.1298000000
7100.0 0.2014000000
7104.0 0.2673000000
7108.0 0.3619000000
7112.0 0.4692000000
7116.0 0.5967000000
7120.0 0.6972000000
7124.0 0.7570000000
7128.0 0.7731000000
7132.0 0.7852000000
7136.0 0.7968000000
7140.0 0.8037000000
7144.0 0.8132000000
7148.0 0.8186000000
7152.0 0.8213000000
7156.0 0.8198000000
7160.0 0.8085000000
7164.0 0.8022000000
7168.0 0.7709000000
7172.0 0.7219000000
7176.0 0.6206000000
7180.0 0.4913000000
7184.0 0.3636000000
7188.0 0.2635000000
7192.0 0.2390000000
7196.0 0.1164000000
7200.0 0.0730000000
7204.0 0.0514000000
7208.0 0.0384000000
7212.0 0.0275000000
7216.0 0.0212000000
7220.0 0.0169000000
7224.0 0.0147000000
7228.0 0.0126000000
7232.0 0.0105000000
7236.0 0.0084000000
7240.0 0.0073000000
