5200.0 0.0022234600
5202.0 0.0022222200
5204.0 0.0022246900
5206.0 0.0022284100
5208.0 0.0027901800
5210.0 0.0027995500
5212.0 0.0027979900
5214.0 0.0028074100
5216.0 0.0028074100
5218.0 0.0033860000
5220.0 0.0033840900
5222.0 0.0033879200
5224.0 0.0033994300
5226.0 0.0039570400
5228.0 0.0033955900
5230.0 0.0033994300
5232.0 0.0039615200
5234.0 0.0045403000
5236.0 0.0045506300
5238.0 0.0039818000
5240.0 0.0045636000
5242.0 0.0045714300
5244.0 0.0045740400
5246.0 0.0051487400
5248.0 0.0057405300
5250.0 0.0057438200
5252.0 0.0063400600
5254.0 0.0063291100
5256.0 0.0069124400
5258.0 0.0063510400
5260.0 0.0069404300
5262.0 0.0075188000
5264.0 0.0075581400
5266.0 0.0075581400
5268.0 0.0081490100
5270.0 0.0087719300
5272.0 0.0087668000
5274.0 0.0087976500
5276.0 0.0093951800
5278.0 0.0094007000
5280.0 0.0100354000
5282.0 0.0106195000
5284.0 0.0112426000
5286.0 0.0112693000
5288.0 0.0118977000
5290.0 0.0131500000
5292.0 0.0137395000
5294.0 0.0144058000
5296.0 0.0150150000
5298.0 0.0156532000
5300.0 0.0163043000
5302.0 0.0175545000
5304.0 0.0187993000
5306.0 0.0194529000
5308.0 0.0202082000
5310.0 0.0214067000
5312.0 0.0220723000
5314.0 0.0233272000
5316.0 0.0252930000
5318.0 0.0264778000
5320.0 0.0284830000
5322.0 0.0298507000
5324.0 0.0318352000
5326.0 0.0343965000
5328.0 0.0364093000
5330.0 0.0389937000
5332.0 0.0410872000
5334.0 0.0443600000
5336.0 0.0472240000
5338.0 0.0509879000
5340.0 0.0543478000
5342.0 0.0577293000
5344.0 0.0617363000
5346.0 0.0663660000
5348.0 0.0711054000
5350.0 0.0752270000
5352.0 0.0821382000
5354.0 0.0862745000
5356.0 0.0928712000
5358.0 0.0996721000
5360.0 0.1074490000
5362.0 0.1150790000
5364.0 0.1235060000
5366.0 0.1340000000
5368.0 0.1437170000
5370.0 0.1551380000
5372.0 0.1666670000
5374.0 0.1835360000
5376.0 0.1955350000
5378.0 0.2137510000
5380.0 0.2283570000
5382.0 0.2469220000
5384.0 0.2625090000
5386.0 0.2858130000
5388.0 0.3041380000
5390.0 0.3268700000
5392.0 0.3490630000
5394.0 0.3720440000
5396.0 0.3941300000
5398.0 0.4222690000
5400.0 0.4427270000
5402.0 0.4745400000
5404.0 0.4925800000
5406.0 0.5216470000
5408.0 0.5419630000
5410.0 0.5675480000
5412.0 0.5823780000
5414.0 0.6030150000
5416.0 0.6241900000
5418.0 0.6437860000
5420.0 0.6582000000
5422.0 0.6768780000
5424.0 0.6912950000
5426.0 0.7025640000
5428.0 0.7110290000
5430.0 0.7177600000
5432.0 0.7257940000
5434.0 0.7297700000
5436.0 0.7353160000
5438.0 0.7373130000
5440.0 0.7419600000
5442.0 0.7409910000
5444.0 0.7447130000
5446.0 0.7426190000
5448.0 0.7445030000
5450.0 0.7435310000
5452.0 0.7433360000
5454.0 0.7400610000
5456.0 0.7413660000
5458.0 0.7417370000
5460.0 0.7391970000
5462.0 0.7393660000
5464.0 0.7350890000
5466.0 0.7388930000
5468.0 0.7340090000
5470.0 0.7364710000
5472.0 0.7296240000
5474.0 0.7338580000
5476.0 0.7304350000
5478.0 0.7331210000
5480.0 0.7309520000
5482.0 0.7324840000
5484.0 0.7266930000
5486.0 0.7307690000
5488.0 0.7279290000
5490.0 0.7308620000
5492.0 0.7297730000
5494.0 0.7303640000
5496.0 0.7307380000
5498.0 0.7306750000
5500.0 0.7308320000
5502.0 0.7315880000
5504.0 0.7323480000
5506.0 0.7321280000
5508.0 0.7301980000
5510.0 0.7328370000
5512.0 0.7325580000
5514.0 0.7331670000
5516.0 0.7293920000
5518.0 0.7295490000
5520.0 0.7315440000
5522.0 0.7304780000
5524.0 0.7287280000
5526.0 0.7305740000
5528.0 0.7275800000
5530.0 0.7300510000
5532.0 0.7261900000
5534.0 0.7271950000
5536.0 0.7262620000
5538.0 0.7247860000
5540.0 0.7238420000
5542.0 0.7228920000
5544.0 0.7205880000
5546.0 0.7222220000
5548.0 0.7163920000
5550.0 0.7160280000
5552.0 0.7126640000
5554.0 0.7099040000
5556.0 0.7082600000
5558.0 0.7068660000
5560.0 0.7043250000
5562.0 0.7011490000
5564.0 0.6985820000
5566.0 0.6965390000
5568.0 0.6946430000
5570.0 0.6913470000
5572.0 0.6902420000
5574.0 0.6839750000
5576.0 0.6828390000
5578.0 0.6775070000
5580.0 0.6754310000
5582.0 0.6672730000
5584.0 0.6660580000
5586.0 0.6587370000
5588.0 0.6550460000
5590.0 0.6470590000
5592.0 0.6414750000
5594.0 0.6335810000
5596.0 0.6273230000
5598.0 0.6154560000
5600.0 0.6069090000
5602.0 0.5968190000
5604.0 0.5859150000
5606.0 0.5753300000
5608.0 0.5623820000
5610.0 0.5492420000
5612.0 0.5346630000
5614.0 0.5214490000
5616.0 0.5061960000
5618.0 0.4918660000
5620.0 0.4759620000
5622.0 0.4581330000
5624.0 0.4396140000
5626.0 0.4191670000
5628.0 0.4003890000
5630.0 0.3840160000
5632.0 0.3665690000
5634.0 0.3460780000
5636.0 0.3257870000
5638.0 0.3115730000
5640.0 0.2956350000
5642.0 0.2787700000
5644.0 0.2664670000
5646.0 0.2487510000
5648.0 0.2359440000
5650.0 0.2221110000
5652.0 0.2088800000
5654.0 0.1955420000
5656.0 0.1835700000
5658.0 0.1719230000
5660.0 0.1622450000
5662.0 0.1504610000
5664.0 0.1406570000
5666.0 0.1329900000
5668.0 0.1242240000
5670.0 0.1170980000
5672.0 0.1091480000
5674.0 0.1033400000
5676.0 0.0964361000
5678.0 0.0924370000
5680.0 0.0864067000
5682.0 0.0813954000
5684.0 0.0775770000
5686.0 0.0712766000
5688.0 0.0683761000
5690.0 0.0633047000
5692.0 0.0602151000
5694.0 0.0569280000
5696.0 0.0529730000
5698.0 0.0510870000
5700.0 0.0489130000
5702.0 0.0469432000
5704.0 0.0438116000
5706.0 0.0406147000
5708.0 0.0385888000
5710.0 0.0365448000
5712.0 0.0344062000
5714.0 0.0322940000
5716.0 0.0313550000
5718.0 0.0292135000
5720.0 0.0281532000
5722.0 0.0271186000
5724.0 0.0261067000
5726.0 0.0250569000
5728.0 0.0228571000
5730.0 0.0229095000
5732.0 0.0206897000
5734.0 0.0207852000
5736.0 0.0196759000
5738.0 0.0185615000
5740.0 0.0174419000
5742.0 0.0175234000
5744.0 0.0164512000
5746.0 0.0152941000
5748.0 0.0153664000
5750.0 0.0154211000
5752.0 0.0142518000
5754.0 0.0131265000
5756.0 0.0131737000
5758.0 0.0120192000
5760.0 0.0120627000
5762.0 0.0109091000
5764.0 0.0097323600
5766.0 0.0097680100
5768.0 0.0098039200
5770.0 0.0085889600
5772.0 0.0086206900
5774.0 0.0086419800
5776.0 0.0074441700
5778.0 0.0074719800
5780.0 0.0074813000
5782.0 0.0075188000
5784.0 0.0062972300
5786.0 0.0063211100
5788.0 0.0063371400
5790.0 0.0063613200
5792.0 0.0063938600
5794.0 0.0063938600
5796.0 0.0064184900
5798.0 0.0064516100
5800.0 0.0064683100
