10984.500000 0.005638
10996.500000 0.009414
11009.300000 0.000065
11018.400000 0.004935
11023.500000 0.010104
11042.400000 0.005327
11065.300000 0.001544
11084.400000 0.008997
11105.300000 0.006706
11119.300000 0.009785
11143.300000 0.010376
11144.200000 0.004411
11164.300000 0.010073
11171.300000 0.014447
11176.200000 0.008281
11189.300000 0.014045
11201.300000 0.013645
11221.400000 0.020401
11234.500000 0.024873
11248.300000 0.021290
11259.500000 0.029043
11264.400000 0.025363
11267.500000 0.031726
11283.500000 0.032418
11309.600000 0.036688
11318.700000 0.042651
11331.600000 0.041157
11340.800000 0.048413
11350.900000 0.054973
11359.000000 0.059943
11363.900000 0.056561
11377.000000 0.061430
11395.200000 0.073059
11397.100000 0.067888
11402.300000 0.077631
11414.300000 0.078921
11415.500000 0.087670
11416.400000 0.083395
11435.500000 0.090947
11444.700000 0.098899
11453.800000 0.104962
11457.000000 0.115997
11459.100000 0.118582
11460.900000 0.111025
11474.100000 0.120468
11490.700000 0.149496
11506.000000 0.163114
11512.100000 0.170370
11522.500000 0.187668
11528.600000 0.195124
11531.100000 0.173051
11543.700000 0.198401
11554.800000 0.204663
11559.200000 0.224248
11561.900000 0.213510
11573.600000 0.244130
11574.400000 0.233690
11587.700000 0.250391
11591.000000 0.263614
11599.200000 0.273455
11602.300000 0.281110
11608.400000 0.284688
11621.400000 0.286773
11628.900000 0.307352
11637.100000 0.320375
11640.300000 0.328527
11643.400000 0.335387
11653.500000 0.336777
11667.700000 0.349401
11669.100000 0.369981
11674.300000 0.378431
11674.400000 0.382806
11684.500000 0.385488
11694.800000 0.400300
11709.000000 0.411333
11715.200000 0.424456
11717.500000 0.436287
11722.600000 0.440760
11726.700000 0.447321
11733.900000 0.458256
11739.100000 0.466110
11745.300000 0.473764
11760.600000 0.488675
11772.700000 0.496129
11782.100000 0.515614
11786.200000 0.521479
11794.300000 0.526150
11806.300000 0.524458
11806.400000 0.530522
11812.600000 0.538674
11813.800000 0.551002
11821.900000 0.556171
11832.000000 0.558753
11837.900000 0.557957
11852.200000 0.571575
11859.300000 0.577439
11867.200000 0.574952
11882.600000 0.593143
11888.800000 0.601991
11898.000000 0.614019
11911.200000 0.623860
11920.300000 0.626840
11927.200000 0.624552
11942.400000 0.633199
11947.600000 0.643836
11965.700000 0.651289
11979.800000 0.657649
11992.900000 0.660828
12005.900000 0.664902
12013.900000 0.664800
12022.900000 0.665395
12037.100000 0.675334
12046.000000 0.671952
12057.100000 0.678810
12065.200000 0.683083
12076.200000 0.682683
12090.200000 0.685067
12105.300000 0.688145
12114.300000 0.690530
12126.300000 0.691820
12126.400000 0.696393
12130.500000 0.702855
12154.400000 0.698873
12165.500000 0.702350
12188.400000 0.702047
12205.400000 0.702839
12214.300000 0.699556
12238.600000 0.712774
12258.300000 0.703523
12259.200000 0.700441
12262.300000 0.702031
12274.200000 0.699344
12274.200000 0.700637
12292.100000 0.696656
12310.400000 0.712759
12318.200000 0.701224
12326.200000 0.705298
12341.200000 0.703704
12358.200000 0.707678
12364.300000 0.710759
12375.200000 0.709961
12390.400000 0.716520
12393.400000 0.719402
12413.400000 0.722381
12417.500000 0.727351
12432.400000 0.724067
12434.500000 0.727347
12451.500000 0.730028
12468.500000 0.730025
12473.700000 0.739071
12481.700000 0.741754
12494.700000 0.739663
12507.600000 0.738964
12516.800000 0.747016
12518.700000 0.742342
12531.700000 0.743234
12551.700000 0.745020
12561.800000 0.750486
12564.900000 0.754363
12577.800000 0.753465
12596.800000 0.754356
12608.000000 0.762308
12610.800000 0.757634
12617.000000 0.765189
12624.000000 0.767077
12638.000000 0.768863
12639.000000 0.766775
12639.100000 0.769857
12647.000000 0.765878
12667.900000 0.767067
12675.900000 0.767861
12682.800000 0.762391
12690.900000 0.766664
12707.900000 0.767754
12708.000000 0.772030
12713.900000 0.770338
12721.000000 0.775904
12730.100000 0.777792
12748.100000 0.779180
12756.200000 0.786834
12775.700000 0.764459
12789.900000 0.774498
12806.900000 0.776085
12814.000000 0.780856
12829.100000 0.787713
12844.900000 0.778165
12860.900000 0.779553
12873.800000 0.777960
12900.800000 0.781434
12909.700000 0.776659
12923.700000 0.775563
12939.600000 0.772875
12955.800000 0.783907
12965.700000 0.779530
12981.100000 0.755069
12996.400000 0.770973
13020.300000 0.767588
13027.100000 0.757047
13042.000000 0.757342
13066.600000 0.740037
13078.600000 0.740233
13104.300000 0.727203
13121.200000 0.727001
13135.000000 0.715465
13143.100000 0.720235
13153.800000 0.708998
13173.700000 0.706906
13188.600000 0.705014
13193.700000 0.709785
13218.700000 0.709382
13240.800000 0.716237
13250.800000 0.719019
13265.800000 0.717524
13289.000000 0.731638
13302.000000 0.730144
13318.900000 0.729842
13331.200000 0.740577
13342.100000 0.737393
13348.200000 0.741766
13358.100000 0.738384
13382.000000 0.736390
13403.900000 0.734993
13409.800000 0.730618
13421.700000 0.727533
13447.800000 0.735680
13450.700000 0.728123
13468.600000 0.728020
13471.600000 0.726528
13484.600000 0.727917
13492.600000 0.727418
13516.700000 0.733180
13525.600000 0.729598
13534.600000 0.734170
13556.600000 0.735159
13561.900000 0.745996
13580.100000 0.759116
13589.800000 0.745691
13610.100000 0.760302
13614.900000 0.752149
13623.100000 0.763978
13638.500000 0.736037
13671.100000 0.766255
13672.800000 0.707296
13701.800000 0.753621
13706.600000 0.702516
13721.000000 0.721304
13723.200000 0.684815
13744.300000 0.690676
13766.600000 0.658160
13781.600000 0.660443
13795.200000 0.641550
13800.100000 0.640753
13804.000000 0.635383
13823.300000 0.648702
13823.600000 0.619770
13842.500000 0.660629
13858.700000 0.628114
13873.900000 0.634374
13877.700000 0.674044
13894.300000 0.658828
13903.300000 0.659224
13912.600000 0.671948
13924.600000 0.674034
13924.800000 0.683877
13939.800000 0.685066
13954.100000 0.699579
13967.000000 0.694506
13969.600000 0.722841
13976.600000 0.725325
13988.700000 0.730990
14004.600000 0.725419
14012.100000 0.705234
14032.500000 0.722828
14037.000000 0.700357
14048.400000 0.674802
14065.600000 0.640100
14071.800000 0.604106
14072.200000 0.577162
14079.300000 0.440750
14079.300000 0.532221
14079.500000 0.497919
14080.000000 0.518997
14080.100000 0.476742
14080.700000 0.460337
14087.400000 0.354050
14087.600000 0.410523
14088.900000 0.424244
14091.100000 0.294594
14091.500000 0.266556
14092.900000 0.241799
14094.400000 0.215550
14094.900000 0.379303
14095.600000 0.320244
14102.100000 0.158777
14108.800000 0.188901
14110.600000 0.135510
14117.100000 0.115425
14120.500000 0.087884
14123.300000 0.077940
14133.600000 0.046520
14136.300000 0.079528
14144.600000 0.048805
14160.000000 0.022652
14178.000000 0.020064
14189.800000 0.013598
14198.900000 0.016977
14216.600000 0.009119
14233.600000 0.009314
14241.600000 0.010803
14251.500000 0.004836
14266.500000 0.004335
