21165.000000 0.004200
21167.000000 0.005600
21169.000000 0.005600
21170.000000 0.005600
21172.000000 0.005600
21174.000000 0.005600
21176.000000 0.005600
21177.000000 0.005600
21179.000000 0.005600
21181.000000 0.005600
21182.000000 0.005600
21184.000000 0.005600
21186.000000 0.005600
21188.000000 0.005600
21189.000000 0.007000
21191.000000 0.007000
21193.000000 0.007000
21194.000000 0.007000
21196.000000 0.007000
21198.000000 0.008300
21200.000000 0.008300
21201.000000 0.008300
21203.000000 0.008300
21205.000000 0.008300
21206.000000 0.009700
21208.000000 0.009700
21210.000000 0.009700
21211.000000 0.009700
21213.000000 0.009700
21215.000000 0.009700
21217.000000 0.009700
21218.000000 0.009700
21220.000000 0.012500
21222.000000 0.012500
21223.000000 0.013900
21225.000000 0.015300
21227.000000 0.016700
21229.000000 0.018100
21230.000000 0.019500
21232.000000 0.019500
21234.000000 0.020900
21235.000000 0.022200
21237.000000 0.022200
21239.000000 0.023600
21240.000000 0.025000
21242.000000 0.026400
21244.000000 0.027800
21246.000000 0.027800
21247.000000 0.030600
21249.000000 0.032000
21251.000000 0.033400
21252.000000 0.036200
21254.000000 0.037500
21256.000000 0.040300
21258.000000 0.041700
21259.000000 0.044500
21261.000000 0.045900
21263.000000 0.048700
21264.000000 0.050100
21266.000000 0.051500
21268.000000 0.054200
21269.000000 0.058400
21271.000000 0.064000
21273.000000 0.068100
21275.000000 0.073700
21276.000000 0.079300
21278.000000 0.084800
21280.000000 0.093200
21281.000000 0.100100
21283.000000 0.107100
21285.000000 0.114000
21287.000000 0.121000
21288.000000 0.126500
21290.000000 0.133500
21292.000000 0.140400
21293.000000 0.137700
21295.000000 0.154400
21297.000000 0.161300
21299.000000 0.168300
21300.000000 0.175200
21302.000000 0.187700
21304.000000 0.201600
21305.000000 0.215500
21307.000000 0.229400
21309.000000 0.243400
21310.000000 0.248900
21312.000000 0.254500
21314.000000 0.260000
21316.000000 0.267000
21317.000000 0.272600
21319.000000 0.293400
21321.000000 0.314300
21322.000000 0.335100
21324.000000 0.349000
21326.000000 0.364300
21328.000000 0.379600
21329.000000 0.394900
21331.000000 0.410200
21333.000000 0.422700
21334.000000 0.435300
21336.000000 0.433900
21338.000000 0.460300
21339.000000 0.472800
21341.000000 0.486700
21343.000000 0.500600
21345.000000 0.514500
21346.000000 0.529800
21348.000000 0.542300
21350.000000 0.554800
21351.000000 0.563200
21353.000000 0.579900
21355.000000 0.589600
21357.000000 0.585400
21358.000000 0.595200
21360.000000 0.616000
21362.000000 0.628500
21363.000000 0.636900
21365.000000 0.645200
21367.000000 0.649400
21369.000000 0.653600
21370.000000 0.659100
21372.000000 0.663300
21374.000000 0.667500
21375.000000 0.670300
21377.000000 0.674400
21379.000000 0.674400
21380.000000 0.674400
21382.000000 0.674400
21384.000000 0.674400
21386.000000 0.674400
21387.000000 0.674400
21389.000000 0.674400
21391.000000 0.677200
21392.000000 0.678600
21394.000000 0.680000
21396.000000 0.680000
21398.000000 0.680000
21399.000000 0.680000
21401.000000 0.680000
21403.000000 0.680000
21404.000000 0.680000
21406.000000 0.680000
21408.000000 0.680000
21409.000000 0.680000
21411.000000 0.680000
21413.000000 0.680000
21415.000000 0.680000
21416.000000 0.680000
21418.000000 0.680000
21420.000000 0.680000
21421.000000 0.680000
21423.000000 0.680000
21425.000000 0.680000
21427.000000 0.678600
21428.000000 0.677200
21430.000000 0.677200
21432.000000 0.675800
21433.000000 0.675800
21435.000000 0.675800
21437.000000 0.675800
21438.000000 0.675800
21440.000000 0.675800
21442.000000 0.675800
21444.000000 0.675800
21445.000000 0.675800
21447.000000 0.675800
21449.000000 0.674400
21450.000000 0.674400
21452.000000 0.674400
21454.000000 0.673000
21456.000000 0.673000
21457.000000 0.671700
21459.000000 0.671700
21461.000000 0.671700
21462.000000 0.671700
21464.000000 0.671700
21466.000000 0.671700
21468.000000 0.671700
21469.000000 0.671700
21471.000000 0.671700
21473.000000 0.671700
21474.000000 0.671700
21476.000000 0.671700
21478.000000 0.671700
21479.000000 0.668900
21481.000000 0.668900
21483.000000 0.666100
21485.000000 0.666100
21486.000000 0.666100
21488.000000 0.666100
21490.000000 0.666100
21491.000000 0.666100
21493.000000 0.663300
21495.000000 0.659100
21497.000000 0.656400
21498.000000 0.652200
21500.000000 0.648000
21502.000000 0.642500
21503.000000 0.643800
21505.000000 0.628500
21507.000000 0.623000
21508.000000 0.616000
21510.000000 0.616000
21512.000000 0.602100
21514.000000 0.582700
21515.000000 0.553500
21517.000000 0.535400
21519.000000 0.529800
21520.000000 0.496400
21522.000000 0.477000
21524.000000 0.457500
21526.000000 0.438000
21527.000000 0.421300
21529.000000 0.399100
21531.000000 0.379600
21532.000000 0.360200
21534.000000 0.336500
21536.000000 0.311500
21538.000000 0.300400
21539.000000 0.262800
21541.000000 0.250300
21543.000000 0.237800
21544.000000 0.225300
21546.000000 0.212800
21548.000000 0.200200
21549.000000 0.187700
21551.000000 0.175200
21553.000000 0.162700
21555.000000 0.150200
21556.000000 0.137700
21558.000000 0.125200
21560.000000 0.112600
21561.000000 0.107100
21563.000000 0.100100
21565.000000 0.093200
21567.000000 0.086200
21568.000000 0.079300
21570.000000 0.072300
21572.000000 0.065400
21573.000000 0.061200
21575.000000 0.057000
21577.000000 0.052800
21578.000000 0.048700
21580.000000 0.044500
21582.000000 0.040300
21584.000000 0.038900
21585.000000 0.036200
21587.000000 0.033400
21589.000000 0.032000
21590.000000 0.029200
21592.000000 0.026400
21594.000000 0.023600
21596.000000 0.022200
21597.000000 0.022200
21599.000000 0.020900
21601.000000 0.020900
21602.000000 0.018100
21604.000000 0.018100
21606.000000 0.016700
21607.000000 0.016700
21609.000000 0.015300
21611.000000 0.013900
21613.000000 0.012500
21614.000000 0.012500
21616.000000 0.011100
21618.000000 0.009700
21619.000000 0.009700
21621.000000 0.008300
21623.000000 0.008300
21625.000000 0.007000
21626.000000 0.007000
21628.000000 0.005600
21630.000000 0.005600
21631.000000 0.004200
