14463.000000 0.005300
14470.000000 0.006815
14476.000000 0.009843
14483.000000 0.012872
14489.000000 0.015901
14496.000000 0.018930
14502.000000 0.021958
14509.000000 0.024987
14515.000000 0.026501
14521.000000 0.029530
14528.000000 0.031044
14534.000000 0.034073
14541.000000 0.037102
14547.000000 0.041645
14554.000000 0.046188
14560.000000 0.050731
14566.000000 0.053760
14573.000000 0.058303
14579.000000 0.062846
14586.000000 0.068903
14592.000000 0.073446
14599.000000 0.077990
14605.000000 0.084047
14612.000000 0.087076
14618.000000 0.091619
14624.000000 0.097676
14631.000000 0.099191
14637.000000 0.112820
14644.000000 0.120392
14650.000000 0.127963
14657.000000 0.137050
14663.000000 0.144621
14669.000000 0.152193
14676.000000 0.159765
14682.000000 0.171880
14689.000000 0.185509
14695.000000 0.199138
14702.000000 0.200653
14708.000000 0.226397
14715.000000 0.238512
14721.000000 0.252141
14727.000000 0.262742
14734.000000 0.273342
14740.000000 0.282428
14747.000000 0.293029
14753.000000 0.302115
14760.000000 0.302115
14766.000000 0.323316
14772.000000 0.332402
14779.000000 0.343003
14785.000000 0.352089
14792.000000 0.365718
14798.000000 0.353603
14805.000000 0.392976
14811.000000 0.406606
14818.000000 0.421749
14824.000000 0.435379
14830.000000 0.449008
14837.000000 0.462637
14843.000000 0.477781
14850.000000 0.491410
14856.000000 0.505039
14863.000000 0.514125
14869.000000 0.506554
14875.000000 0.535326
14882.000000 0.545927
14888.000000 0.556527
14895.000000 0.562585
14901.000000 0.570157
14908.000000 0.577728
14914.000000 0.585300
14921.000000 0.592872
14927.000000 0.598930
14933.000000 0.606501
14940.000000 0.611044
14946.000000 0.617102
14953.000000 0.621645
14959.000000 0.627702
14966.000000 0.633760
14972.000000 0.638303
14978.000000 0.639817
14985.000000 0.648903
14991.000000 0.651932
14998.000000 0.654961
15004.000000 0.656475
15011.000000 0.659504
15017.000000 0.657990
15024.000000 0.665561
15030.000000 0.667076
15036.000000 0.670104
15043.000000 0.673133
15049.000000 0.676162
15056.000000 0.677676
15062.000000 0.677676
15069.000000 0.685248
15075.000000 0.685248
15081.000000 0.689791
15088.000000 0.689791
15094.000000 0.695849
15101.000000 0.697363
15107.000000 0.700392
15114.000000 0.700392
15120.000000 0.706449
15127.000000 0.707963
15133.000000 0.709478
15139.000000 0.709478
15146.000000 0.717050
15152.000000 0.717050
15159.000000 0.718564
15165.000000 0.720078
15172.000000 0.724621
15178.000000 0.727650
15184.000000 0.727650
15191.000000 0.733708
15197.000000 0.738251
15204.000000 0.739765
15210.000000 0.739765
15217.000000 0.741279
15223.000000 0.741279
15230.000000 0.750366
15236.000000 0.753394
15242.000000 0.757937
15249.000000 0.759452
15255.000000 0.759452
15262.000000 0.759452
15268.000000 0.770052
15275.000000 0.771567
15281.000000 0.776110
15287.000000 0.777624
15294.000000 0.780653
15300.000000 0.783681
15307.000000 0.785196
15313.000000 0.785196
15320.000000 0.792768
15326.000000 0.795796
15333.000000 0.798825
15339.000000 0.801854
15345.000000 0.804883
15352.000000 0.807911
15358.000000 0.810940
15365.000000 0.810940
15371.000000 0.816997
15378.000000 0.818512
15384.000000 0.818512
15390.000000 0.820026
15397.000000 0.820026
15403.000000 0.821540
15410.000000 0.824569
15416.000000 0.826084
15423.000000 0.827598
15429.000000 0.829112
15436.000000 0.829112
15442.000000 0.829112
15448.000000 0.829112
15455.000000 0.829112
15461.000000 0.829112
15468.000000 0.829112
15474.000000 0.829112
15481.000000 0.829112
15487.000000 0.829112
15493.000000 0.829112
15500.000000 0.829112
15506.000000 0.829112
15513.000000 0.829112
15519.000000 0.829112
15526.000000 0.830627
15532.000000 0.829112
15539.000000 0.829112
15545.000000 0.829112
15551.000000 0.826084
15558.000000 0.824569
15564.000000 0.826084
15571.000000 0.824569
15577.000000 0.821540
15584.000000 0.820026
15590.000000 0.818512
15596.000000 0.816997
15603.000000 0.815483
15609.000000 0.813969
15616.000000 0.813969
15622.000000 0.812454
15629.000000 0.810940
15635.000000 0.809426
15642.000000 0.807911
15648.000000 0.806397
15654.000000 0.806397
15661.000000 0.804883
15667.000000 0.803368
15674.000000 0.803368
15680.000000 0.801854
15687.000000 0.801854
15693.000000 0.800339
15699.000000 0.800339
15706.000000 0.800339
15712.000000 0.800339
15719.000000 0.800339
15725.000000 0.800339
15732.000000 0.800339
15738.000000 0.800339
15745.000000 0.800339
15751.000000 0.800339
15757.000000 0.800339
15764.000000 0.800339
15770.000000 0.797311
15777.000000 0.797311
15783.000000 0.797311
15790.000000 0.797311
15796.000000 0.797311
15802.000000 0.797311
15809.000000 0.797311
15815.000000 0.797311
15822.000000 0.797311
15828.000000 0.797311
15835.000000 0.797311
15841.000000 0.798825
15848.000000 0.798825
15854.000000 0.800339
15860.000000 0.800339
15867.000000 0.800339
15873.000000 0.801854
15880.000000 0.803368
15886.000000 0.803368
15893.000000 0.803368
15899.000000 0.806397
15905.000000 0.806397
15912.000000 0.807911
15918.000000 0.807911
15925.000000 0.807911
15931.000000 0.807911
15938.000000 0.809426
15944.000000 0.809426
15951.000000 0.809426
15957.000000 0.809426
15963.000000 0.809426
15970.000000 0.809426
15976.000000 0.809426
15983.000000 0.809426
15989.000000 0.810940
15996.000000 0.812454
16002.000000 0.820026
16008.000000 0.820026
16015.000000 0.823055
16021.000000 0.823055
16028.000000 0.823055
16034.000000 0.824569
16041.000000 0.827598
16047.000000 0.829112
16053.000000 0.832141
16060.000000 0.833655
16066.000000 0.835170
16073.000000 0.838198
16079.000000 0.841227
16086.000000 0.844256
16092.000000 0.847285
16099.000000 0.848799
16105.000000 0.848799
16111.000000 0.848799
16118.000000 0.848799
16124.000000 0.848799
16131.000000 0.845770
16137.000000 0.845770
16144.000000 0.845770
16150.000000 0.845770
16156.000000 0.850313
16163.000000 0.856371
16169.000000 0.862428
16176.000000 0.863943
16182.000000 0.863943
16189.000000 0.865457
16195.000000 0.866971
16202.000000 0.868486
16208.000000 0.868486
16214.000000 0.868486
16221.000000 0.868486
16227.000000 0.868486
16234.000000 0.868486
16240.000000 0.868486
16247.000000 0.868486
16253.000000 0.868486
16259.000000 0.865457
16266.000000 0.865457
16272.000000 0.865457
16279.000000 0.865457
16285.000000 0.870000
16292.000000 0.870000
16298.000000 0.870000
16305.000000 0.870000
16311.000000 0.870000
16317.000000 0.868486
16324.000000 0.868486
16330.000000 0.866971
16337.000000 0.860914
16343.000000 0.860914
16350.000000 0.860914
16356.000000 0.860914
16362.000000 0.860914
16369.000000 0.860914
16375.000000 0.860914
16382.000000 0.860914
16388.000000 0.860914
16395.000000 0.857885
16401.000000 0.857885
16408.000000 0.856371
16414.000000 0.847285
16420.000000 0.847285
16427.000000 0.847285
16433.000000 0.847285
16440.000000 0.847285
16446.000000 0.847285
16453.000000 0.845770
16459.000000 0.844256
16465.000000 0.842742
16472.000000 0.842742
16478.000000 0.845770
16485.000000 0.839713
16491.000000 0.838198
16498.000000 0.836684
16504.000000 0.835170
16511.000000 0.833655
16517.000000 0.832141
16523.000000 0.830627
16530.000000 0.829112
16536.000000 0.827598
16543.000000 0.826084
16549.000000 0.824569
16556.000000 0.821540
16562.000000 0.820026
16568.000000 0.818512
16575.000000 0.815483
16581.000000 0.813969
16588.000000 0.812454
16594.000000 0.809426
16601.000000 0.809426
16607.000000 0.804883
16614.000000 0.804883
16620.000000 0.803368
16626.000000 0.800339
16633.000000 0.800339
16639.000000 0.798825
16646.000000 0.797311
16652.000000 0.795796
16659.000000 0.794282
16665.000000 0.792768
16671.000000 0.791253
16678.000000 0.791253
16684.000000 0.791253
16691.000000 0.791253
16697.000000 0.791253
16704.000000 0.791253
16710.000000 0.791253
16717.000000 0.791253
16723.000000 0.791253
16729.000000 0.792768
16736.000000 0.792768
16742.000000 0.794282
16749.000000 0.795796
16755.000000 0.795796
16762.000000 0.795796
16768.000000 0.797311
16774.000000 0.797311
16781.000000 0.798825
16787.000000 0.798825
16794.000000 0.800339
16800.000000 0.800339
16807.000000 0.800339
16813.000000 0.800339
16820.000000 0.800339
16826.000000 0.800339
16832.000000 0.800339
16839.000000 0.800339
16845.000000 0.800339
16852.000000 0.800339
16858.000000 0.800339
16865.000000 0.803368
16871.000000 0.803368
16877.000000 0.804883
16884.000000 0.804883
16890.000000 0.806397
16897.000000 0.807911
16903.000000 0.807911
16910.000000 0.809426
16916.000000 0.810940
16923.000000 0.812454
16929.000000 0.812454
16935.000000 0.813969
16942.000000 0.813969
16948.000000 0.815483
16955.000000 0.815483
16961.000000 0.815483
16968.000000 0.816997
16974.000000 0.816997
16980.000000 0.816997
16987.000000 0.820026
16993.000000 0.821540
17000.000000 0.821540
17006.000000 0.821540
17013.000000 0.823055
17019.000000 0.824569
17026.000000 0.824569
17032.000000 0.824569
17038.000000 0.826084
17045.000000 0.827598
17051.000000 0.826084
17058.000000 0.826084
17064.000000 0.826084
17071.000000 0.826084
17077.000000 0.826084
17083.000000 0.826084
17090.000000 0.826084
17096.000000 0.824569
17103.000000 0.824569
17109.000000 0.824569
17116.000000 0.824569
17122.000000 0.824569
17129.000000 0.824569
17135.000000 0.824569
17141.000000 0.824569
17148.000000 0.824569
17154.000000 0.823055
17161.000000 0.821540
17167.000000 0.821540
17174.000000 0.820026
17180.000000 0.820026
17186.000000 0.818512
17193.000000 0.816997
17199.000000 0.815483
17206.000000 0.815483
17212.000000 0.815483
17219.000000 0.813969
17225.000000 0.812454
17232.000000 0.810940
17238.000000 0.810940
17244.000000 0.809426
17251.000000 0.809426
17257.000000 0.807911
17264.000000 0.806397
17270.000000 0.804883
17277.000000 0.804883
17283.000000 0.803368
17289.000000 0.801854
17296.000000 0.798825
17302.000000 0.797311
17309.000000 0.795796
17315.000000 0.792768
17322.000000 0.791253
17328.000000 0.791253
17335.000000 0.791253
17341.000000 0.791253
17347.000000 0.791253
17354.000000 0.791253
17360.000000 0.791253
17367.000000 0.791253
17373.000000 0.791253
17380.000000 0.791253
17386.000000 0.791253
17392.000000 0.789739
17399.000000 0.789739
17405.000000 0.789739
17412.000000 0.789739
17418.000000 0.789739
17425.000000 0.789739
17431.000000 0.788225
17438.000000 0.789739
17444.000000 0.789739
17450.000000 0.789739
17457.000000 0.789739
17463.000000 0.789739
17470.000000 0.791253
17476.000000 0.791253
17483.000000 0.792768
17489.000000 0.792768
17495.000000 0.794282
17502.000000 0.794282
17508.000000 0.794282
17515.000000 0.795796
17521.000000 0.795796
17528.000000 0.795796
17534.000000 0.795796
17541.000000 0.795796
17547.000000 0.795796
17553.000000 0.795796
17560.000000 0.795796
17566.000000 0.795796
17573.000000 0.795796
17579.000000 0.795796
17586.000000 0.797311
17592.000000 0.794282
17598.000000 0.791253
17605.000000 0.791253
17611.000000 0.786710
17618.000000 0.786710
17624.000000 0.785196
17631.000000 0.774595
17637.000000 0.771567
17644.000000 0.767023
17650.000000 0.753394
17656.000000 0.744308
17663.000000 0.732193
17669.000000 0.724621
17676.000000 0.720078
17682.000000 0.704935
17689.000000 0.694334
17695.000000 0.685248
17701.000000 0.668590
17708.000000 0.659504
17714.000000 0.657990
17721.000000 0.626188
17727.000000 0.614073
17734.000000 0.597415
17740.000000 0.580757
17747.000000 0.570157
17753.000000 0.551984
17759.000000 0.556527
17766.000000 0.527755
17772.000000 0.515640
17779.000000 0.502010
17785.000000 0.506554
17792.000000 0.444465
17798.000000 0.430835
17804.000000 0.409634
17811.000000 0.391462
17817.000000 0.376319
17824.000000 0.355117
17830.000000 0.344517
17837.000000 0.329373
17843.000000 0.318773
17850.000000 0.306658
17856.000000 0.296057
17862.000000 0.283943
17869.000000 0.273342
17875.000000 0.261227
17882.000000 0.250627
17888.000000 0.252141
17895.000000 0.226397
17901.000000 0.214282
17907.000000 0.200653
17914.000000 0.200653
17920.000000 0.176423
17927.000000 0.162794
17933.000000 0.150679
17940.000000 0.143107
17946.000000 0.134021
17953.000000 0.124935
17959.000000 0.115849
17965.000000 0.106762
17972.000000 0.099191
17978.000000 0.093133
17985.000000 0.093133
17991.000000 0.081018
17998.000000 0.074961
18004.000000 0.068903
18010.000000 0.064360
18017.000000 0.061332
18023.000000 0.058303
18030.000000 0.055274
18036.000000 0.053760
18043.000000 0.050731
18049.000000 0.047702
18055.000000 0.044674
18062.000000 0.041645
18068.000000 0.038616
18075.000000 0.037102
18081.000000 0.034073
18088.000000 0.031044
18094.000000 0.026501
18101.000000 0.024987
18107.000000 0.021958
18113.000000 0.018930
18120.000000 0.015901
18126.000000 0.012872
18133.000000 0.011358
18139.000000 0.008329
18146.000000 0.008329
18152.000000 0.005300
