19413.000000 0.004425
19421.000000 0.004425
19428.000000 0.004425
19435.000000 0.005914
19443.000000 0.005914
19450.000000 0.007403
19458.000000 0.007403
19465.000000 0.008892
19472.000000 0.008892
19480.000000 0.010381
19487.000000 0.011870
19494.000000 0.011870
19502.000000 0.013359
19509.000000 0.013359
19517.000000 0.014848
19524.000000 0.014848
19531.000000 0.016337
19539.000000 0.016337
19546.000000 0.017826
19554.000000 0.017826
19561.000000 0.019315
19568.000000 0.020805
19576.000000 0.020805
19583.000000 0.022294
19590.000000 0.023783
19598.000000 0.025272
19605.000000 0.026761
19613.000000 0.028250
19620.000000 0.031228
19627.000000 0.032717
19635.000000 0.034206
19642.000000 0.037184
19649.000000 0.038673
19657.000000 0.041652
19664.000000 0.043141
19672.000000 0.046119
19679.000000 0.047608
19686.000000 0.052075
19694.000000 0.058031
19701.000000 0.062499
19709.000000 0.068455
19716.000000 0.074411
19723.000000 0.078878
19731.000000 0.083346
19738.000000 0.089302
19745.000000 0.093769
19753.000000 0.099726
19760.000000 0.105682
19768.000000 0.113127
19775.000000 0.120573
19782.000000 0.128018
19790.000000 0.135463
19797.000000 0.142909
19804.000000 0.150354
19812.000000 0.150354
19819.000000 0.168223
19827.000000 0.177157
19834.000000 0.187581
19841.000000 0.196515
19849.000000 0.209917
19856.000000 0.223319
19863.000000 0.236720
19871.000000 0.250122
19878.000000 0.250122
19886.000000 0.282882
19893.000000 0.299262
19900.000000 0.317131
19908.000000 0.333510
19915.000000 0.349890
19923.000000 0.366270
19930.000000 0.384139
19937.000000 0.400519
19945.000000 0.416899
19952.000000 0.433278
19959.000000 0.449658
19967.000000 0.466038
19974.000000 0.466038
19982.000000 0.449658
19989.000000 0.515178
19996.000000 0.500287
20004.000000 0.547937
20011.000000 0.559850
20018.000000 0.549426
20026.000000 0.586653
20033.000000 0.600055
20041.000000 0.600055
20048.000000 0.623880
20055.000000 0.635793
20063.000000 0.647705
20070.000000 0.652173
20078.000000 0.656257
20085.000000 0.660724
20092.000000 0.666680
20100.000000 0.672637
20107.000000 0.677104
20114.000000 0.681571
20122.000000 0.687527
20129.000000 0.691995
20137.000000 0.697951
20144.000000 0.700929
20151.000000 0.697951
20159.000000 0.708374
20166.000000 0.712842
20173.000000 0.714331
20181.000000 0.717309
20188.000000 0.717309
20196.000000 0.718798
20203.000000 0.720287
20210.000000 0.721776
20218.000000 0.723265
20225.000000 0.724754
20232.000000 0.727732
20240.000000 0.727732
20247.000000 0.727732
20255.000000 0.727732
20262.000000 0.727732
20269.000000 0.727732
20277.000000 0.727732
20284.000000 0.727732
20291.000000 0.727732
20299.000000 0.732200
20306.000000 0.736667
20314.000000 0.736667
20321.000000 0.738156
20328.000000 0.738156
20336.000000 0.738156
20343.000000 0.739645
20351.000000 0.739645
20358.000000 0.741134
20365.000000 0.741134
20373.000000 0.741134
20380.000000 0.742623
20387.000000 0.742623
20395.000000 0.742623
20402.000000 0.744112
20410.000000 0.745601
20417.000000 0.745601
20424.000000 0.745601
20432.000000 0.747090
20439.000000 0.747090
20446.000000 0.748580
20454.000000 0.748580
20461.000000 0.750069
20469.000000 0.750069
20476.000000 0.750069
20483.000000 0.751558
20491.000000 0.751558
20498.000000 0.753047
20505.000000 0.754536
20513.000000 0.756025
20520.000000 0.756025
20528.000000 0.756025
20535.000000 0.756025
20542.000000 0.756025
20550.000000 0.756025
20557.000000 0.756025
20565.000000 0.756025
20572.000000 0.756025
20579.000000 0.756025
20587.000000 0.756025
20594.000000 0.756025
20601.000000 0.754536
20609.000000 0.754536
20616.000000 0.754536
20624.000000 0.754536
20631.000000 0.754536
20638.000000 0.756025
20646.000000 0.757514
20653.000000 0.759003
20660.000000 0.760492
20668.000000 0.760492
20675.000000 0.760492
20683.000000 0.760492
20690.000000 0.760492
20697.000000 0.760492
20705.000000 0.760492
20712.000000 0.760492
20719.000000 0.760492
20727.000000 0.760492
20734.000000 0.760492
20742.000000 0.760492
20749.000000 0.760492
20756.000000 0.760492
20764.000000 0.760492
20771.000000 0.760492
20779.000000 0.760492
20786.000000 0.760492
20793.000000 0.760492
20801.000000 0.760492
20808.000000 0.760492
20815.000000 0.760492
20823.000000 0.760492
20830.000000 0.760492
20838.000000 0.760492
20845.000000 0.760492
20852.000000 0.760492
20860.000000 0.760492
20867.000000 0.760492
20874.000000 0.760492
20882.000000 0.760492
20889.000000 0.760492
20897.000000 0.760492
20904.000000 0.760492
20911.000000 0.760492
20919.000000 0.760492
20926.000000 0.760492
20933.000000 0.760492
20941.000000 0.760492
20948.000000 0.760492
20956.000000 0.760492
20963.000000 0.760492
20970.000000 0.760492
20978.000000 0.760492
20985.000000 0.760492
20993.000000 0.760492
21000.000000 0.760492
21007.000000 0.760492
21015.000000 0.760492
21022.000000 0.760492
21029.000000 0.760492
21037.000000 0.760492
21044.000000 0.760492
21052.000000 0.760492
21059.000000 0.760492
21066.000000 0.760492
21074.000000 0.760492
21081.000000 0.760492
21088.000000 0.760492
21096.000000 0.758620
21103.000000 0.758620
21111.000000 0.758620
21118.000000 0.757131
21125.000000 0.757131
21133.000000 0.755642
21140.000000 0.755642
21147.000000 0.755642
21155.000000 0.755642
21162.000000 0.755642
21170.000000 0.755642
21177.000000 0.755642
21184.000000 0.757131
21192.000000 0.758620
21199.000000 0.758620
21206.000000 0.758620
21214.000000 0.758620
21221.000000 0.758620
21229.000000 0.758620
21236.000000 0.758620
21243.000000 0.758620
21251.000000 0.758620
21258.000000 0.758620
21266.000000 0.758620
21273.000000 0.758620
21280.000000 0.757131
21288.000000 0.757131
21295.000000 0.757131
21302.000000 0.757131
21310.000000 0.757131
21317.000000 0.757131
21325.000000 0.757131
21332.000000 0.757131
21339.000000 0.757131
21347.000000 0.757131
21354.000000 0.757131
21361.000000 0.757131
21369.000000 0.757131
21376.000000 0.757131
21384.000000 0.757131
21391.000000 0.758620
21398.000000 0.760109
21406.000000 0.761598
21413.000000 0.763087
21420.000000 0.764576
21428.000000 0.766066
21435.000000 0.767555
21443.000000 0.769044
21450.000000 0.769044
21457.000000 0.769044
21465.000000 0.769044
21472.000000 0.769044
21480.000000 0.769044
21487.000000 0.769044
21494.000000 0.763087
21502.000000 0.763087
21509.000000 0.763087
21516.000000 0.763087
21524.000000 0.763087
21531.000000 0.763087
21539.000000 0.763087
21546.000000 0.763087
21553.000000 0.763087
21561.000000 0.763087
21568.000000 0.763087
21575.000000 0.763087
21583.000000 0.763087
21590.000000 0.763087
21598.000000 0.763087
21605.000000 0.763087
21612.000000 0.763087
21620.000000 0.763087
21627.000000 0.766066
21634.000000 0.766066
21642.000000 0.767555
21649.000000 0.767555
21657.000000 0.769044
21664.000000 0.770533
21671.000000 0.770533
21679.000000 0.772022
21686.000000 0.772022
21694.000000 0.772022
21701.000000 0.773511
21708.000000 0.773511
21716.000000 0.773511
21723.000000 0.773511
21730.000000 0.775000
21738.000000 0.775000
21745.000000 0.775000
21753.000000 0.775000
21760.000000 0.775000
21767.000000 0.775000
21775.000000 0.775000
21782.000000 0.772022
21789.000000 0.772022
21797.000000 0.770533
21804.000000 0.770533
21812.000000 0.770533
21819.000000 0.770533
21826.000000 0.770533
21834.000000 0.770533
21841.000000 0.770533
21848.000000 0.769044
21856.000000 0.769044
21863.000000 0.769044
21871.000000 0.767555
21878.000000 0.767555
21885.000000 0.766066
21893.000000 0.766066
21900.000000 0.766066
21908.000000 0.764576
21915.000000 0.764576
21922.000000 0.764576
21930.000000 0.763087
21937.000000 0.761598
21944.000000 0.761598
21952.000000 0.761598
21959.000000 0.760109
21967.000000 0.760109
21974.000000 0.760109
21981.000000 0.758620
21989.000000 0.758620
21996.000000 0.757131
22003.000000 0.755642
22011.000000 0.755642
22018.000000 0.754153
22026.000000 0.752664
22033.000000 0.752664
22040.000000 0.752664
22048.000000 0.752664
22055.000000 0.751175
22062.000000 0.749303
22070.000000 0.749303
22077.000000 0.749303
22085.000000 0.749303
22092.000000 0.747814
22099.000000 0.747814
22107.000000 0.747814
22114.000000 0.747814
22122.000000 0.747814
22129.000000 0.747814
22136.000000 0.747814
22144.000000 0.747814
22151.000000 0.747814
22158.000000 0.747814
22166.000000 0.747814
22173.000000 0.747814
22181.000000 0.747814
22188.000000 0.746325
22195.000000 0.746325
22203.000000 0.744836
22210.000000 0.744836
22217.000000 0.743346
22225.000000 0.743346
22232.000000 0.741857
22240.000000 0.741857
22247.000000 0.740368
22254.000000 0.740368
22262.000000 0.738879
22269.000000 0.738879
22276.000000 0.737390
22284.000000 0.737390
22291.000000 0.737390
22299.000000 0.737390
22306.000000 0.737390
22313.000000 0.737390
22321.000000 0.735901
22328.000000 0.735901
22335.000000 0.735901
22343.000000 0.735901
22350.000000 0.735901
22358.000000 0.735901
22365.000000 0.734412
22372.000000 0.734412
22380.000000 0.734412
22387.000000 0.734412
22395.000000 0.734412
22402.000000 0.734412
22409.000000 0.732923
22417.000000 0.732923
22424.000000 0.732923
22431.000000 0.732923
22439.000000 0.732923
22446.000000 0.732923
22454.000000 0.731434
22461.000000 0.731434
22468.000000 0.729945
22476.000000 0.729945
22483.000000 0.728456
22490.000000 0.728456
22498.000000 0.726967
22505.000000 0.726967
22513.000000 0.725478
22520.000000 0.725478
22527.000000 0.723988
22535.000000 0.723988
22542.000000 0.722499
22549.000000 0.722499
22557.000000 0.721010
22564.000000 0.721010
22572.000000 0.719521
22579.000000 0.719521
22586.000000 0.718032
22594.000000 0.718032
22601.000000 0.716543
22609.000000 0.716543
22616.000000 0.715054
22623.000000 0.715054
22631.000000 0.713565
22638.000000 0.713565
22645.000000 0.712076
22653.000000 0.712076
22660.000000 0.710587
22668.000000 0.709098
22675.000000 0.709098
22682.000000 0.707609
22690.000000 0.707609
22697.000000 0.706120
22704.000000 0.706120
22712.000000 0.706120
22719.000000 0.706120
22727.000000 0.706120
22734.000000 0.706120
22741.000000 0.706120
22749.000000 0.706120
22756.000000 0.704631
22763.000000 0.703141
22771.000000 0.703141
22778.000000 0.703141
22786.000000 0.701652
22793.000000 0.701652
22800.000000 0.701652
22808.000000 0.700163
22815.000000 0.700163
22823.000000 0.698674
22830.000000 0.698674
22837.000000 0.698674
22845.000000 0.698674
22852.000000 0.697185
22859.000000 0.698674
22867.000000 0.695696
22874.000000 0.694207
22882.000000 0.694207
22889.000000 0.692718
22896.000000 0.692718
22904.000000 0.692718
22911.000000 0.691229
22918.000000 0.691229
22926.000000 0.689740
22933.000000 0.689740
22941.000000 0.688251
22948.000000 0.688251
22955.000000 0.686762
22963.000000 0.686762
22970.000000 0.686762
22977.000000 0.686762
22985.000000 0.685273
22992.000000 0.683783
23000.000000 0.683783
23007.000000 0.683783
23014.000000 0.683783
23022.000000 0.683783
23029.000000 0.683783
23037.000000 0.682294
23044.000000 0.682294
23051.000000 0.680805
23059.000000 0.680805
23066.000000 0.679316
23073.000000 0.679316
23081.000000 0.675955
23088.000000 0.674466
23096.000000 0.672977
23103.000000 0.671488
23110.000000 0.669999
23118.000000 0.669999
23125.000000 0.669999
23132.000000 0.669999
23140.000000 0.669999
23147.000000 0.669999
23155.000000 0.669999
23162.000000 0.669999
23169.000000 0.669999
23177.000000 0.669999
23184.000000 0.669999
23191.000000 0.671488
23199.000000 0.671488
23206.000000 0.672977
23214.000000 0.674466
23221.000000 0.675955
23228.000000 0.677444
23236.000000 0.680422
23243.000000 0.680422
23250.000000 0.680422
23258.000000 0.680422
23265.000000 0.681912
23273.000000 0.681912
23280.000000 0.683401
23287.000000 0.683401
23295.000000 0.683401
23302.000000 0.683401
23310.000000 0.683401
23317.000000 0.684890
23324.000000 0.684890
23332.000000 0.684890
23339.000000 0.684890
23346.000000 0.686379
23354.000000 0.686379
23361.000000 0.686379
23369.000000 0.686379
23376.000000 0.687868
23383.000000 0.687868
23391.000000 0.687868
23398.000000 0.687868
23405.000000 0.687868
23413.000000 0.689357
23420.000000 0.689357
23428.000000 0.689357
23435.000000 0.690846
23442.000000 0.690846
23450.000000 0.690846
23457.000000 0.692335
23464.000000 0.692335
23472.000000 0.692335
23479.000000 0.692335
23487.000000 0.692335
23494.000000 0.692335
23501.000000 0.692335
23509.000000 0.692335
23516.000000 0.692335
23524.000000 0.692335
23531.000000 0.692335
23538.000000 0.692335
23546.000000 0.690846
23553.000000 0.689357
23560.000000 0.689357
23568.000000 0.687868
23575.000000 0.686379
23583.000000 0.684890
23590.000000 0.683401
23597.000000 0.681912
23605.000000 0.675955
23612.000000 0.669999
23619.000000 0.664043
23627.000000 0.656597
23634.000000 0.650641
23642.000000 0.647663
23649.000000 0.634261
23656.000000 0.626816
23664.000000 0.617881
23671.000000 0.610436
23678.000000 0.601501
23686.000000 0.594056
23693.000000 0.598523
23701.000000 0.576187
23708.000000 0.567253
23715.000000 0.558318
23723.000000 0.549384
23730.000000 0.533004
23738.000000 0.516624
23745.000000 0.500244
23752.000000 0.500244
23760.000000 0.480886
23767.000000 0.470463
23774.000000 0.460039
23782.000000 0.449616
23789.000000 0.433236
23797.000000 0.449616
23804.000000 0.400476
23811.000000 0.384096
23819.000000 0.366227
23826.000000 0.349848
23833.000000 0.340913
23841.000000 0.349848
23848.000000 0.324533
23856.000000 0.315599
23863.000000 0.308154
23870.000000 0.299219
23878.000000 0.299219
23885.000000 0.250080
23892.000000 0.242634
23900.000000 0.235189
23907.000000 0.227743
23915.000000 0.221787
23922.000000 0.214342
23929.000000 0.206896
23937.000000 0.200940
23944.000000 0.192006
23952.000000 0.181582
23959.000000 0.171159
23966.000000 0.160735
23974.000000 0.150312
23981.000000 0.145844
23988.000000 0.139888
23996.000000 0.133932
24003.000000 0.127975
24011.000000 0.122019
24018.000000 0.116063
24025.000000 0.110106
24033.000000 0.105639
24040.000000 0.099683
24047.000000 0.095216
24055.000000 0.099683
24062.000000 0.086281
24070.000000 0.081814
24077.000000 0.077347
24084.000000 0.074369
24092.000000 0.069901
24099.000000 0.064030
24106.000000 0.061052
24114.000000 0.058074
24121.000000 0.056585
24129.000000 0.053607
24136.000000 0.050629
24143.000000 0.047650
24151.000000 0.046161
24158.000000 0.043183
24165.000000 0.041694
24173.000000 0.038716
24180.000000 0.037227
24188.000000 0.034249
24195.000000 0.032760
24202.000000 0.029782
24210.000000 0.028292
24217.000000 0.026803
24225.000000 0.023825
24232.000000 0.022336
24239.000000 0.022336
24247.000000 0.020847
24254.000000 0.020847
24261.000000 0.019358
24269.000000 0.017869
24276.000000 0.017869
24284.000000 0.016380
24291.000000 0.014891
24298.000000 0.013402
24306.000000 0.013402
24313.000000 0.011913
24320.000000 0.011913
24328.000000 0.010424
24335.000000 0.010424
24343.000000 0.010424
24350.000000 0.008934
24357.000000 0.008934
24365.000000 0.007445
24372.000000 0.007445
24379.000000 0.007445
24387.000000 0.007445
24394.000000 0.007445
24402.000000 0.007445
24409.000000 0.005956
24416.000000 0.005956
24424.000000 0.005956
24431.000000 0.005956
24439.000000 0.005956
24446.000000 0.004467
24453.000000 0.004467
