4724.000000 0.005100
4728.000000 0.005200
4732.000000 0.005300
4736.000000 0.005700
4740.000000 0.006800
4744.000000 0.008100
4748.000000 0.008800
4752.000000 0.010100
4756.000000 0.011400
4760.000000 0.013300
4764.000000 0.015600
4768.000000 0.017500
4772.000000 0.020100
4776.000000 0.023100
4780.000000 0.026500
4784.000000 0.031100
4788.000000 0.036000
4792.000000 0.041400
4796.000000 0.047600
4800.000000 0.054300
4804.000000 0.061900
4808.000000 0.069300
4812.000000 0.078600
4816.000000 0.088600
4820.000000 0.099700
4824.000000 0.110500
4828.000000 0.123400
4832.000000 0.137200
4836.000000 0.151500
4840.000000 0.168000
4844.000000 0.185100
4848.000000 0.202900
4852.000000 0.223700
4856.000000 0.247600
4860.000000 0.265100
4864.000000 0.277500
4868.000000 0.290900
4872.000000 0.307400
4876.000000 0.324600
4880.000000 0.342700
4884.000000 0.363500
4888.000000 0.387200
4892.000000 0.411400
4896.000000 0.433300
4900.000000 0.454700
4904.000000 0.475200
4908.000000 0.495300
4912.000000 0.514100
4916.000000 0.531800
4920.000000 0.549700
4924.000000 0.567400
4928.000000 0.583200
4932.000000 0.599000
4936.000000 0.614800
4940.000000 0.629700
4944.000000 0.644100
4948.000000 0.657500
4952.000000 0.670800
4956.000000 0.682700
4960.000000 0.694300
4964.000000 0.704800
4968.000000 0.714200
4972.000000 0.724300
4976.000000 0.734800
4980.000000 0.744300
4984.000000 0.752900
4988.000000 0.760300
4992.000000 0.767700
4996.000000 0.774700
5000.000000 0.781600
5004.000000 0.788500
5008.000000 0.794200
5012.000000 0.800700
5016.000000 0.807400
5020.000000 0.813800
5024.000000 0.819400
5028.000000 0.822300
5032.000000 0.825600
5036.000000 0.828700
5040.000000 0.832900
5044.000000 0.836400
5048.000000 0.840100
5052.000000 0.843200
5056.000000 0.845900
5060.000000 0.848800
5064.000000 0.851800
5068.000000 0.854900
5072.000000 0.856600
5076.000000 0.857800
5080.000000 0.858500
5084.000000 0.861300
5088.000000 0.863200
5092.000000 0.864000
5096.000000 0.865400
5100.000000 0.866700
5104.000000 0.867600
5108.000000 0.867300
5112.000000 0.867200
5116.000000 0.869000
5120.000000 0.869700
5124.000000 0.871200
5128.000000 0.871200
5132.000000 0.871700
5136.000000 0.871700
5140.000000 0.871700
5144.000000 0.871200
5148.000000 0.871600
5152.000000 0.872900
5156.000000 0.873800
5160.000000 0.874000
5164.000000 0.874400
5168.000000 0.874600
5172.000000 0.875300
5176.000000 0.875400
5180.000000 0.875100
5184.000000 0.874600
5188.000000 0.875300
5192.000000 0.876100
5196.000000 0.875100
5200.000000 0.874000
5204.000000 0.873700
5208.000000 0.873300
5212.000000 0.873200
5216.000000 0.874000
5220.000000 0.874900
5224.000000 0.875400
5228.000000 0.875200
5232.000000 0.873900
5236.000000 0.872200
5240.000000 0.871700
5244.000000 0.870800
5248.000000 0.869200
5252.000000 0.868100
5256.000000 0.868400
5260.000000 0.869200
5264.000000 0.868600
5268.000000 0.866700
5272.000000 0.866400
5276.000000 0.866000
5280.000000 0.864300
5284.000000 0.864600
5288.000000 0.864100
5292.000000 0.862400
5296.000000 0.861000
5300.000000 0.860700
5304.000000 0.860500
5308.000000 0.859800
5312.000000 0.859600
5316.000000 0.858600
5320.000000 0.857600
5324.000000 0.856300
5328.000000 0.854800
5332.000000 0.854100
5336.000000 0.853600
5340.000000 0.852400
5344.000000 0.850500
5348.000000 0.849200
5352.000000 0.849200
5356.000000 0.848500
5360.000000 0.847200
5364.000000 0.845300
5368.000000 0.842200
5372.000000 0.839800
5376.000000 0.839200
5380.000000 0.838600
5384.000000 0.837700
5388.000000 0.836100
5392.000000 0.833600
5396.000000 0.831900
5400.000000 0.831100
5404.000000 0.830700
5408.000000 0.828700
5412.000000 0.826000
5416.000000 0.823100
5420.000000 0.821300
5424.000000 0.819400
5428.000000 0.817800
5432.000000 0.816000
5436.000000 0.814000
5440.000000 0.810600
5444.000000 0.808700
5448.000000 0.806800
5452.000000 0.804900
5456.000000 0.802000
5460.000000 0.799600
5464.000000 0.798700
5468.000000 0.797000
5472.000000 0.794100
5476.000000 0.790400
5480.000000 0.787100
5484.000000 0.785400
5488.000000 0.783200
5492.000000 0.780800
5496.000000 0.777700
5500.000000 0.775400
5504.000000 0.772200
5508.000000 0.769000
5512.000000 0.765500
5516.000000 0.762700
5520.000000 0.759700
5524.000000 0.755800
5528.000000 0.753400
5532.000000 0.751500
5536.000000 0.748600
5540.000000 0.745200
5544.000000 0.740700
5548.000000 0.736900
5552.000000 0.733900
5556.000000 0.731600
5560.000000 0.729400
5564.000000 0.726300
5568.000000 0.722700
5572.000000 0.719700
5576.000000 0.716200
5580.000000 0.712900
5584.000000 0.708600
5588.000000 0.706100
5592.000000 0.703200
5596.000000 0.699200
5600.000000 0.694700
5604.000000 0.691300
5608.000000 0.687600
5612.000000 0.683600
5616.000000 0.679900
5620.000000 0.676700
5624.000000 0.674000
5628.000000 0.670500
5632.000000 0.666900
5636.000000 0.662900
5640.000000 0.659000
5644.000000 0.654000
5648.000000 0.649500
5652.000000 0.646300
5656.000000 0.643200
5660.000000 0.639500
5664.000000 0.634500
5668.000000 0.629500
5672.000000 0.624100
5676.000000 0.619700
5680.000000 0.615500
5684.000000 0.612100
5688.000000 0.608900
5692.000000 0.604500
5696.000000 0.599900
5700.000000 0.595300
5704.000000 0.591100
5708.000000 0.586700
5712.000000 0.581600
5716.000000 0.577500
5720.000000 0.573700
5724.000000 0.569400
5728.000000 0.564500
5732.000000 0.559400
5736.000000 0.555100
5740.000000 0.550300
5744.000000 0.545900
5748.000000 0.541700
5752.000000 0.537800
5756.000000 0.534000
5760.000000 0.529700
5764.000000 0.524000
5768.000000 0.518400
5772.000000 0.513100
5776.000000 0.507200
5780.000000 0.501600
5784.000000 0.498300
5788.000000 0.495400
5792.000000 0.491400
5796.000000 0.486700
5800.000000 0.481200
5804.000000 0.476000
5808.000000 0.470200
5812.000000 0.463800
5816.000000 0.459700
5820.000000 0.455600
5824.000000 0.452000
5828.000000 0.448300
5832.000000 0.445200
5836.000000 0.441500
5840.000000 0.435900
5844.000000 0.429100
5848.000000 0.422400
5852.000000 0.416800
5856.000000 0.412600
5860.000000 0.408900
5864.000000 0.404400
5868.000000 0.398700
5872.000000 0.393400
5876.000000 0.388300
5880.000000 0.383500
5884.000000 0.379500
5888.000000 0.375600
5892.000000 0.372300
5896.000000 0.368400
5900.000000 0.363600
5904.000000 0.358600
5908.000000 0.352900
5912.000000 0.347700
5916.000000 0.343600
5920.000000 0.338700
5924.000000 0.333700
5928.000000 0.327500
5932.000000 0.322200
5936.000000 0.318800
5940.000000 0.315400
5944.000000 0.311300
5948.000000 0.306600
5952.000000 0.302000
5956.000000 0.297800
5960.000000 0.294100
5964.000000 0.290000
5968.000000 0.285800
5972.000000 0.281600
5976.000000 0.277000
5980.000000 0.272300
5984.000000 0.267800
5988.000000 0.262600
5992.000000 0.258500
5996.000000 0.254400
6000.000000 0.250700
6004.000000 0.247000
6008.000000 0.243100
6012.000000 0.239200
6016.000000 0.235500
6020.000000 0.232200
6024.000000 0.228100
6028.000000 0.223600
6032.000000 0.219400
6036.000000 0.215900
6040.000000 0.211800
6044.000000 0.208400
6048.000000 0.204800
6052.000000 0.200900
6056.000000 0.196800
6060.000000 0.192500
6064.000000 0.188900
6068.000000 0.185400
6072.000000 0.181200
6076.000000 0.178200
6080.000000 0.175200
6084.000000 0.172500
6088.000000 0.169300
6092.000000 0.166100
6096.000000 0.162900
6100.000000 0.159200
6104.000000 0.156700
6108.000000 0.153900
6112.000000 0.150900
6116.000000 0.148200
6120.000000 0.145800
6124.000000 0.142800
6128.000000 0.139500
6132.000000 0.136500
6136.000000 0.133300
6140.000000 0.130400
6144.000000 0.128300
6148.000000 0.125900
6152.000000 0.122500
6156.000000 0.119300
6160.000000 0.116800
6164.000000 0.114500
6168.000000 0.112400
6172.000000 0.109600
6176.000000 0.106400
6180.000000 0.103700
6184.000000 0.102100
6188.000000 0.100700
6192.000000 0.098500
6196.000000 0.095600
6200.000000 0.092800
6204.000000 0.091500
6208.000000 0.090400
6212.000000 0.087900
6216.000000 0.085200
6220.000000 0.082200
6224.000000 0.080600
6228.000000 0.079200
6232.000000 0.077200
6236.000000 0.075600
6240.000000 0.073400
6244.000000 0.071000
6248.000000 0.068800
6252.000000 0.066300
6256.000000 0.065800
6260.000000 0.064900
6264.000000 0.063200
6268.000000 0.061000
6272.000000 0.059100
6276.000000 0.057300
6280.000000 0.056300
6284.000000 0.055000
6288.000000 0.053700
6292.000000 0.052200
6296.000000 0.050600
6300.000000 0.048500
6304.000000 0.047300
6308.000000 0.045900
6312.000000 0.044700
6316.000000 0.043500
6320.000000 0.042800
6324.000000 0.041700
6328.000000 0.041000
6332.000000 0.039500
6336.000000 0.037800
6340.000000 0.036800
6344.000000 0.036000
6348.000000 0.035000
6352.000000 0.034200
6356.000000 0.032600
6360.000000 0.031300
6364.000000 0.030800
6368.000000 0.029800
6372.000000 0.029100
6376.000000 0.028000
6380.000000 0.027300
6384.000000 0.026100
6388.000000 0.025800
6392.000000 0.024700
6396.000000 0.024100
6400.000000 0.023800
6404.000000 0.022600
6408.000000 0.021400
6412.000000 0.020500
6416.000000 0.020300
6420.000000 0.019800
6424.000000 0.019700
6428.000000 0.018600
6432.000000 0.017600
6436.000000 0.017100
6440.000000 0.016800
6444.000000 0.016800
6448.000000 0.016400
6452.000000 0.015600
6456.000000 0.014900
6460.000000 0.014300
6464.000000 0.013700
6468.000000 0.013000
6472.000000 0.013000
6476.000000 0.012600
6480.000000 0.011800
6484.000000 0.011700
6488.000000 0.011000
6492.000000 0.010400
6496.000000 0.010000
6500.000000 0.010000
6504.000000 0.010300
6508.000000 0.010100
6512.000000 0.009200
6516.000000 0.008800
6520.000000 0.008200
6524.000000 0.007800
6528.000000 0.007700
6532.000000 0.007300
6536.000000 0.006900
6540.000000 0.006800
6544.000000 0.006300
6548.000000 0.006000
6552.000000 0.005700
6556.000000 0.005100
6560.000000 0.005000
6564.000000 0.005000
6568.000000 0.005000
6572.000000 0.005000
6576.000000 0.005000
6580.000000 0.004800
6584.000000 0.004300
6588.000000 0.004400
6592.000000 0.004000
