3044.000000 0.004100
3047.000000 0.004700
3050.000000 0.005700
3053.000000 0.006600
3056.000000 0.007200
3059.000000 0.007900
3062.000000 0.008100
3065.000000 0.008700
3068.000000 0.009900
3071.000000 0.010800
3074.000000 0.011300
3077.000000 0.012500
3080.000000 0.013500
3083.000000 0.015300
3086.000000 0.016900
3089.000000 0.018700
3092.000000 0.020300
3095.000000 0.022000
3098.000000 0.024100
3101.000000 0.026100
3104.000000 0.028600
3107.000000 0.030900
3110.000000 0.033800
3113.000000 0.036500
3116.000000 0.039400
3119.000000 0.042800
3122.000000 0.046000
3125.000000 0.049500
3128.000000 0.052900
3131.000000 0.056700
3134.000000 0.060600
3137.000000 0.064600
3140.000000 0.068900
3143.000000 0.073600
3146.000000 0.078100
3149.000000 0.082400
3152.000000 0.087500
3155.000000 0.092500
3158.000000 0.097600
3161.000000 0.103000
3164.000000 0.108400
3167.000000 0.114100
3170.000000 0.119100
3173.000000 0.124800
3176.000000 0.131100
3179.000000 0.137600
3182.000000 0.144000
3185.000000 0.150400
3188.000000 0.156200
3191.000000 0.162800
3194.000000 0.169800
3197.000000 0.177100
3200.000000 0.184400
3203.000000 0.190800
3206.000000 0.197400
3209.000000 0.204000
3212.000000 0.211200
3215.000000 0.217900
3218.000000 0.225100
3221.000000 0.232200
3224.000000 0.239400
3227.000000 0.246500
3230.000000 0.254000
3233.000000 0.260500
3236.000000 0.267300
3239.000000 0.274500
3242.000000 0.281700
3245.000000 0.289400
3248.000000 0.296200
3251.000000 0.303100
3254.000000 0.309700
3257.000000 0.316800
3260.000000 0.323900
3263.000000 0.330400
3266.000000 0.336800
3269.000000 0.343400
3272.000000 0.350000
3275.000000 0.356700
3278.000000 0.363500
3281.000000 0.370500
3284.000000 0.377400
3287.000000 0.384300
3290.000000 0.391000
3293.000000 0.396800
3296.000000 0.402600
3299.000000 0.408300
3302.000000 0.414200
3305.000000 0.420200
3308.000000 0.426900
3311.000000 0.431900
3314.000000 0.437100
3317.000000 0.442200
3320.000000 0.448000
3323.000000 0.454600
3326.000000 0.460700
3329.000000 0.466400
3332.000000 0.472100
3335.000000 0.477700
3338.000000 0.482500
3341.000000 0.487700
3344.000000 0.492900
3347.000000 0.498600
3350.000000 0.503200
3353.000000 0.508000
3356.000000 0.512500
3359.000000 0.516700
3362.000000 0.521000
3365.000000 0.525800
3368.000000 0.530100
3371.000000 0.535000
3374.000000 0.539800
3377.000000 0.544500
3380.000000 0.548300
3383.000000 0.552300
3386.000000 0.555900
3389.000000 0.560400
3392.000000 0.564800
3395.000000 0.568700
3398.000000 0.571800
3401.000000 0.574700
3404.000000 0.577800
3407.000000 0.581800
3410.000000 0.585700
3413.000000 0.589400
3416.000000 0.592900
3419.000000 0.596500
3422.000000 0.599700
3425.000000 0.603200
3428.000000 0.606800
3431.000000 0.610500
3434.000000 0.613800
3437.000000 0.616800
3440.000000 0.620100
3443.000000 0.623400
3446.000000 0.627000
3449.000000 0.630100
3452.000000 0.632100
3455.000000 0.635000
3458.000000 0.637100
3461.000000 0.639500
3464.000000 0.642100
3467.000000 0.645000
3470.000000 0.647500
3473.000000 0.650500
3476.000000 0.653400
3479.000000 0.655700
3482.000000 0.657500
3485.000000 0.660400
3488.000000 0.663000
3491.000000 0.665400
3494.000000 0.668300
3497.000000 0.670400
3500.000000 0.672800
3503.000000 0.674800
3506.000000 0.676300
3509.000000 0.677800
3512.000000 0.680000
3515.000000 0.682000
3518.000000 0.683800
3521.000000 0.685500
3524.000000 0.687600
3527.000000 0.689500
3530.000000 0.691700
3533.000000 0.693100
3536.000000 0.693900
3539.000000 0.695200
3542.000000 0.696300
3545.000000 0.697400
3548.000000 0.699200
3551.000000 0.701000
3554.000000 0.702400
3557.000000 0.704300
3560.000000 0.706900
3563.000000 0.708000
3566.000000 0.708900
3569.000000 0.709100
3572.000000 0.709400
3575.000000 0.711000
3578.000000 0.711800
3581.000000 0.712700
3584.000000 0.713400
3587.000000 0.714500
3590.000000 0.715000
3593.000000 0.716200
3596.000000 0.716800
3599.000000 0.718000
3602.000000 0.718600
3605.000000 0.719100
3608.000000 0.719700
3611.000000 0.720000
3614.000000 0.720800
3617.000000 0.720900
3620.000000 0.721400
3623.000000 0.721700
3626.000000 0.721700
3629.000000 0.722100
3632.000000 0.722600
3635.000000 0.723400
3638.000000 0.723600
3641.000000 0.724500
3644.000000 0.724700
3647.000000 0.724200
3650.000000 0.723600
3653.000000 0.723100
3656.000000 0.722700
3659.000000 0.722500
3662.000000 0.722400
3665.000000 0.721700
3668.000000 0.721500
3671.000000 0.720600
3674.000000 0.719900
3677.000000 0.719400
3680.000000 0.719400
3683.000000 0.719200
3686.000000 0.718300
3689.000000 0.717200
3692.000000 0.716000
3695.000000 0.714900
3698.000000 0.713600
3701.000000 0.712300
3704.000000 0.710700
3707.000000 0.709000
3710.000000 0.707500
3713.000000 0.706300
3716.000000 0.705200
3719.000000 0.703300
3722.000000 0.701100
3725.000000 0.698800
3728.000000 0.696500
3731.000000 0.695000
3734.000000 0.693200
3737.000000 0.691600
3740.000000 0.689200
3743.000000 0.686200
3746.000000 0.683400
3749.000000 0.680100
3752.000000 0.677200
3755.000000 0.673900
3758.000000 0.671300
3761.000000 0.668400
3764.000000 0.665500
3767.000000 0.662000
3770.000000 0.657600
3773.000000 0.654000
3776.000000 0.650100
3779.000000 0.646300
3782.000000 0.642200
3785.000000 0.637700
3788.000000 0.633200
3791.000000 0.628900
3794.000000 0.623600
3797.000000 0.618500
3800.000000 0.614300
3803.000000 0.609700
3806.000000 0.604600
3809.000000 0.599100
3812.000000 0.593600
3815.000000 0.587600
3818.000000 0.581600
3821.000000 0.575300
3824.000000 0.568800
3827.000000 0.563000
3830.000000 0.556900
3833.000000 0.550600
3836.000000 0.543900
3839.000000 0.536800
3842.000000 0.529500
3845.000000 0.522500
3848.000000 0.514400
3851.000000 0.507200
3854.000000 0.499600
3857.000000 0.491800
3860.000000 0.483900
3863.000000 0.476000
3866.000000 0.468100
3869.000000 0.459400
3872.000000 0.450800
3875.000000 0.442200
3878.000000 0.433500
3881.000000 0.425100
3884.000000 0.416400
3887.000000 0.407400
3890.000000 0.397900
3893.000000 0.389100
3896.000000 0.380200
3899.000000 0.372200
3902.000000 0.363500
3905.000000 0.354700
3908.000000 0.345000
3911.000000 0.335100
3914.000000 0.325800
3917.000000 0.316600
3920.000000 0.307100
3923.000000 0.298100
3926.000000 0.288400
3929.000000 0.279300
3932.000000 0.270100
3935.000000 0.261600
3938.000000 0.253200
3941.000000 0.244900
3944.000000 0.236900
3947.000000 0.228100
3950.000000 0.219300
3953.000000 0.211200
3956.000000 0.203400
3959.000000 0.195400
3962.000000 0.187300
3965.000000 0.179200
3968.000000 0.171900
3971.000000 0.164400
3974.000000 0.156600
3977.000000 0.149000
3980.000000 0.142200
3983.000000 0.135100
3986.000000 0.128800
3989.000000 0.122700
3992.000000 0.116600
3995.000000 0.111100
3998.000000 0.105400
4001.000000 0.100300
4004.000000 0.095300
4007.000000 0.090500
4010.000000 0.085700
4013.000000 0.080700
4016.000000 0.076200
4019.000000 0.072100
4022.000000 0.067900
4025.000000 0.064800
4028.000000 0.060200
4031.000000 0.056500
4034.000000 0.052600
4037.000000 0.048800
4040.000000 0.046100
4043.000000 0.043500
4046.000000 0.040600
4049.000000 0.037700
4052.000000 0.034500
4055.000000 0.032000
4058.000000 0.030500
4061.000000 0.028400
4064.000000 0.026800
4067.000000 0.025100
4070.000000 0.023200
4073.000000 0.021600
4076.000000 0.020200
4079.000000 0.018700
4082.000000 0.016800
4085.000000 0.015500
4088.000000 0.015000
4091.000000 0.014100
4094.000000 0.013300
4097.000000 0.012300
4100.000000 0.010700
4103.000000 0.009800
4106.000000 0.008800
4109.000000 0.008200
4112.000000 0.007900
4115.000000 0.006800
4118.000000 0.006300
4121.000000 0.006200
4124.000000 0.006000
4127.000000 0.005200
4130.000000 0.004700
4133.000000 0.004700
4136.000000 0.004600
4139.000000 0.004100
