3155.30 0.0000
3159.10 0.0078
3162.80 0.0068
3166.50 0.0000
3170.20 0.0047
3174.00 0.0042
3177.70 0.0040
3181.40 0.0000
3185.10 0.0066
3188.90 0.0073
3192.60 0.0049
3196.30 0.0078
3200.00 0.0051
3203.80 0.0057
3207.50 0.0080
3211.20 0.0067
3214.90 0.0089
3218.70 0.0101
3222.40 0.0106
3226.10 0.0124
3229.80 0.0145
3233.60 0.0195
3237.30 0.0249
3241.00 0.0312
3244.70 0.0346
3248.40 0.0430
3252.10 0.0513
3255.90 0.0639
3259.60 0.0816
3263.30 0.1028
3267.00 0.1295
3270.70 0.1625
3274.50 0.2060
3278.20 0.2479
3281.90 0.3057
3285.60 0.3705
3289.30 0.4410
3293.00 0.5074
3296.80 0.5725
3300.50 0.6288
3304.20 0.6837
3307.90 0.7189
3311.60 0.7535
3315.30 0.7708
3319.00 0.7873
3322.70 0.7935
3326.50 0.7951
3330.20 0.7933
3333.90 0.7849
3337.60 0.7773
3341.30 0.7678
3345.00 0.7557
3348.70 0.7478
3352.40 0.7414
3356.10 0.7349
3359.80 0.7317
3363.60 0.7227
3367.30 0.7161
3371.00 0.7116
3374.70 0.7049
3378.40 0.7122
3382.10 0.7034
3385.80 0.7074
3389.50 0.7048
3393.20 0.7148
3396.90 0.7127
3400.60 0.7216
3404.30 0.7244
3408.00 0.7340
3411.70 0.7380
3415.40 0.7450
3419.10 0.7546
3422.80 0.7567
3426.50 0.7672
3430.20 0.7754
3433.90 0.7822
3437.60 0.7859
3441.30 0.7915
3445.00 0.7923
3448.70 0.7968
3452.40 0.7979
3456.10 0.7990
3459.80 0.7994
3463.50 0.7968
3467.20 0.7986
3470.90 0.7970
3474.60 0.7868
3478.30 0.7917
3482.00 0.7830
3485.70 0.7776
3489.40 0.7721
3493.10 0.7661
3496.80 0.7544
3500.50 0.7563
3504.20 0.7484
3507.90 0.7403
3511.60 0.7321
3515.30 0.7263
3519.00 0.7111
3522.60 0.7088
3526.30 0.6974
3530.00 0.6889
3533.70 0.6802
3537.40 0.6705
3541.10 0.6632
3544.80 0.6534
3548.50 0.6420
3552.20 0.6381
3555.90 0.6290
3559.50 0.6216
3563.20 0.6195
3566.90 0.6083
3570.60 0.6021
3574.30 0.5997
3578.00 0.5958
3581.70 0.5918
3585.30 0.5869
3589.00 0.5908
3592.70 0.5890
3596.40 0.5919
3600.10 0.5953
3603.80 0.6035
3607.50 0.6104
3611.10 0.6171
3614.80 0.6237
3618.50 0.6290
3622.20 0.6352
3625.90 0.6406
3629.50 0.6345
3633.20 0.6226
3636.90 0.5987
3640.60 0.5628
3644.30 0.5244
3647.90 0.4737
3651.60 0.4101
3655.30 0.3568
3659.00 0.3032
3662.70 0.2551
3666.30 0.2077
3670.00 0.1700
3673.70 0.1356
3677.40 0.1133
3681.00 0.0900
3684.70 0.0752
3688.40 0.0590
3692.10 0.0479
3695.70 0.0399
3699.40 0.0307
3703.10 0.0252
3706.80 0.0207
3710.40 0.0193
3714.10 0.0166
3717.80 0.0128
3721.40 0.0114
3725.10 0.0095
3728.80 0.0074
3732.50 0.0068
3736.10 0.0072
3739.80 0.0061
3743.50 0.0039
3747.10 0.0044
3750.80 0.0045
3754.50 0.0027
3758.10 0.0000
3761.80 0.0050
3765.50 0.0025
3769.10 0.0000
3772.80 0.0000
