6443.10 0.0000
6446.40 0.0016
6449.70 0.0030
6453.10 0.0023
6456.40 0.0030
6459.80 0.0011
6463.10 0.0018
6466.40 0.0020
6469.80 0.0018
6473.10 0.0037
6476.40 0.0048
6479.80 0.0035
6483.10 0.0063
6486.40 0.0082
6489.80 0.0095
6493.10 0.0111
6496.40 0.0156
6499.80 0.0171
6503.10 0.0189
6506.40 0.0290
6509.80 0.0373
6513.10 0.0530
6516.40 0.0726
6519.80 0.1045
6523.10 0.1459
6526.40 0.2028
6529.80 0.2789
6533.10 0.3652
6536.40 0.4572
6539.70 0.5446
6543.10 0.6321
6546.40 0.6913
6549.70 0.7428
6553.00 0.7803
6556.40 0.8009
6559.70 0.8254
6563.00 0.8300
6566.30 0.8357
6569.70 0.8286
6573.00 0.8263
6576.30 0.8298
6579.60 0.8237
6582.90 0.8121
6586.30 0.7941
6589.60 0.7630
6592.90 0.7171
6596.20 0.6578
6599.50 0.5843
6602.90 0.5047
6606.20 0.4258
6609.50 0.3426
6612.80 0.2762
6616.10 0.2217
6619.40 0.1736
6622.80 0.1317
6626.10 0.1001
6629.40 0.0749
6632.70 0.0578
6636.00 0.0434
6639.30 0.0327
6642.60 0.0250
6646.00 0.0177
6649.30 0.0132
6652.60 0.0107
6655.90 0.0109
6659.20 0.0059
6662.50 0.0055
6665.80 0.0041
6669.10 0.0051
6672.40 0.0033
6675.70 0.0021
6679.10 0.0021
6682.40 0.0015
6685.70 0.0012
6689.00 0.0023
6692.30 0.0026
6695.60 0.0026
6698.90 0.0016
6702.20 0.0024
6705.50 0.0014
6708.80 0.0015
6712.10 0.0022
6715.40 0.0000
