3255.000000 0.004450
3260.000000 0.006552
3265.000000 0.009994
3270.000000 0.015352
3275.000000 0.024521
3280.000000 0.038519
3285.000000 0.063092
3290.000000 0.103387
3295.000000 0.163274
3300.000000 0.257291
3305.000000 0.376049
3310.000000 0.497540
3315.000000 0.610682
3320.000000 0.684806
3325.000000 0.725483
3330.000000 0.740209
3335.000000 0.743099
3340.000000 0.740258
3345.000000 0.740719
3350.000000 0.744943
3355.000000 0.746975
3360.000000 0.752362
3365.000000 0.756812
3370.000000 0.765724
3375.000000 0.771898
3380.000000 0.777404
3385.000000 0.781759
3390.000000 0.785896
3395.000000 0.787361
3400.000000 0.791502
3405.000000 0.790216
3410.000000 0.791241
3415.000000 0.792165
3420.000000 0.793184
3425.000000 0.790797
3430.000000 0.790116
3435.000000 0.789924
3440.000000 0.790991
3445.000000 0.793736
3450.000000 0.789466
3455.000000 0.791651
3460.000000 0.796411
3465.000000 0.801010
3470.000000 0.806148
3475.000000 0.812298
3480.000000 0.816348
3485.000000 0.821372
3490.000000 0.824624
3495.000000 0.831377
3500.000000 0.835342
3505.000000 0.835630
3510.000000 0.836836
3515.000000 0.835919
3520.000000 0.833798
3525.000000 0.830760
3530.000000 0.827654
3535.000000 0.822637
3540.000000 0.820337
3545.000000 0.817083
3550.000000 0.815330
3555.000000 0.815241
3560.000000 0.815760
3565.000000 0.817316
3570.000000 0.820221
3575.000000 0.822386
3580.000000 0.824749
3585.000000 0.823843
3590.000000 0.818643
3595.000000 0.805614
3600.000000 0.777853
3605.000000 0.738141
3610.000000 0.677836
3615.000000 0.605193
3620.000000 0.522729
3625.000000 0.433656
3630.000000 0.353432
3635.000000 0.279449
3640.000000 0.217083
3645.000000 0.169487
3650.000000 0.129099
3655.000000 0.099504
3660.000000 0.077029
3665.000000 0.059323
3670.000000 0.046511
3675.000000 0.036375
3680.000000 0.028590
3685.000000 0.022864
3690.000000 0.018238
3695.000000 0.014636
3700.000000 0.011933
3705.000000 0.009647
3710.000000 0.008004
3715.000000 0.006553
3720.000000 0.005432
3725.000000 0.004519
