3660.50 0.0009
3661.00 0.0010
3661.50 0.0011
3662.00 0.0012
3662.50 0.0012
3663.00 0.0013
3663.50 0.0014
3664.00 0.0015
3664.50 0.0016
3665.00 0.0016
3665.50 0.0017
3666.00 0.0018
3666.50 0.0019
3667.00 0.0019
3667.50 0.0020
3668.00 0.0021
3668.50 0.0022
3669.00 0.0023
3669.50 0.0023
3670.00 0.0024
3670.50 0.0025
3671.00 0.0026
3671.50 0.0027
3672.00 0.0028
3672.50 0.0028
3673.00 0.0029
3673.50 0.0030
3674.00 0.0031
3674.50 0.0032
3675.00 0.0033
3675.50 0.0034
3676.00 0.0034
3676.50 0.0035
3677.00 0.0036
3677.50 0.0037
3678.00 0.0038
3678.50 0.0039
3679.00 0.0040
3679.50 0.0040
3680.00 0.0041
3680.50 0.0061
3681.00 0.0080
3681.50 0.0099
3682.00 0.0119
3682.50 0.0138
3683.00 0.0158
3683.50 0.0177
3684.00 0.0196
3684.50 0.0216
3685.00 0.0235
3685.50 0.0255
3686.00 0.0274
3686.50 0.0293
3687.00 0.0313
3687.50 0.0332
3688.00 0.0351
3688.50 0.0371
3689.00 0.0390
3689.50 0.0410
3690.00 0.0429
3690.50 0.0466
3691.00 0.0504
3691.50 0.0541
3692.00 0.0578
3692.50 0.0616
3693.00 0.0653
3693.50 0.0690
3694.00 0.0728
3694.50 0.0765
3695.00 0.0802
3695.50 0.0839
3696.00 0.0877
3696.50 0.0914
3697.00 0.0951
3697.50 0.0989
3698.00 0.1026
3698.50 0.1063
3699.00 0.1101
3699.50 0.1138
3700.00 0.1175
3700.50 0.1211
3701.00 0.1246
3701.50 0.1282
3702.00 0.1317
3702.50 0.1353
3703.00 0.1388
3703.50 0.1424
3704.00 0.1459
3704.50 0.1495
3705.00 0.1530
3705.50 0.1566
3706.00 0.1601
3706.50 0.1637
3707.00 0.1672
3707.50 0.1708
3708.00 0.1743
3708.50 0.1778
3709.00 0.1814
3709.50 0.1849
3710.00 0.1885
3710.50 0.1885
3711.00 0.1884
3711.50 0.1884
3712.00 0.1884
3712.50 0.1884
3713.00 0.1884
3713.50 0.1883
3714.00 0.1883
3714.50 0.1883
3715.00 0.1883
3715.50 0.1882
3716.00 0.1882
3716.50 0.1882
3717.00 0.1882
3717.50 0.1882
3718.00 0.1881
3718.50 0.1881
3719.00 0.1881
3719.50 0.1881
3720.00 0.1880
3720.50 0.1846
3721.00 0.1811
3721.50 0.1776
3722.00 0.1741
3722.50 0.1707
3723.00 0.1672
3723.50 0.1637
3724.00 0.1602
3724.50 0.1567
3725.00 0.1533
3725.50 0.1498
3726.00 0.1463
3726.50 0.1428
3727.00 0.1393
3727.50 0.1359
3728.00 0.1324
3728.50 0.1289
3729.00 0.1254
3729.50 0.1219
3730.00 0.1185
3730.50 0.1149
3731.00 0.1114
3731.50 0.1079
3732.00 0.1044
3732.50 0.1009
3733.00 0.0974
3733.50 0.0939
3734.00 0.0903
3734.50 0.0868
3735.00 0.0833
3735.50 0.0798
3736.00 0.0763
3736.50 0.0728
3737.00 0.0693
3737.50 0.0657
3738.00 0.0622
3738.50 0.0587
3739.00 0.0552
3739.50 0.0517
3740.00 0.0482
3740.50 0.0465
3741.00 0.0449
3741.50 0.0432
3742.00 0.0416
3742.50 0.0399
3743.00 0.0383
3743.50 0.0366
3744.00 0.0350
3744.50 0.0333
3745.00 0.0317
3745.50 0.0300
3746.00 0.0284
3746.50 0.0267
3747.00 0.0251
3747.50 0.0234
3748.00 0.0217
3748.50 0.0201
3749.00 0.0184
3749.50 0.0168
3750.00 0.0151
3750.50 0.0146
3751.00 0.0141
3751.50 0.0136
3752.00 0.0131
3752.50 0.0126
3753.00 0.0121
3753.50 0.0116
3754.00 0.0111
3754.50 0.0106
3755.00 0.0101
3755.50 0.0096
3756.00 0.0091
3756.50 0.0086
3757.00 0.0080
3757.50 0.0075
3758.00 0.0070
3758.50 0.0065
3759.00 0.0060
3759.50 0.0055
3760.00 0.0050
3760.50 0.0048
3761.00 0.0047
3761.50 0.0045
3762.00 0.0044
3762.50 0.0042
3763.00 0.0041
3763.50 0.0039
3764.00 0.0038
3764.50 0.0036
3765.00 0.0035
3765.50 0.0033
3766.00 0.0032
3766.50 0.0030
3767.00 0.0028
3767.50 0.0027
3768.00 0.0025
3768.50 0.0024
3769.00 0.0022
3769.50 0.0021
3770.00 0.0019
3770.50 0.0019
3771.00 0.0018
3771.50 0.0017
3772.00 0.0017
3772.50 0.0016
3773.00 0.0016
3773.50 0.0015
3774.00 0.0014
3774.50 0.0014
3775.00 0.0013
3775.50 0.0013
3776.00 0.0012
3776.50 0.0011
3777.00 0.0011
3777.50 0.0010
3778.00 0.0010
3778.50 0.0009
