4625.00 0.0009
4630.00 0.0010
4635.00 0.0010
4640.00 0.0011
4645.00 0.0012
4650.00 0.0013
4655.00 0.0015
4660.00 0.0016
4665.00 0.0019
4670.00 0.0022
4675.00 0.0026
4680.00 0.0030
4685.00 0.0036
4690.00 0.0043
4695.00 0.0053
4700.00 0.0064
4705.00 0.0082
4710.00 0.0101
4715.00 0.0133
4720.00 0.0166
4725.00 0.0225
4730.00 0.0284
4735.00 0.0396
4740.00 0.0508
4745.00 0.0720
4750.00 0.0932
4755.00 0.1326
4760.00 0.1721
4765.00 0.2366
4770.00 0.3012
4775.00 0.3887
4780.00 0.4763
4785.00 0.5659
4790.00 0.6556
4795.00 0.7208
4800.00 0.7860
4805.00 0.8192
4810.00 0.8525
4815.00 0.8635
4820.00 0.8745
4825.00 0.8778
4830.00 0.8810
4835.00 0.8820
4840.00 0.8830
4845.00 0.8842
4850.00 0.8854
4855.00 0.8866
4860.00 0.8878
4865.00 0.8894
4870.00 0.8910
4875.00 0.8911
4880.00 0.8912
4885.00 0.8902
4890.00 0.8892
4895.00 0.8837
4900.00 0.8782
4905.00 0.8636
4910.00 0.8490
4915.00 0.8154
4920.00 0.7818
4925.00 0.7283
4930.00 0.6747
4935.00 0.6038
4940.00 0.5329
4945.00 0.4594
4950.00 0.3859
4955.00 0.3231
4960.00 0.2604
4965.00 0.2145
4970.00 0.1686
4975.00 0.1375
4980.00 0.1065
4985.00 0.0867
4990.00 0.0670
4995.00 0.0546
5000.00 0.0421
5005.00 0.0345
5010.00 0.0269
5015.00 0.0221
5020.00 0.0174
5025.00 0.0144
5030.00 0.0114
5035.00 0.0095
5040.00 0.0076
5045.00 0.0064
5050.00 0.0052
5055.00 0.0044
5060.00 0.0037
5065.00 0.0031
5070.00 0.0026
5075.00 0.0023
5080.00 0.0019
5085.00 0.0017
5090.00 0.0014
5095.00 0.0013
5100.00 0.0011
5105.00 0.0010
5110.00 0.0009
