5006.50 0.0009
5007.00 0.0010
5007.50 0.0011
5008.00 0.0012
5008.50 0.0013
5009.00 0.0014
5009.50 0.0015
5010.00 0.0016
5010.50 0.0024
5011.00 0.0032
5011.50 0.0040
5012.00 0.0048
5012.50 0.0057
5013.00 0.0065
5013.50 0.0073
5014.00 0.0081
5014.50 0.0089
5015.00 0.0097
5015.50 0.0144
5016.00 0.0192
5016.50 0.0240
5017.00 0.0288
5017.50 0.0335
5018.00 0.0383
5018.50 0.0431
5019.00 0.0478
5019.50 0.0526
5020.00 0.0574
5020.50 0.0665
5021.00 0.0757
5021.50 0.0848
5022.00 0.0940
5022.50 0.1031
5023.00 0.1123
5023.50 0.1214
5024.00 0.1306
5024.50 0.1397
5025.00 0.1489
5025.50 0.1627
5026.00 0.1764
5026.50 0.1902
5027.00 0.2040
5027.50 0.2177
5028.00 0.2315
5028.50 0.2453
5029.00 0.2591
5029.50 0.2728
5030.00 0.2866
5030.50 0.2979
5031.00 0.3091
5031.50 0.3204
5032.00 0.3316
5032.50 0.3429
5033.00 0.3541
5033.50 0.3654
5034.00 0.3767
5034.50 0.3879
5035.00 0.3992
5035.50 0.4019
5036.00 0.4046
5036.50 0.4074
5037.00 0.4101
5037.50 0.4129
5038.00 0.4156
5038.50 0.4183
5039.00 0.4211
5039.50 0.4238
5040.00 0.4265
5040.50 0.4201
5041.00 0.4136
5041.50 0.4071
5042.00 0.4006
5042.50 0.3941
5043.00 0.3876
5043.50 0.3812
5044.00 0.3747
5044.50 0.3682
5045.00 0.3617
5045.50 0.3488
5046.00 0.3359
5046.50 0.3229
5047.00 0.3100
5047.50 0.2971
5048.00 0.2842
5048.50 0.2713
5049.00 0.2584
5049.50 0.2454
5050.00 0.2325
5050.50 0.2211
5051.00 0.2097
5051.50 0.1983
5052.00 0.1870
5052.50 0.1756
5053.00 0.1642
5053.50 0.1528
5054.00 0.1414
5054.50 0.1300
5055.00 0.1186
5055.50 0.1109
5056.00 0.1031
5056.50 0.0954
5057.00 0.0876
5057.50 0.0799
5058.00 0.0721
5058.50 0.0644
5059.00 0.0566
5059.50 0.0488
5060.00 0.0411
5060.50 0.0380
5061.00 0.0349
5061.50 0.0318
5062.00 0.0286
5062.50 0.0255
5063.00 0.0224
5063.50 0.0193
5064.00 0.0162
5064.50 0.0131
5065.00 0.0100
5065.50 0.0091
5066.00 0.0083
5066.50 0.0074
5067.00 0.0066
5067.50 0.0057
5068.00 0.0049
5068.50 0.0040
5069.00 0.0032
5069.50 0.0023
5070.00 0.0015
5070.50 0.0014
5071.00 0.0013
5071.50 0.0012
5072.00 0.0011
5072.50 0.0009
