6762.00 0.0009
6763.00 0.0010
6764.00 0.0010
6765.00 0.0011
6766.00 0.0012
6767.00 0.0013
6768.00 0.0014
6769.00 0.0016
6770.00 0.0017
6771.00 0.0018
6772.00 0.0020
6773.00 0.0022
6774.00 0.0025
6775.00 0.0027
6776.00 0.0031
6777.00 0.0034
6778.00 0.0038
6779.00 0.0043
6780.00 0.0049
6781.00 0.0055
6782.00 0.0063
6783.00 0.0071
6784.00 0.0082
6785.00 0.0094
6786.00 0.0109
6787.00 0.0126
6788.00 0.0147
6789.00 0.0173
6790.00 0.0203
6791.00 0.0236
6792.00 0.0277
6793.00 0.0327
6794.00 0.0386
6795.00 0.0450
6796.00 0.0529
6797.00 0.0621
6798.00 0.0721
6799.00 0.0825
6800.00 0.0947
6801.00 0.1085
6802.00 0.1234
6803.00 0.1387
6804.00 0.1559
6805.00 0.1742
6806.00 0.1926
6807.00 0.2110
6808.00 0.2308
6809.00 0.2514
6810.00 0.2722
6811.00 0.2923
6812.00 0.3135
6813.00 0.3344
6814.00 0.3538
6815.00 0.3720
6816.00 0.3900
6817.00 0.4074
6818.00 0.4240
6819.00 0.4387
6820.00 0.4527
6821.00 0.4656
6822.00 0.4766
6823.00 0.4862
6824.00 0.4948
6825.00 0.5020
6826.00 0.5084
6827.00 0.5132
6828.00 0.5171
6829.00 0.5199
6830.00 0.5216
6831.00 0.5221
6832.00 0.5221
6833.00 0.5214
6834.00 0.5196
6835.00 0.5174
6836.00 0.5147
6837.00 0.5113
6838.00 0.5072
6839.00 0.5034
6840.00 0.4987
6841.00 0.4932
6842.00 0.4876
6843.00 0.4813
6844.00 0.4742
6845.00 0.4667
6846.00 0.4585
6847.00 0.4501
6848.00 0.4404
6849.00 0.4303
6850.00 0.4190
6851.00 0.4075
6852.00 0.3945
6853.00 0.3805
6854.00 0.3663
6855.00 0.3520
6856.00 0.3368
6857.00 0.3201
6858.00 0.3029
6859.00 0.2863
6860.00 0.2682
6861.00 0.2495
6862.00 0.2319
6863.00 0.2151
6864.00 0.1979
6865.00 0.1806
6866.00 0.1640
6867.00 0.1488
6868.00 0.1336
6869.00 0.1190
6870.00 0.1060
6871.00 0.0944
6872.00 0.0833
6873.00 0.0728
6874.00 0.0633
6875.00 0.0553
6876.00 0.0477
6877.00 0.0409
6878.00 0.0353
6879.00 0.0305
6880.00 0.0263
6881.00 0.0225
6882.00 0.0193
6883.00 0.0167
6884.00 0.0144
6885.00 0.0124
6886.00 0.0108
6887.00 0.0094
6888.00 0.0082
6889.00 0.0072
6890.00 0.0063
6891.00 0.0055
6892.00 0.0049
6893.00 0.0043
6894.00 0.0039
6895.00 0.0034
6896.00 0.0031
6897.00 0.0027
6898.00 0.0024
6899.00 0.0022
6900.00 0.0020
6901.00 0.0018
6902.00 0.0016
6903.00 0.0015
6904.00 0.0014
6905.00 0.0012
6906.00 0.0011
6907.00 0.0010
6908.00 0.0009
