6990.00 0.0007
7000.00 0.0012
7010.00 0.0019
7020.00 0.0030
7030.00 0.0046
7040.00 0.0070
7050.00 0.0101
7060.00 0.0143
7070.00 0.0198
7080.00 0.0266
7090.00 0.0351
7100.00 0.0453
7110.00 0.0573
7120.00 0.0715
7130.00 0.0873
7140.00 0.1052
7150.00 0.1249
7160.00 0.1463
7170.00 0.1696
7180.00 0.1941
7190.00 0.2115
7200.00 0.2463
7210.00 0.2737
7220.00 0.3018
7230.00 0.3306
7240.00 0.3590
7250.00 0.3871
7260.00 0.4151
7270.00 0.4434
7280.00 0.4711
7290.00 0.4968
7300.00 0.5234
7310.00 0.5475
7320.00 0.5716
7330.00 0.5954
7340.00 0.6171
7350.00 0.6380
7360.00 0.6581
7370.00 0.6768
7380.00 0.6940
7390.00 0.7121
7400.00 0.7267
7410.00 0.7422
7420.00 0.7548
7430.00 0.7666
7440.00 0.7805
7450.00 0.7915
7460.00 0.8016
7470.00 0.8111
7480.00 0.8188
7490.00 0.8271
7500.00 0.8346
7510.00 0.8420
7520.00 0.8475
7530.00 0.8544
7540.00 0.8592
7550.00 0.8636
7560.00 0.8686
7570.00 0.8725
7580.00 0.8751
7590.00 0.8800
7600.00 0.8828
7610.00 0.8857
7620.00 0.8887
7630.00 0.8892
7640.00 0.8927
7650.00 0.8952
7660.00 0.8964
7670.00 0.8986
7680.00 0.8996
7690.00 0.8996
7700.00 0.9015
7710.00 0.9026
7720.00 0.9041
7730.00 0.9067
7740.00 0.9075
7750.00 0.9068
7760.00 0.9064
7770.00 0.9071
7780.00 0.9073
7790.00 0.9074
7800.00 0.9100
7810.00 0.9093
7820.00 0.9105
7830.00 0.9087
7840.00 0.9065
7850.00 0.9089
7860.00 0.9094
7870.00 0.9079
7880.00 0.9096
7890.00 0.9069
7900.00 0.9083
7910.00 0.9106
7920.00 0.9073
7930.00 0.9077
7940.00 0.9097
7950.00 0.9078
7960.00 0.9078
7970.00 0.9081
7980.00 0.9081
7990.00 0.9087
8000.00 0.9041
8010.00 0.9049
8020.00 0.9075
8030.00 0.9053
8040.00 0.9050
8050.00 0.9055
8060.00 0.9048
8070.00 0.9042
8080.00 0.9059
8090.00 0.9042
8100.00 0.9023
8110.00 0.9035
8120.00 0.9024
8130.00 0.9025
8140.00 0.9006
8150.00 0.9016
8160.00 0.9010
8170.00 0.8997
8180.00 0.8993
8190.00 0.8984
8200.00 0.9001
8210.00 0.8982
8220.00 0.8958
8230.00 0.8964
8240.00 0.8972
8250.00 0.8962
8260.00 0.8958
8270.00 0.8936
8280.00 0.8943
8290.00 0.8950
8300.00 0.8926
8310.00 0.8927
8320.00 0.8929
8330.00 0.8900
8340.00 0.8897
8350.00 0.8883
8360.00 0.8874
8370.00 0.8844
8380.00 0.8871
8390.00 0.8862
8400.00 0.8861
8410.00 0.8828
8420.00 0.8798
8430.00 0.8816
8440.00 0.8781
8450.00 0.8803
8460.00 0.8816
8470.00 0.8815
8480.00 0.8757
8490.00 0.8796
8500.00 0.8742
8510.00 0.8807
8520.00 0.8734
8530.00 0.8712
8540.00 0.8701
8550.00 0.8710
8560.00 0.8672
8570.00 0.8740
8580.00 0.8677
8590.00 0.8677
8600.00 0.8665
8610.00 0.8636
8620.00 0.8683
8630.00 0.8668
8640.00 0.8624
8650.00 0.8609
8660.00 0.8613
8670.00 0.8514
8680.00 0.8588
8690.00 0.8504
8700.00 0.8528
8710.00 0.8573
8720.00 0.8558
8730.00 0.8637
8740.00 0.8442
8750.00 0.8542
8760.00 0.8501
8770.00 0.8431
8780.00 0.8576
8790.00 0.8449
8800.00 0.8241
8810.00 0.8485
8820.00 0.9186
8830.00 0.8268
8840.00 0.8348
8850.00 0.8401
8860.00 0.8394
8870.00 0.8465
8880.00 0.8403
8890.00 0.8682
8900.00 0.8389
8910.00 0.8529
8920.00 0.8325
8930.00 0.8448
8940.00 0.8286
8950.00 0.8259
8960.00 0.9017
8970.00 0.8399
8980.00 0.8340
8990.00 0.8286
9000.00 0.8381
