5460.00 0.0005
5470.00 0.0010
5480.00 0.0020
5490.00 0.0040
5500.00 0.0076
5510.00 0.0136
5520.00 0.0233
5530.00 0.0378
5540.00 0.0586
5550.00 0.0859
5560.00 0.1203
5570.00 0.1612
5580.00 0.2078
5590.00 0.2574
5600.00 0.3103
5610.00 0.3627
5620.00 0.4147
5630.00 0.4635
5640.00 0.5100
5650.00 0.5511
5660.00 0.5897
5670.00 0.6237
5680.00 0.6535
5690.00 0.6740
5700.00 0.7042
5710.00 0.7233
5720.00 0.7408
5730.00 0.7560
5740.00 0.7677
5750.00 0.7800
5760.00 0.7884
5770.00 0.7954
5780.00 0.8027
5790.00 0.8075
5800.00 0.8117
5810.00 0.8164
5820.00 0.8194
5830.00 0.8215
5840.00 0.8238
5850.00 0.8255
5860.00 0.8260
5870.00 0.8282
5880.00 0.8284
5890.00 0.8280
5900.00 0.8283
5910.00 0.8279
5920.00 0.8272
5930.00 0.8285
5940.00 0.8271
5950.00 0.8261
5960.00 0.8257
5970.00 0.8235
5980.00 0.8229
5990.00 0.8222
6000.00 0.8204
6010.00 0.8189
6020.00 0.8183
6030.00 0.8160
6040.00 0.8150
6050.00 0.8138
6060.00 0.8111
6070.00 0.8098
6080.00 0.8078
6090.00 0.8061
6100.00 0.8043
6110.00 0.8031
6120.00 0.7997
6130.00 0.7983
6140.00 0.7963
6150.00 0.7929
6160.00 0.7913
6170.00 0.7891
6180.00 0.7861
6190.00 0.7835
6200.00 0.7802
6210.00 0.7771
6220.00 0.7751
6230.00 0.7727
6240.00 0.7699
6250.00 0.7668
6260.00 0.7637
6270.00 0.7607
6280.00 0.7582
6290.00 0.7551
6300.00 0.7523
6310.00 0.7496
6320.00 0.7468
6330.00 0.7438
6340.00 0.7409
6350.00 0.7370
6360.00 0.7337
6370.00 0.7320
6380.00 0.7275
6390.00 0.7245
6400.00 0.7217
6410.00 0.7180
6420.00 0.7147
6430.00 0.7114
6440.00 0.7076
6450.00 0.7048
6460.00 0.7019
6470.00 0.6980
6480.00 0.6950
6490.00 0.6905
6500.00 0.6864
6510.00 0.6833
6520.00 0.6801
6530.00 0.6768
6540.00 0.6741
6550.00 0.6697
6560.00 0.6645
6570.00 0.6617
6580.00 0.6575
6590.00 0.6541
6600.00 0.6516
6610.00 0.6477
6620.00 0.6436
6630.00 0.6398
6640.00 0.6356
6650.00 0.6325
6660.00 0.6288
6670.00 0.6250
6680.00 0.6210
6690.00 0.6183
6700.00 0.6134
6710.00 0.6096
6720.00 0.6057
6730.00 0.6008
6740.00 0.5966
6750.00 0.5937
6760.00 0.5896
6770.00 0.5851
6780.00 0.5812
6790.00 0.5762
6800.00 0.5724
6810.00 0.5680
6820.00 0.5640
6830.00 0.5601
6840.00 0.5554
6850.00 0.5501
6860.00 0.5463
6870.00 0.5419
6880.00 0.5366
6890.00 0.5332
6900.00 0.5279
6910.00 0.5230
6920.00 0.5190
6930.00 0.5137
6940.00 0.5093
6950.00 0.5050
6960.00 0.5007
6970.00 0.4961
6980.00 0.4913
6990.00 0.4866
7000.00 0.4820
7010.00 0.4780
7020.00 0.4731
7030.00 0.4687
7040.00 0.4643
7050.00 0.4595
7060.00 0.4556
7070.00 0.4507
7080.00 0.4460
7090.00 0.4414
7100.00 0.4373
7110.00 0.4325
7120.00 0.4278
7130.00 0.4241
7140.00 0.4191
7150.00 0.4141
7160.00 0.4098
7170.00 0.4059
7180.00 0.4016
7190.00 0.3989
7200.00 0.3929
7210.00 0.3888
7220.00 0.3843
7230.00 0.3795
7240.00 0.3760
7250.00 0.3720
7260.00 0.3674
7270.00 0.3635
7280.00 0.3591
7290.00 0.3540
7300.00 0.3506
7310.00 0.3466
7320.00 0.3423
7330.00 0.3376
7340.00 0.3341
7350.00 0.3293
7360.00 0.3259
7370.00 0.3224
7380.00 0.3177
7390.00 0.3137
7400.00 0.3095
7410.00 0.3050
7420.00 0.3015
7430.00 0.2972
7440.00 0.2938
7450.00 0.2900
7460.00 0.2858
7470.00 0.2817
7480.00 0.2779
7490.00 0.2740
7500.00 0.2705
7510.00 0.2672
7520.00 0.2629
7530.00 0.2591
7540.00 0.2559
7550.00 0.2520
7560.00 0.2480
7570.00 0.2450
7580.00 0.2415
7590.00 0.2375
7600.00 0.2337
7610.00 0.2306
7620.00 0.2267
7630.00 0.2237
7640.00 0.2197
7650.00 0.2165
7660.00 0.2132
7670.00 0.2098
7680.00 0.2066
7690.00 0.2040
7700.00 0.1998
7710.00 0.1969
7720.00 0.1935
7730.00 0.1904
7740.00 0.1879
7750.00 0.1839
7760.00 0.1818
7770.00 0.1783
7780.00 0.1750
7790.00 0.1724
7800.00 0.1694
7810.00 0.1665
7820.00 0.1640
7830.00 0.1603
7840.00 0.1581
7850.00 0.1556
7860.00 0.1534
7870.00 0.1503
7880.00 0.1474
7890.00 0.1448
7900.00 0.1420
7910.00 0.1398
7920.00 0.1375
7930.00 0.1347
7940.00 0.1321
7950.00 0.1303
7960.00 0.1275
7970.00 0.1252
7980.00 0.1233
7990.00 0.1202
8000.00 0.1185
8010.00 0.1164
8020.00 0.1144
8030.00 0.1119
8040.00 0.1099
8050.00 0.1077
8060.00 0.1058
8070.00 0.1039
8080.00 0.1014
8090.00 0.1000
8100.00 0.0981
8110.00 0.0960
8120.00 0.0938
8130.00 0.0926
8140.00 0.0902
8150.00 0.0887
8160.00 0.0867
8170.00 0.0848
8180.00 0.0833
8190.00 0.0818
8200.00 0.0798
8210.00 0.0783
8220.00 0.0770
8230.00 0.0751
8240.00 0.0740
8250.00 0.0727
8260.00 0.0705
8270.00 0.0692
8280.00 0.0679
8290.00 0.0663
8300.00 0.0650
8310.00 0.0639
8320.00 0.0623
8330.00 0.0611
8340.00 0.0598
8350.00 0.0583
8360.00 0.0573
8370.00 0.0562
8380.00 0.0553
8390.00 0.0542
8400.00 0.0525
8410.00 0.0512
8420.00 0.0505
8430.00 0.0492
8440.00 0.0478
8450.00 0.0473
8460.00 0.0461
8470.00 0.0451
8480.00 0.0441
8490.00 0.0430
8500.00 0.0430
8510.00 0.0415
8520.00 0.0401
8530.00 0.0393
8540.00 0.0384
8550.00 0.0382
8560.00 0.0372
8570.00 0.0362
8580.00 0.0359
8590.00 0.0346
8600.00 0.0338
8610.00 0.0334
8620.00 0.0334
8630.00 0.0321
8640.00 0.0311
8650.00 0.0303
8660.00 0.0289
8670.00 0.0291
8680.00 0.0279
8690.00 0.0274
8700.00 0.0273
8710.00 0.0281
8720.00 0.0260
8730.00 0.0255
8740.00 0.0249
8750.00 0.0246
8760.00 0.0239
8770.00 0.0240
8780.00 0.0224
8790.00 0.0212
8800.00 0.0224
8810.00 0.0217
8820.00 0.0206
8830.00 0.0205
8840.00 0.0203
8850.00 0.0195
8860.00 0.0193
8870.00 0.0182
8880.00 0.0187
8890.00 0.0191
8900.00 0.0175
8910.00 0.0177
8920.00 0.0158
8930.00 0.0178
8940.00 0.0160
8950.00 0.0144
8960.00 0.0165
8970.00 0.0158
8980.00 0.0142
8990.00 0.0143
9000.00 0.0151
