4880.00 0.0009
4882.00 0.0010
4884.00 0.0011
4886.00 0.0012
4888.00 0.0014
4890.00 0.0016
4892.00 0.0018
4894.00 0.0021
4896.00 0.0024
4898.00 0.0027
4900.00 0.0031
4902.00 0.0037
4904.00 0.0042
4906.00 0.0049
4908.00 0.0058
4910.00 0.0068
4912.00 0.0080
4914.00 0.0094
4916.00 0.0112
4918.00 0.0133
4920.00 0.0158
4922.00 0.0189
4924.00 0.0225
4926.00 0.0269
4928.00 0.0321
4930.00 0.0383
4932.00 0.0458
4934.00 0.0546
4936.00 0.0648
4938.00 0.0769
4940.00 0.0908
4942.00 0.1072
4944.00 0.1256
4946.00 0.1466
4948.00 0.1700
4950.00 0.1965
4952.00 0.2247
4954.00 0.2549
4956.00 0.2878
4958.00 0.3227
4960.00 0.3569
4962.00 0.3925
4964.00 0.4271
4966.00 0.4620
4968.00 0.4941
4970.00 0.5234
4972.00 0.5515
4974.00 0.5761
4976.00 0.5981
4978.00 0.6158
4980.00 0.6313
4982.00 0.6436
4984.00 0.6522
4986.00 0.6597
4988.00 0.6652
4990.00 0.6693
4992.00 0.6714
4994.00 0.6732
4996.00 0.6742
4998.00 0.6741
5000.00 0.6752
5002.00 0.6751
5004.00 0.6752
5006.00 0.6757
5008.00 0.6754
5010.00 0.6745
5012.00 0.6736
5014.00 0.6733
5016.00 0.6720
5018.00 0.6711
5020.00 0.6695
5022.00 0.6685
5024.00 0.6666
5026.00 0.6651
5028.00 0.6637
5030.00 0.6612
5032.00 0.6591
5034.00 0.6555
5036.00 0.6509
5038.00 0.6454
5040.00 0.6372
5042.00 0.6269
5044.00 0.6134
5046.00 0.5962
5048.00 0.5746
5050.00 0.5508
5052.00 0.5222
5054.00 0.4893
5056.00 0.4558
5058.00 0.4200
5060.00 0.3813
5062.00 0.3436
5064.00 0.3066
5066.00 0.2704
5068.00 0.2369
5070.00 0.2053
5072.00 0.1762
5074.00 0.1514
5076.00 0.1289
5078.00 0.1089
5080.00 0.0927
5082.00 0.0786
5084.00 0.0663
5086.00 0.0560
5088.00 0.0477
5090.00 0.0405
5092.00 0.0346
5094.00 0.0295
5096.00 0.0252
5098.00 0.0218
5100.00 0.0188
5102.00 0.0162
5104.00 0.0141
5106.00 0.0123
5108.00 0.0107
5110.00 0.0094
5112.00 0.0082
5114.00 0.0072
5116.00 0.0064
5118.00 0.0056
5120.00 0.0050
5122.00 0.0045
5124.00 0.0040
5126.00 0.0035
5128.00 0.0032
5130.00 0.0028
5132.00 0.0025
5134.00 0.0023
5136.00 0.0021
5138.00 0.0019
5140.00 0.0017
5142.00 0.0015
5144.00 0.0014
5146.00 0.0013
5148.00 0.0011
5150.00 0.0011
5152.00 0.0010
5154.00 0.0009
