4665.00 0.0009
4670.00 0.0010
4675.00 0.0011
4680.00 0.0011
4685.00 0.0012
4690.00 0.0013
4695.00 0.0015
4700.00 0.0016
4705.00 0.0018
4710.00 0.0020
4715.00 0.0022
4720.00 0.0025
4725.00 0.0028
4730.00 0.0032
4735.00 0.0037
4740.00 0.0041
4745.00 0.0048
4750.00 0.0055
4755.00 0.0064
4760.00 0.0074
4765.00 0.0087
4770.00 0.0100
4775.00 0.0119
4780.00 0.0137
4785.00 0.0162
4790.00 0.0187
4795.00 0.0221
4800.00 0.0255
4805.00 0.0300
4810.00 0.0344
4815.00 0.0401
4820.00 0.0459
4825.00 0.0532
4830.00 0.0605
4835.00 0.0695
4840.00 0.0785
4845.00 0.0892
4850.00 0.0998
4855.00 0.1124
4860.00 0.1251
4865.00 0.1393
4870.00 0.1536
4875.00 0.1697
4880.00 0.1858
4885.00 0.2027
4890.00 0.2196
4895.00 0.2377
4900.00 0.2557
4905.00 0.2748
4910.00 0.2939
4915.00 0.3132
4920.00 0.3325
4925.00 0.3516
4930.00 0.3706
4935.00 0.3893
4940.00 0.4080
4945.00 0.4264
4950.00 0.4449
4955.00 0.4627
4960.00 0.4806
4965.00 0.4974
4970.00 0.5142
4975.00 0.5297
4980.00 0.5453
4985.00 0.5599
4990.00 0.5745
4995.00 0.5889
5000.00 0.6033
5005.00 0.6159
5010.00 0.6285
5015.00 0.6401
5020.00 0.6518
5025.00 0.6624
5030.00 0.6731
5035.00 0.6829
5040.00 0.6928
5045.00 0.7022
5050.00 0.7116
5055.00 0.7198
5060.00 0.7279
5065.00 0.7349
5070.00 0.7420
5075.00 0.7487
5080.00 0.7555
5085.00 0.7616
5090.00 0.7678
5095.00 0.7737
5100.00 0.7795
5105.00 0.7846
5110.00 0.7896
5115.00 0.7942
5120.00 0.7988
5125.00 0.8023
5130.00 0.8059
5135.00 0.8096
5140.00 0.8133
5145.00 0.8170
5150.00 0.8208
5155.00 0.8236
5160.00 0.8263
5165.00 0.8286
5170.00 0.8309
5175.00 0.8338
5180.00 0.8367
5185.00 0.8380
5190.00 0.8393
5195.00 0.8414
5200.00 0.8436
5205.00 0.8452
5210.00 0.8469
5215.00 0.8481
5220.00 0.8493
5225.00 0.8500
5230.00 0.8508
5235.00 0.8520
5240.00 0.8533
5245.00 0.8540
5250.00 0.8547
5255.00 0.8552
5260.00 0.8557
5265.00 0.8562
5270.00 0.8566
5275.00 0.8562
5280.00 0.8557
5285.00 0.8560
5290.00 0.8564
5295.00 0.8565
5300.00 0.8567
5305.00 0.8565
5310.00 0.8563
5315.00 0.8559
5320.00 0.8554
5325.00 0.8548
5330.00 0.8541
5335.00 0.8536
5340.00 0.8531
5345.00 0.8529
5350.00 0.8526
5355.00 0.8517
5360.00 0.8509
5365.00 0.8499
5370.00 0.8489
5375.00 0.8478
5380.00 0.8468
5385.00 0.8459
5390.00 0.8450
5395.00 0.8439
5400.00 0.8427
5405.00 0.8414
5410.00 0.8402
5415.00 0.8387
5420.00 0.8372
5425.00 0.8356
5430.00 0.8340
5435.00 0.8323
5440.00 0.8307
5445.00 0.8290
5450.00 0.8274
5455.00 0.8256
5460.00 0.8237
5465.00 0.8221
5470.00 0.8205
5475.00 0.8184
5480.00 0.8162
5485.00 0.8141
5490.00 0.8120
5495.00 0.8097
5500.00 0.8075
5505.00 0.8055
5510.00 0.8036
5515.00 0.8008
5520.00 0.7980
5525.00 0.7958
5530.00 0.7936
5535.00 0.7911
5540.00 0.7885
5545.00 0.7855
5550.00 0.7825
5555.00 0.7801
5560.00 0.7776
5565.00 0.7745
5570.00 0.7714
5575.00 0.7685
5580.00 0.7656
5585.00 0.7626
5590.00 0.7595
5595.00 0.7561
5600.00 0.7527
5605.00 0.7497
5610.00 0.7467
5615.00 0.7429
5620.00 0.7392
5625.00 0.7360
5630.00 0.7328
5635.00 0.7288
5640.00 0.7249
5645.00 0.7213
5650.00 0.7177
5655.00 0.7140
5660.00 0.7102
5665.00 0.7062
5670.00 0.7022
5675.00 0.7007
5680.00 0.6991
5685.00 0.6925
5690.00 0.6859
5695.00 0.6817
5700.00 0.6774
5705.00 0.6733
5710.00 0.6692
5715.00 0.6648
5720.00 0.6604
5725.00 0.6561
5730.00 0.6518
5735.00 0.6473
5740.00 0.6429
5745.00 0.6380
5750.00 0.6331
5755.00 0.6285
5760.00 0.6239
5765.00 0.6192
5770.00 0.6145
5775.00 0.6099
5780.00 0.6052
5785.00 0.6003
5790.00 0.5954
5795.00 0.5902
5800.00 0.5851
5805.00 0.5801
5810.00 0.5751
5815.00 0.5700
5820.00 0.5650
5825.00 0.5598
5830.00 0.5547
5835.00 0.5495
5840.00 0.5443
5845.00 0.5393
5850.00 0.5343
5855.00 0.5289
5860.00 0.5236
5865.00 0.5184
5870.00 0.5132
5875.00 0.5080
5880.00 0.5029
5885.00 0.4971
5890.00 0.4914
5895.00 0.4861
5900.00 0.4808
5905.00 0.4755
5910.00 0.4702
5915.00 0.4645
5920.00 0.4588
5925.00 0.4537
5930.00 0.4486
5935.00 0.4431
5940.00 0.4376
5945.00 0.4322
5950.00 0.4268
5955.00 0.4213
5960.00 0.4159
5965.00 0.4105
5970.00 0.4052
5975.00 0.3997
5980.00 0.3942
5985.00 0.3890
5990.00 0.3838
5995.00 0.3785
6000.00 0.3732
6005.00 0.3677
6010.00 0.3622
6015.00 0.3571
6020.00 0.3520
6025.00 0.3467
6030.00 0.3414
6035.00 0.3362
6040.00 0.3309
6045.00 0.3260
6050.00 0.3210
6055.00 0.3158
6060.00 0.3107
6065.00 0.3056
6070.00 0.3004
6075.00 0.2954
6080.00 0.2904
6085.00 0.2854
6090.00 0.2804
6095.00 0.2756
6100.00 0.2709
6105.00 0.2661
6110.00 0.2612
6115.00 0.2566
6120.00 0.2519
6125.00 0.2473
6130.00 0.2426
6135.00 0.2380
6140.00 0.2335
6145.00 0.2291
6150.00 0.2247
6155.00 0.2203
6160.00 0.2159
6165.00 0.2117
6170.00 0.2074
6175.00 0.2031
6180.00 0.1989
6185.00 0.1948
6190.00 0.1907
6195.00 0.1867
6200.00 0.1827
6205.00 0.1788
6210.00 0.1748
6215.00 0.1711
6220.00 0.1673
6225.00 0.1636
6230.00 0.1599
6235.00 0.1563
6240.00 0.1528
6245.00 0.1493
6250.00 0.1458
6255.00 0.1424
6260.00 0.1390
6265.00 0.1356
6270.00 0.1321
6275.00 0.1290
6280.00 0.1258
6285.00 0.1227
6290.00 0.1196
6295.00 0.1166
6300.00 0.1136
6305.00 0.1107
6310.00 0.1078
6315.00 0.1051
6320.00 0.1023
6325.00 0.0997
6330.00 0.0971
6335.00 0.0945
6340.00 0.0919
6345.00 0.0894
6350.00 0.0868
6355.00 0.0845
6360.00 0.0821
6365.00 0.0798
6370.00 0.0774
6375.00 0.0753
6380.00 0.0733
6385.00 0.0711
6390.00 0.0690
6395.00 0.0670
6400.00 0.0651
6405.00 0.0631
6410.00 0.0612
6415.00 0.0593
6420.00 0.0575
6425.00 0.0557
6430.00 0.0540
6435.00 0.0523
6440.00 0.0505
6445.00 0.0490
6450.00 0.0475
6455.00 0.0460
6460.00 0.0445
6465.00 0.0431
6470.00 0.0417
6475.00 0.0403
6480.00 0.0388
6485.00 0.0376
6490.00 0.0363
6495.00 0.0351
6500.00 0.0339
6505.00 0.0327
6510.00 0.0316
6515.00 0.0305
6520.00 0.0294
6525.00 0.0284
6530.00 0.0274
6535.00 0.0264
6540.00 0.0254
6545.00 0.0245
6550.00 0.0236
6555.00 0.0227
6560.00 0.0219
6565.00 0.0211
6570.00 0.0203
6575.00 0.0195
6580.00 0.0188
6585.00 0.0181
6590.00 0.0174
6595.00 0.0167
6600.00 0.0161
6605.00 0.0155
6610.00 0.0148
6615.00 0.0143
6620.00 0.0137
6625.00 0.0131
6630.00 0.0126
6635.00 0.0121
6640.00 0.0116
6645.00 0.0111
6650.00 0.0107
6655.00 0.0102
6660.00 0.0098
6665.00 0.0094
6670.00 0.0090
6675.00 0.0087
6680.00 0.0083
6685.00 0.0079
6690.00 0.0076
6695.00 0.0072
6700.00 0.0069
6705.00 0.0066
6710.00 0.0063
6715.00 0.0060
6720.00 0.0058
6725.00 0.0055
6730.00 0.0053
6735.00 0.0051
6740.00 0.0048
6745.00 0.0046
6750.00 0.0044
6755.00 0.0042
6760.00 0.0040
6765.00 0.0038
6770.00 0.0037
6775.00 0.0035
6780.00 0.0033
6785.00 0.0032
6790.00 0.0030
6795.00 0.0029
6800.00 0.0028
6805.00 0.0026
6810.00 0.0025
6815.00 0.0024
6820.00 0.0023
6825.00 0.0022
6830.00 0.0020
6835.00 0.0019
6840.00 0.0018
6845.00 0.0018
6850.00 0.0017
6855.00 0.0016
6860.00 0.0015
6865.00 0.0014
6870.00 0.0014
6875.00 0.0013
6880.00 0.0012
6885.00 0.0012
6890.00 0.0011
6895.00 0.0011
6900.00 0.0010
6905.00 0.0009
