4891.00 0.0009
4891.50 0.0010
4892.00 0.0010
4892.50 0.0010
4893.00 0.0010
4893.50 0.0011
4894.00 0.0011
4894.50 0.0011
4895.00 0.0011
4895.50 0.0012
4896.00 0.0012
4896.50 0.0012
4897.00 0.0012
4897.50 0.0013
4898.00 0.0013
4898.50 0.0013
4899.00 0.0013
4899.50 0.0014
4900.00 0.0014
4900.50 0.0014
4901.00 0.0015
4901.50 0.0015
4902.00 0.0016
4902.50 0.0016
4903.00 0.0017
4903.50 0.0017
4904.00 0.0018
4904.50 0.0018
4905.00 0.0019
4905.50 0.0019
4906.00 0.0020
4906.50 0.0020
4907.00 0.0021
4907.50 0.0021
4908.00 0.0021
4908.50 0.0022
4909.00 0.0022
4909.50 0.0023
4910.00 0.0023
4910.50 0.0024
4911.00 0.0025
4911.50 0.0026
4912.00 0.0027
4912.50 0.0028
4913.00 0.0029
4913.50 0.0030
4914.00 0.0031
4914.50 0.0032
4915.00 0.0032
4915.50 0.0033
4916.00 0.0034
4916.50 0.0035
4917.00 0.0036
4917.50 0.0037
4918.00 0.0038
4918.50 0.0039
4919.00 0.0040
4919.50 0.0041
4920.00 0.0042
4920.50 0.0044
4921.00 0.0046
4921.50 0.0048
4922.00 0.0050
4922.50 0.0052
4923.00 0.0054
4923.50 0.0056
4924.00 0.0058
4924.50 0.0060
4925.00 0.0062
4925.50 0.0064
4926.00 0.0066
4926.50 0.0068
4927.00 0.0070
4927.50 0.0072
4928.00 0.0074
4928.50 0.0076
4929.00 0.0078
4929.50 0.0080
4930.00 0.0082
4930.50 0.0087
4931.00 0.0092
4931.50 0.0096
4932.00 0.0101
4932.50 0.0106
4933.00 0.0111
4933.50 0.0116
4934.00 0.0121
4934.50 0.0126
4935.00 0.0131
4935.50 0.0136
4936.00 0.0141
4936.50 0.0146
4937.00 0.0151
4937.50 0.0156
4938.00 0.0161
4938.50 0.0166
4939.00 0.0171
4939.50 0.0176
4940.00 0.0181
4940.50 0.0194
4941.00 0.0207
4941.50 0.0219
4942.00 0.0232
4942.50 0.0245
4943.00 0.0258
4943.50 0.0271
4944.00 0.0284
4944.50 0.0297
4945.00 0.0310
4945.50 0.0323
4946.00 0.0336
4946.50 0.0349
4947.00 0.0362
4947.50 0.0375
4948.00 0.0388
4948.50 0.0401
4949.00 0.0414
4949.50 0.0427
4950.00 0.0439
4950.50 0.0467
4951.00 0.0495
4951.50 0.0523
4952.00 0.0551
4952.50 0.0579
4953.00 0.0607
4953.50 0.0635
4954.00 0.0663
4954.50 0.0691
4955.00 0.0719
4955.50 0.0747
4956.00 0.0775
4956.50 0.0803
4957.00 0.0831
4957.50 0.0859
4958.00 0.0887
4958.50 0.0915
4959.00 0.0943
4959.50 0.0971
4960.00 0.0999
4960.50 0.1032
4961.00 0.1065
4961.50 0.1098
4962.00 0.1132
4962.50 0.1165
4963.00 0.1198
4963.50 0.1231
4964.00 0.1265
4964.50 0.1298
4965.00 0.1331
4965.50 0.1364
4966.00 0.1397
4966.50 0.1431
4967.00 0.1464
4967.50 0.1497
4968.00 0.1530
4968.50 0.1563
4969.00 0.1597
4969.50 0.1630
4970.00 0.1663
4970.50 0.1677
4971.00 0.1691
4971.50 0.1705
4972.00 0.1718
4972.50 0.1732
4973.00 0.1746
4973.50 0.1760
4974.00 0.1774
4974.50 0.1788
4975.00 0.1801
4975.50 0.1815
4976.00 0.1829
4976.50 0.1843
4977.00 0.1857
4977.50 0.1871
4978.00 0.1884
4978.50 0.1898
4979.00 0.1912
4979.50 0.1926
4980.00 0.1940
4980.50 0.1934
4981.00 0.1929
4981.50 0.1923
4982.00 0.1917
4982.50 0.1912
4983.00 0.1906
4983.50 0.1900
4984.00 0.1895
4984.50 0.1889
4985.00 0.1884
4985.50 0.1878
4986.00 0.1872
4986.50 0.1867
4987.00 0.1861
4987.50 0.1855
4988.00 0.1850
4988.50 0.1844
4989.00 0.1839
4989.50 0.1833
4990.00 0.1827
4990.50 0.1822
4991.00 0.1817
4991.50 0.1812
4992.00 0.1807
4992.50 0.1802
4993.00 0.1797
4993.50 0.1792
4994.00 0.1786
4994.50 0.1781
4995.00 0.1776
4995.50 0.1771
4996.00 0.1766
4996.50 0.1761
4997.00 0.1756
4997.50 0.1751
4998.00 0.1746
4998.50 0.1741
4999.00 0.1735
4999.50 0.1730
5000.00 0.1725
5000.50 0.1731
5001.00 0.1737
5001.50 0.1743
5002.00 0.1749
5002.50 0.1754
5003.00 0.1760
5003.50 0.1766
5004.00 0.1772
5004.50 0.1778
5005.00 0.1783
5005.50 0.1789
5006.00 0.1795
5006.50 0.1801
5007.00 0.1807
5007.50 0.1813
5008.00 0.1818
5008.50 0.1824
5009.00 0.1830
5009.50 0.1836
5010.00 0.1842
5010.50 0.1861
5011.00 0.1881
5011.50 0.1901
5012.00 0.1921
5012.50 0.1941
5013.00 0.1960
5013.50 0.1980
5014.00 0.2000
5014.50 0.2020
5015.00 0.2040
5015.50 0.2059
5016.00 0.2079
5016.50 0.2099
5017.00 0.2119
5017.50 0.2139
5018.00 0.2158
5018.50 0.2178
5019.00 0.2198
5019.50 0.2218
5020.00 0.2238
5020.50 0.2277
5021.00 0.2316
5021.50 0.2355
5022.00 0.2394
5022.50 0.2433
5023.00 0.2472
5023.50 0.2511
5024.00 0.2550
5024.50 0.2589
5025.00 0.2628
5025.50 0.2667
5026.00 0.2706
5026.50 0.2745
5027.00 0.2784
5027.50 0.2823
5028.00 0.2862
5028.50 0.2901
5029.00 0.2940
5029.50 0.2979
5030.00 0.3018
5030.50 0.3080
5031.00 0.3141
5031.50 0.3202
5032.00 0.3263
5032.50 0.3325
5033.00 0.3386
5033.50 0.3447
5034.00 0.3509
5034.50 0.3570
5035.00 0.3631
5035.50 0.3692
5036.00 0.3754
5036.50 0.3815
5037.00 0.3876
5037.50 0.3937
5038.00 0.3999
5038.50 0.4060
5039.00 0.4121
5039.50 0.4183
5040.00 0.4244
5040.50 0.4313
5041.00 0.4382
5041.50 0.4450
5042.00 0.4519
5042.50 0.4588
5043.00 0.4657
5043.50 0.4726
5044.00 0.4795
5044.50 0.4864
5045.00 0.4933
5045.50 0.5001
5046.00 0.5070
5046.50 0.5139
5047.00 0.5208
5047.50 0.5277
5048.00 0.5346
5048.50 0.5415
5049.00 0.5484
5049.50 0.5553
5050.00 0.5621
5050.50 0.5664
5051.00 0.5706
5051.50 0.5749
5052.00 0.5791
5052.50 0.5833
5053.00 0.5876
5053.50 0.5918
5054.00 0.5960
5054.50 0.6003
5055.00 0.6045
5055.50 0.6087
5056.00 0.6130
5056.50 0.6172
5057.00 0.6214
5057.50 0.6257
5058.00 0.6299
5058.50 0.6342
5059.00 0.6384
5059.50 0.6426
5060.00 0.6469
5060.50 0.6464
5061.00 0.6459
5061.50 0.6454
5062.00 0.6449
5062.50 0.6444
5063.00 0.6439
5063.50 0.6434
5064.00 0.6430
5064.50 0.6425
5065.00 0.6420
5065.50 0.6415
5066.00 0.6410
5066.50 0.6405
5067.00 0.6400
5067.50 0.6395
5068.00 0.6390
5068.50 0.6386
5069.00 0.6381
5069.50 0.6376
5070.00 0.6371
5070.50 0.6334
5071.00 0.6298
5071.50 0.6261
5072.00 0.6225
5072.50 0.6188
5073.00 0.6152
5073.50 0.6116
5074.00 0.6079
5074.50 0.6043
5075.00 0.6006
5075.50 0.5970
5076.00 0.5933
5076.50 0.5897
5077.00 0.5860
5077.50 0.5824
5078.00 0.5787
5078.50 0.5751
5079.00 0.5714
5079.50 0.5678
5080.00 0.5641
5080.50 0.5604
5081.00 0.5566
5081.50 0.5528
5082.00 0.5491
5082.50 0.5453
5083.00 0.5416
5083.50 0.5378
5084.00 0.5340
5084.50 0.5303
5085.00 0.5265
5085.50 0.5228
5086.00 0.5190
5086.50 0.5152
5087.00 0.5115
5087.50 0.5077
5088.00 0.5040
5088.50 0.5002
5089.00 0.4964
5089.50 0.4927
5090.00 0.4889
5090.50 0.4866
5091.00 0.4842
5091.50 0.4818
5092.00 0.4794
5092.50 0.4770
5093.00 0.4747
5093.50 0.4723
5094.00 0.4699
5094.50 0.4676
5095.00 0.4652
5095.50 0.4628
5096.00 0.4604
5096.50 0.4581
5097.00 0.4557
5097.50 0.4533
5098.00 0.4509
5098.50 0.4486
5099.00 0.4462
5099.50 0.4438
5100.00 0.4414
5100.50 0.4404
5101.00 0.4395
5101.50 0.4385
5102.00 0.4375
5102.50 0.4365
5103.00 0.4355
5103.50 0.4345
5104.00 0.4335
5104.50 0.4325
5105.00 0.4316
5105.50 0.4306
5106.00 0.4296
5106.50 0.4286
5107.00 0.4276
5107.50 0.4266
5108.00 0.4256
5108.50 0.4246
5109.00 0.4237
5109.50 0.4227
5110.00 0.4217
5110.50 0.4220
5111.00 0.4223
5111.50 0.4226
5112.00 0.4229
5112.50 0.4232
5113.00 0.4235
5113.50 0.4239
5114.00 0.4242
5114.50 0.4245
5115.00 0.4248
5115.50 0.4251
5116.00 0.4254
5116.50 0.4257
5117.00 0.4260
5117.50 0.4263
5118.00 0.4267
5118.50 0.4270
5119.00 0.4273
5119.50 0.4276
5120.00 0.4279
5120.50 0.4293
5121.00 0.4307
5121.50 0.4321
5122.00 0.4334
5122.50 0.4348
5123.00 0.4362
5123.50 0.4376
5124.00 0.4390
5124.50 0.4404
5125.00 0.4418
5125.50 0.4432
5126.00 0.4446
5126.50 0.4459
5127.00 0.4473
5127.50 0.4487
5128.00 0.4501
5128.50 0.4515
5129.00 0.4529
5129.50 0.4543
5130.00 0.4557
5130.50 0.4579
5131.00 0.4601
5131.50 0.4624
5132.00 0.4646
5132.50 0.4668
5133.00 0.4691
5133.50 0.4713
5134.00 0.4735
5134.50 0.4758
5135.00 0.4780
5135.50 0.4802
5136.00 0.4825
5136.50 0.4847
5137.00 0.4870
5137.50 0.4892
5138.00 0.4914
5138.50 0.4937
5139.00 0.4959
5139.50 0.4981
5140.00 0.5004
5140.50 0.5032
5141.00 0.5060
5141.50 0.5089
5142.00 0.5117
5142.50 0.5145
5143.00 0.5174
5143.50 0.5202
5144.00 0.5230
5144.50 0.5258
5145.00 0.5287
5145.50 0.5315
5146.00 0.5343
5146.50 0.5372
5147.00 0.5400
5147.50 0.5428
5148.00 0.5457
5148.50 0.5485
5149.00 0.5513
5149.50 0.5542
5150.00 0.5570
5150.50 0.5599
5151.00 0.5627
5151.50 0.5656
5152.00 0.5685
5152.50 0.5713
5153.00 0.5742
5153.50 0.5771
5154.00 0.5799
5154.50 0.5828
5155.00 0.5857
5155.50 0.5886
5156.00 0.5914
5156.50 0.5943
5157.00 0.5972
5157.50 0.6000
5158.00 0.6029
5158.50 0.6058
5159.00 0.6086
5159.50 0.6115
5160.00 0.6144
5160.50 0.6167
5161.00 0.6190
5161.50 0.6213
5162.00 0.6236
5162.50 0.6260
5163.00 0.6283
5163.50 0.6306
5164.00 0.6329
5164.50 0.6352
5165.00 0.6375
5165.50 0.6398
5166.00 0.6422
5166.50 0.6445
5167.00 0.6468
5167.50 0.6491
5168.00 0.6514
5168.50 0.6537
5169.00 0.6560
5169.50 0.6584
5170.00 0.6607
5170.50 0.6619
5171.00 0.6632
5171.50 0.6645
5172.00 0.6657
5172.50 0.6670
5173.00 0.6683
5173.50 0.6695
5174.00 0.6708
5174.50 0.6721
5175.00 0.6733
5175.50 0.6746
5176.00 0.6759
5176.50 0.6771
5177.00 0.6784
5177.50 0.6797
5178.00 0.6809
5178.50 0.6822
5179.00 0.6835
5179.50 0.6847
5180.00 0.6860
5180.50 0.6863
5181.00 0.6866
5181.50 0.6869
5182.00 0.6872
5182.50 0.6875
5183.00 0.6878
5183.50 0.6881
5184.00 0.6884
5184.50 0.6887
5185.00 0.6890
5185.50 0.6893
5186.00 0.6896
5186.50 0.6899
5187.00 0.6902
5187.50 0.6905
5188.00 0.6908
5188.50 0.6911
5189.00 0.6914
5189.50 0.6917
5190.00 0.6920
5190.50 0.6914
5191.00 0.6908
5191.50 0.6901
5192.00 0.6895
5192.50 0.6889
5193.00 0.6883
5193.50 0.6877
5194.00 0.6871
5194.50 0.6865
5195.00 0.6859
5195.50 0.6853
5196.00 0.6847
5196.50 0.6841
5197.00 0.6835
5197.50 0.6829
5198.00 0.6823
5198.50 0.6817
5199.00 0.6811
5199.50 0.6805
5200.00 0.6798
5200.50 0.6789
5201.00 0.6780
5201.50 0.6771
5202.00 0.6762
5202.50 0.6753
5203.00 0.6744
5203.50 0.6735
5204.00 0.6726
5204.50 0.6717
5205.00 0.6708
5205.50 0.6699
5206.00 0.6689
5206.50 0.6680
5207.00 0.6671
5207.50 0.6662
5208.00 0.6653
5208.50 0.6644
5209.00 0.6635
5209.50 0.6626
5210.00 0.6617
5210.50 0.6609
5211.00 0.6601
5211.50 0.6593
5212.00 0.6585
5212.50 0.6577
5213.00 0.6569
5213.50 0.6561
5214.00 0.6553
5214.50 0.6545
5215.00 0.6537
5215.50 0.6529
5216.00 0.6521
5216.50 0.6513
5217.00 0.6505
5217.50 0.6497
5218.00 0.6489
5218.50 0.6481
5219.00 0.6473
5219.50 0.6465
5220.00 0.6457
5220.50 0.6450
5221.00 0.6443
5221.50 0.6437
5222.00 0.6430
5222.50 0.6423
5223.00 0.6417
5223.50 0.6410
5224.00 0.6404
5224.50 0.6397
5225.00 0.6390
5225.50 0.6384
5226.00 0.6377
5226.50 0.6370
5227.00 0.6364
5227.50 0.6357
5228.00 0.6351
5228.50 0.6344
5229.00 0.6337
5229.50 0.6331
5230.00 0.6324
5230.50 0.6320
5231.00 0.6316
5231.50 0.6313
5232.00 0.6309
5232.50 0.6305
5233.00 0.6301
5233.50 0.6297
5234.00 0.6293
5234.50 0.6290
5235.00 0.6286
5235.50 0.6282
5236.00 0.6278
5236.50 0.6274
5237.00 0.6270
5237.50 0.6267
5238.00 0.6263
5238.50 0.6259
5239.00 0.6255
5239.50 0.6251
5240.00 0.6247
5240.50 0.6246
5241.00 0.6245
5241.50 0.6244
5242.00 0.6242
5242.50 0.6241
5243.00 0.6240
5243.50 0.6239
5244.00 0.6237
5244.50 0.6236
5245.00 0.6235
5245.50 0.6234
5246.00 0.6232
5246.50 0.6231
5247.00 0.6230
5247.50 0.6228
5248.00 0.6227
5248.50 0.6226
5249.00 0.6225
5249.50 0.6223
5250.00 0.6222
5250.50 0.6222
5251.00 0.6221
5251.50 0.6220
5252.00 0.6220
5252.50 0.6219
5253.00 0.6219
5253.50 0.6218
5254.00 0.6217
5254.50 0.6217
5255.00 0.6216
5255.50 0.6216
5256.00 0.6215
5256.50 0.6214
5257.00 0.6214
5257.50 0.6213
5258.00 0.6213
5258.50 0.6212
5259.00 0.6211
5259.50 0.6211
5260.00 0.6210
5260.50 0.6210
5261.00 0.6210
5261.50 0.6210
5262.00 0.6209
5262.50 0.6209
5263.00 0.6209
5263.50 0.6209
5264.00 0.6208
5264.50 0.6208
5265.00 0.6208
5265.50 0.6208
5266.00 0.6208
5266.50 0.6207
5267.00 0.6207
5267.50 0.6207
5268.00 0.6207
5268.50 0.6206
5269.00 0.6206
5269.50 0.6206
5270.00 0.6206
5270.50 0.6206
5271.00 0.6206
5271.50 0.6206
5272.00 0.6206
5272.50 0.6206
5273.00 0.6206
5273.50 0.6207
5274.00 0.6207
5274.50 0.6207
5275.00 0.6207
5275.50 0.6207
5276.00 0.6207
5276.50 0.6207
5277.00 0.6207
5277.50 0.6207
5278.00 0.6208
5278.50 0.6208
5279.00 0.6208
5279.50 0.6208
5280.00 0.6208
5280.50 0.6207
5281.00 0.6207
5281.50 0.6206
5282.00 0.6206
5282.50 0.6205
5283.00 0.6204
5283.50 0.6204
5284.00 0.6203
5284.50 0.6202
5285.00 0.6202
5285.50 0.6201
5286.00 0.6201
5286.50 0.6200
5287.00 0.6199
5287.50 0.6199
5288.00 0.6198
5288.50 0.6197
5289.00 0.6197
5289.50 0.6196
5290.00 0.6196
5290.50 0.6195
5291.00 0.6195
5291.50 0.6194
5292.00 0.6194
5292.50 0.6193
5293.00 0.6193
5293.50 0.6192
5294.00 0.6192
5294.50 0.6191
5295.00 0.6191
5295.50 0.6190
5296.00 0.6190
5296.50 0.6189
5297.00 0.6189
5297.50 0.6189
5298.00 0.6188
5298.50 0.6188
5299.00 0.6187
5299.50 0.6187
5300.00 0.6186
5300.50 0.6186
5301.00 0.6186
5301.50 0.6187
5302.00 0.6187
5302.50 0.6187
5303.00 0.6187
5303.50 0.6187
5304.00 0.6187
5304.50 0.6187
5305.00 0.6187
5305.50 0.6187
5306.00 0.6187
5306.50 0.6188
5307.00 0.6188
5307.50 0.6188
5308.00 0.6188
5308.50 0.6188
5309.00 0.6188
5309.50 0.6188
5310.00 0.6188
5310.50 0.6189
5311.00 0.6189
5311.50 0.6189
5312.00 0.6189
5312.50 0.6190
5313.00 0.6190
5313.50 0.6190
5314.00 0.6190
5314.50 0.6191
5315.00 0.6191
5315.50 0.6191
5316.00 0.6192
5316.50 0.6192
5317.00 0.6192
5317.50 0.6192
5318.00 0.6193
5318.50 0.6193
5319.00 0.6193
5319.50 0.6193
5320.00 0.6194
5320.50 0.6195
5321.00 0.6196
5321.50 0.6197
5322.00 0.6198
5322.50 0.6199
5323.00 0.6200
5323.50 0.6201
5324.00 0.6203
5324.50 0.6204
5325.00 0.6205
5325.50 0.6206
5326.00 0.6207
5326.50 0.6208
5327.00 0.6209
5327.50 0.6210
5328.00 0.6211
5328.50 0.6212
5329.00 0.6214
5329.50 0.6215
5330.00 0.6216
5330.50 0.6217
5331.00 0.6218
5331.50 0.6219
5332.00 0.6219
5332.50 0.6220
5333.00 0.6221
5333.50 0.6222
5334.00 0.6223
5334.50 0.6224
5335.00 0.6225
5335.50 0.6226
5336.00 0.6227
5336.50 0.6228
5337.00 0.6229
5337.50 0.6230
5338.00 0.6231
5338.50 0.6232
5339.00 0.6232
5339.50 0.6233
5340.00 0.6234
5340.50 0.6234
5341.00 0.6234
5341.50 0.6234
5342.00 0.6234
5342.50 0.6234
5343.00 0.6233
5343.50 0.6233
5344.00 0.6233
5344.50 0.6233
5345.00 0.6233
5345.50 0.6233
5346.00 0.6233
5346.50 0.6232
5347.00 0.6232
5347.50 0.6232
5348.00 0.6232
5348.50 0.6232
5349.00 0.6232
5349.50 0.6231
5350.00 0.6231
5350.50 0.6229
5351.00 0.6227
5351.50 0.6225
5352.00 0.6223
5352.50 0.6221
5353.00 0.6218
5353.50 0.6216
5354.00 0.6214
5354.50 0.6212
5355.00 0.6210
5355.50 0.6208
5356.00 0.6206
5356.50 0.6203
5357.00 0.6201
5357.50 0.6199
5358.00 0.6197
5358.50 0.6195
5359.00 0.6193
5359.50 0.6191
5360.00 0.6188
5360.50 0.6185
5361.00 0.6181
5361.50 0.6177
5362.00 0.6173
5362.50 0.6169
5363.00 0.6166
5363.50 0.6162
5364.00 0.6158
5364.50 0.6154
5365.00 0.6151
5365.50 0.6147
5366.00 0.6143
5366.50 0.6139
5367.00 0.6136
5367.50 0.6132
5368.00 0.6128
5368.50 0.6124
5369.00 0.6120
5369.50 0.6117
5370.00 0.6113
5370.50 0.6106
5371.00 0.6099
5371.50 0.6092
5372.00 0.6085
5372.50 0.6078
5373.00 0.6071
5373.50 0.6064
5374.00 0.6056
5374.50 0.6049
5375.00 0.6042
5375.50 0.6035
5376.00 0.6028
5376.50 0.6021
5377.00 0.6014
5377.50 0.6007
5378.00 0.6000
5378.50 0.5993
5379.00 0.5986
5379.50 0.5979
5380.00 0.5972
5380.50 0.5962
5381.00 0.5951
5381.50 0.5941
5382.00 0.5931
5382.50 0.5921
5383.00 0.5911
5383.50 0.5901
5384.00 0.5891
5384.50 0.5881
5385.00 0.5870
5385.50 0.5860
5386.00 0.5850
5386.50 0.5840
5387.00 0.5830
5387.50 0.5820
5388.00 0.5810
5388.50 0.5800
5389.00 0.5789
5389.50 0.5779
5390.00 0.5769
5390.50 0.5755
5391.00 0.5741
5391.50 0.5727
5392.00 0.5713
5392.50 0.5699
5393.00 0.5685
5393.50 0.5671
5394.00 0.5656
5394.50 0.5642
5395.00 0.5628
5395.50 0.5614
5396.00 0.5600
5396.50 0.5586
5397.00 0.5572
5397.50 0.5558
5398.00 0.5544
5398.50 0.5530
5399.00 0.5516
5399.50 0.5501
5400.00 0.5487
5400.50 0.5467
5401.00 0.5446
5401.50 0.5425
5402.00 0.5405
5402.50 0.5384
5403.00 0.5363
5403.50 0.5342
5404.00 0.5322
5404.50 0.5301
5405.00 0.5280
5405.50 0.5260
5406.00 0.5239
5406.50 0.5218
5407.00 0.5198
5407.50 0.5177
5408.00 0.5156
5408.50 0.5136
5409.00 0.5115
5409.50 0.5094
5410.00 0.5073
5410.50 0.5045
5411.00 0.5017
5411.50 0.4988
5412.00 0.4960
5412.50 0.4931
5413.00 0.4903
5413.50 0.4875
5414.00 0.4846
5414.50 0.4818
5415.00 0.4790
5415.50 0.4761
5416.00 0.4733
5416.50 0.4704
5417.00 0.4676
5417.50 0.4648
5418.00 0.4619
5418.50 0.4591
5419.00 0.4562
5419.50 0.4534
5420.00 0.4506
5420.50 0.4471
5421.00 0.4436
5421.50 0.4402
5422.00 0.4367
5422.50 0.4332
5423.00 0.4297
5423.50 0.4263
5424.00 0.4228
5424.50 0.4193
5425.00 0.4159
5425.50 0.4124
5426.00 0.4089
5426.50 0.4055
5427.00 0.4020
5427.50 0.3985
5428.00 0.3951
5428.50 0.3916
5429.00 0.3881
5429.50 0.3847
5430.00 0.3812
5430.50 0.3774
5431.00 0.3736
5431.50 0.3699
5432.00 0.3661
5432.50 0.3623
5433.00 0.3586
5433.50 0.3548
5434.00 0.3510
5434.50 0.3473
5435.00 0.3435
5435.50 0.3397
5436.00 0.3360
5436.50 0.3322
5437.00 0.3284
5437.50 0.3246
5438.00 0.3209
5438.50 0.3171
5439.00 0.3133
5439.50 0.3096
5440.00 0.3058
5440.50 0.3023
5441.00 0.2988
5441.50 0.2953
5442.00 0.2917
5442.50 0.2882
5443.00 0.2847
5443.50 0.2812
5444.00 0.2777
5444.50 0.2742
5445.00 0.2707
5445.50 0.2671
5446.00 0.2636
5446.50 0.2601
5447.00 0.2566
5447.50 0.2531
5448.00 0.2496
5448.50 0.2461
5449.00 0.2426
5449.50 0.2390
5450.00 0.2355
5450.50 0.2327
5451.00 0.2298
5451.50 0.2270
5452.00 0.2241
5452.50 0.2212
5453.00 0.2184
5453.50 0.2155
5454.00 0.2127
5454.50 0.2098
5455.00 0.2069
5455.50 0.2041
5456.00 0.2012
5456.50 0.1984
5457.00 0.1955
5457.50 0.1926
5458.00 0.1898
5458.50 0.1869
5459.00 0.1841
5459.50 0.1812
5460.00 0.1784
5460.50 0.1762
5461.00 0.1740
5461.50 0.1719
5462.00 0.1697
5462.50 0.1675
5463.00 0.1654
5463.50 0.1632
5464.00 0.1611
5464.50 0.1589
5465.00 0.1567
5465.50 0.1546
5466.00 0.1524
5466.50 0.1502
5467.00 0.1481
5467.50 0.1459
5468.00 0.1438
5468.50 0.1416
5469.00 0.1394
5469.50 0.1373
5470.00 0.1351
5470.50 0.1336
5471.00 0.1321
5471.50 0.1306
5472.00 0.1291
5472.50 0.1276
5473.00 0.1261
5473.50 0.1245
5474.00 0.1230
5474.50 0.1215
5475.00 0.1200
5475.50 0.1185
5476.00 0.1170
5476.50 0.1155
5477.00 0.1140
5477.50 0.1125
5478.00 0.1110
5478.50 0.1094
5479.00 0.1079
5479.50 0.1064
5480.00 0.1049
5480.50 0.1039
5481.00 0.1029
5481.50 0.1019
5482.00 0.1009
5482.50 0.0999
5483.00 0.0989
5483.50 0.0979
5484.00 0.0969
5484.50 0.0959
5485.00 0.0949
5485.50 0.0939
5486.00 0.0929
5486.50 0.0919
5487.00 0.0909
5487.50 0.0899
5488.00 0.0889
5488.50 0.0879
5489.00 0.0869
5489.50 0.0859
5490.00 0.0849
5490.50 0.0843
5491.00 0.0837
5491.50 0.0830
5492.00 0.0824
5492.50 0.0818
5493.00 0.0811
5493.50 0.0805
5494.00 0.0799
5494.50 0.0792
5495.00 0.0786
5495.50 0.0780
5496.00 0.0774
5496.50 0.0767
5497.00 0.0761
5497.50 0.0755
5498.00 0.0748
5498.50 0.0742
5499.00 0.0736
5499.50 0.0729
5500.00 0.0723
5500.50 0.0719
5501.00 0.0715
5501.50 0.0711
5502.00 0.0707
5502.50 0.0703
5503.00 0.0699
5503.50 0.0695
5504.00 0.0691
5504.50 0.0687
5505.00 0.0683
5505.50 0.0679
5506.00 0.0675
5506.50 0.0671
5507.00 0.0667
5507.50 0.0663
5508.00 0.0659
5508.50 0.0655
5509.00 0.0651
5509.50 0.0647
5510.00 0.0643
5510.50 0.0640
5511.00 0.0637
5511.50 0.0634
5512.00 0.0631
5512.50 0.0628
5513.00 0.0625
5513.50 0.0622
5514.00 0.0620
5514.50 0.0617
5515.00 0.0614
5515.50 0.0611
5516.00 0.0608
5516.50 0.0605
5517.00 0.0602
5517.50 0.0599
5518.00 0.0596
5518.50 0.0594
5519.00 0.0591
5519.50 0.0588
5520.00 0.0585
5520.50 0.0581
5521.00 0.0578
5521.50 0.0574
5522.00 0.0571
5522.50 0.0567
5523.00 0.0564
5523.50 0.0561
5524.00 0.0557
5524.50 0.0554
5525.00 0.0550
5525.50 0.0547
5526.00 0.0543
5526.50 0.0540
5527.00 0.0536
5527.50 0.0533
5528.00 0.0529
5528.50 0.0526
5529.00 0.0522
5529.50 0.0519
5530.00 0.0515
5530.50 0.0510
5531.00 0.0505
5531.50 0.0499
5532.00 0.0494
5532.50 0.0488
5533.00 0.0483
5533.50 0.0478
5534.00 0.0472
5534.50 0.0467
5535.00 0.0462
5535.50 0.0456
5536.00 0.0451
5536.50 0.0446
5537.00 0.0440
5537.50 0.0435
5538.00 0.0430
5538.50 0.0424
5539.00 0.0419
5539.50 0.0414
5540.00 0.0408
5540.50 0.0402
5541.00 0.0395
5541.50 0.0388
5542.00 0.0382
5542.50 0.0375
5543.00 0.0368
5543.50 0.0362
5544.00 0.0355
5544.50 0.0348
5545.00 0.0342
5545.50 0.0335
5546.00 0.0329
5546.50 0.0322
5547.00 0.0315
5547.50 0.0309
5548.00 0.0302
5548.50 0.0295
5549.00 0.0289
5549.50 0.0282
5550.00 0.0275
5550.50 0.0270
5551.00 0.0264
5551.50 0.0258
5552.00 0.0253
5552.50 0.0247
5553.00 0.0241
5553.50 0.0235
5554.00 0.0230
5554.50 0.0224
5555.00 0.0218
5555.50 0.0213
5556.00 0.0207
5556.50 0.0201
5557.00 0.0195
5557.50 0.0190
5558.00 0.0184
5558.50 0.0178
5559.00 0.0172
5559.50 0.0167
5560.00 0.0161
5560.50 0.0157
5561.00 0.0154
5561.50 0.0150
5562.00 0.0146
5562.50 0.0142
5563.00 0.0139
5563.50 0.0135
5564.00 0.0131
5564.50 0.0127
5565.00 0.0124
5565.50 0.0120
5566.00 0.0116
5566.50 0.0112
5567.00 0.0109
5567.50 0.0105
5568.00 0.0101
5568.50 0.0098
5569.00 0.0094
5569.50 0.0090
5570.00 0.0086
5570.50 0.0084
5571.00 0.0082
5571.50 0.0080
5572.00 0.0078
5572.50 0.0076
5573.00 0.0074
5573.50 0.0072
5574.00 0.0070
5574.50 0.0068
5575.00 0.0066
5575.50 0.0064
5576.00 0.0062
5576.50 0.0060
5577.00 0.0058
5577.50 0.0056
5578.00 0.0054
5578.50 0.0052
5579.00 0.0050
5579.50 0.0048
5580.00 0.0046
5580.50 0.0045
5581.00 0.0044
5581.50 0.0043
5582.00 0.0042
5582.50 0.0041
5583.00 0.0040
5583.50 0.0039
5584.00 0.0038
5584.50 0.0037
5585.00 0.0036
5585.50 0.0035
5586.00 0.0034
5586.50 0.0032
5587.00 0.0031
5587.50 0.0030
5588.00 0.0029
5588.50 0.0028
5589.00 0.0027
5589.50 0.0026
5590.00 0.0025
5590.50 0.0025
5591.00 0.0024
5591.50 0.0024
5592.00 0.0023
5592.50 0.0022
5593.00 0.0022
5593.50 0.0021
5594.00 0.0021
5594.50 0.0020
5595.00 0.0020
5595.50 0.0019
5596.00 0.0019
5596.50 0.0018
5597.00 0.0018
5597.50 0.0017
5598.00 0.0016
5598.50 0.0016
5599.00 0.0015
5599.50 0.0015
5600.00 0.0014
5600.50 0.0014
5601.00 0.0014
5601.50 0.0013
5602.00 0.0013
5602.50 0.0013
5603.00 0.0013
5603.50 0.0012
5604.00 0.0012
5604.50 0.0012
5605.00 0.0011
5605.50 0.0011
5606.00 0.0011
5606.50 0.0011
5607.00 0.0010
5607.50 0.0010
5608.00 0.0010
5608.50 0.0009
