4750.00 0.0009
4750.50 0.0010
4751.00 0.0010
4751.50 0.0010
4752.00 0.0010
4752.50 0.0011
4753.00 0.0011
4753.50 0.0011
4754.00 0.0011
4754.50 0.0012
4755.00 0.0012
4755.50 0.0012
4756.00 0.0013
4756.50 0.0013
4757.00 0.0013
4757.50 0.0014
4758.00 0.0014
4758.50 0.0014
4759.00 0.0015
4759.50 0.0015
4760.00 0.0015
4760.50 0.0016
4761.00 0.0016
4761.50 0.0017
4762.00 0.0017
4762.50 0.0017
4763.00 0.0018
4763.50 0.0018
4764.00 0.0019
4764.50 0.0019
4765.00 0.0020
4765.50 0.0020
4766.00 0.0021
4766.50 0.0021
4767.00 0.0022
4767.50 0.0022
4768.00 0.0023
4768.50 0.0024
4769.00 0.0024
4769.50 0.0025
4770.00 0.0025
4770.50 0.0026
4771.00 0.0027
4771.50 0.0027
4772.00 0.0028
4772.50 0.0029
4773.00 0.0030
4773.50 0.0031
4774.00 0.0031
4774.50 0.0032
4775.00 0.0033
4775.50 0.0034
4776.00 0.0035
4776.50 0.0036
4777.00 0.0037
4777.50 0.0038
4778.00 0.0039
4778.50 0.0040
4779.00 0.0041
4779.50 0.0042
4780.00 0.0043
4780.50 0.0045
4781.00 0.0046
4781.50 0.0048
4782.00 0.0049
4782.50 0.0050
4783.00 0.0052
4783.50 0.0053
4784.00 0.0055
4784.50 0.0056
4785.00 0.0058
4785.50 0.0060
4786.00 0.0062
4786.50 0.0064
4787.00 0.0066
4787.50 0.0068
4788.00 0.0070
4788.50 0.0072
4789.00 0.0075
4789.50 0.0077
4790.00 0.0079
4790.50 0.0082
4791.00 0.0085
4791.50 0.0088
4792.00 0.0091
4792.50 0.0095
4793.00 0.0098
4793.50 0.0101
4794.00 0.0104
4794.50 0.0107
4795.00 0.0110
4795.50 0.0115
4796.00 0.0120
4796.50 0.0125
4797.00 0.0130
4797.50 0.0134
4798.00 0.0139
4798.50 0.0144
4799.00 0.0149
4799.50 0.0153
4800.00 0.0158
4800.50 0.0166
4801.00 0.0173
4801.50 0.0181
4802.00 0.0188
4802.50 0.0196
4803.00 0.0203
4803.50 0.0210
4804.00 0.0218
4804.50 0.0225
4805.00 0.0233
4805.50 0.0245
4806.00 0.0258
4806.50 0.0271
4807.00 0.0283
4807.50 0.0296
4808.00 0.0308
4808.50 0.0321
4809.00 0.0333
4809.50 0.0346
4810.00 0.0359
4810.50 0.0379
4811.00 0.0400
4811.50 0.0421
4812.00 0.0442
4812.50 0.0462
4813.00 0.0483
4813.50 0.0504
4814.00 0.0525
4814.50 0.0545
4815.00 0.0566
4815.50 0.0601
4816.00 0.0637
4816.50 0.0672
4817.00 0.0707
4817.50 0.0743
4818.00 0.0778
4818.50 0.0813
4819.00 0.0848
4819.50 0.0884
4820.00 0.0919
4820.50 0.0974
4821.00 0.1030
4821.50 0.1085
4822.00 0.1141
4822.50 0.1196
4823.00 0.1251
4823.50 0.1307
4824.00 0.1362
4824.50 0.1418
4825.00 0.1473
4825.50 0.1555
4826.00 0.1637
4826.50 0.1719
4827.00 0.1801
4827.50 0.1883
4828.00 0.1965
4828.50 0.2046
4829.00 0.2128
4829.50 0.2210
4830.00 0.2292
4830.50 0.2394
4831.00 0.2496
4831.50 0.2599
4832.00 0.2701
4832.50 0.2803
4833.00 0.2905
4833.50 0.3007
4834.00 0.3110
4834.50 0.3212
4835.00 0.3314
4835.50 0.3423
4836.00 0.3531
4836.50 0.3640
4837.00 0.3748
4837.50 0.3857
4838.00 0.3965
4838.50 0.4074
4839.00 0.4182
4839.50 0.4291
4840.00 0.4400
4840.50 0.4496
4841.00 0.4593
4841.50 0.4689
4842.00 0.4786
4842.50 0.4883
4843.00 0.4979
4843.50 0.5076
4844.00 0.5173
4844.50 0.5269
4845.00 0.5366
4845.50 0.5435
4846.00 0.5505
4846.50 0.5574
4847.00 0.5643
4847.50 0.5712
4848.00 0.5782
4848.50 0.5851
4849.00 0.5920
4849.50 0.5989
4850.00 0.6059
4850.50 0.6098
4851.00 0.6138
4851.50 0.6177
4852.00 0.6217
4852.50 0.6257
4853.00 0.6296
4853.50 0.6336
4854.00 0.6375
4854.50 0.6415
4855.00 0.6454
4855.50 0.6473
4856.00 0.6491
4856.50 0.6510
4857.00 0.6528
4857.50 0.6547
4858.00 0.6565
4858.50 0.6584
4859.00 0.6602
4859.50 0.6620
4860.00 0.6639
4860.50 0.6644
4861.00 0.6650
4861.50 0.6655
4862.00 0.6661
4862.50 0.6666
4863.00 0.6672
4863.50 0.6677
4864.00 0.6682
4864.50 0.6688
4865.00 0.6693
4865.50 0.6694
4866.00 0.6694
4866.50 0.6694
4867.00 0.6694
4867.50 0.6695
4868.00 0.6695
4868.50 0.6695
4869.00 0.6695
4869.50 0.6696
4870.00 0.6696
4870.50 0.6699
4871.00 0.6702
4871.50 0.6705
4872.00 0.6709
4872.50 0.6712
4873.00 0.6715
4873.50 0.6718
4874.00 0.6721
4874.50 0.6724
4875.00 0.6727
4875.50 0.6730
4876.00 0.6732
4876.50 0.6734
4877.00 0.6737
4877.50 0.6739
4878.00 0.6741
4878.50 0.6743
4879.00 0.6746
4879.50 0.6748
4880.00 0.6750
4880.50 0.6752
4881.00 0.6753
4881.50 0.6754
4882.00 0.6756
4882.50 0.6757
4883.00 0.6758
4883.50 0.6760
4884.00 0.6761
4884.50 0.6763
4885.00 0.6764
4885.50 0.6765
4886.00 0.6767
4886.50 0.6768
4887.00 0.6769
4887.50 0.6771
4888.00 0.6772
4888.50 0.6773
4889.00 0.6775
4889.50 0.6776
4890.00 0.6777
4890.50 0.6776
4891.00 0.6776
4891.50 0.6775
4892.00 0.6774
4892.50 0.6774
4893.00 0.6773
4893.50 0.6772
4894.00 0.6771
4894.50 0.6771
4895.00 0.6770
4895.50 0.6767
4896.00 0.6764
4896.50 0.6761
4897.00 0.6758
4897.50 0.6755
4898.00 0.6752
4898.50 0.6748
4899.00 0.6745
4899.50 0.6742
4900.00 0.6739
4900.50 0.6737
4901.00 0.6736
4901.50 0.6734
4902.00 0.6732
4902.50 0.6730
4903.00 0.6728
4903.50 0.6726
4904.00 0.6725
4904.50 0.6723
4905.00 0.6721
4905.50 0.6716
4906.00 0.6711
4906.50 0.6706
4907.00 0.6701
4907.50 0.6696
4908.00 0.6691
4908.50 0.6686
4909.00 0.6681
4909.50 0.6676
4910.00 0.6671
4910.50 0.6656
4911.00 0.6641
4911.50 0.6625
4912.00 0.6610
4912.50 0.6594
4913.00 0.6579
4913.50 0.6564
4914.00 0.6548
4914.50 0.6533
4915.00 0.6517
4915.50 0.6487
4916.00 0.6456
4916.50 0.6425
4917.00 0.6395
4917.50 0.6364
4918.00 0.6333
4918.50 0.6303
4919.00 0.6272
4919.50 0.6241
4920.00 0.6211
4920.50 0.6154
4921.00 0.6097
4921.50 0.6041
4922.00 0.5984
4922.50 0.5927
4923.00 0.5870
4923.50 0.5813
4924.00 0.5757
4924.50 0.5700
4925.00 0.5643
4925.50 0.5558
4926.00 0.5474
4926.50 0.5389
4927.00 0.5304
4927.50 0.5219
4928.00 0.5134
4928.50 0.5049
4929.00 0.4965
4929.50 0.4880
4930.00 0.4795
4930.50 0.4694
4931.00 0.4594
4931.50 0.4493
4932.00 0.4392
4932.50 0.4292
4933.00 0.4191
4933.50 0.4091
4934.00 0.3990
4934.50 0.3889
4935.00 0.3789
4935.50 0.3685
4936.00 0.3581
4936.50 0.3477
4937.00 0.3373
4937.50 0.3270
4938.00 0.3166
4938.50 0.3062
4939.00 0.2958
4939.50 0.2855
4940.00 0.2751
4940.50 0.2662
4941.00 0.2573
4941.50 0.2484
4942.00 0.2395
4942.50 0.2307
4943.00 0.2218
4943.50 0.2129
4944.00 0.2040
4944.50 0.1951
4945.00 0.1863
4945.50 0.1794
4946.00 0.1726
4946.50 0.1658
4947.00 0.1590
4947.50 0.1522
4948.00 0.1454
4948.50 0.1386
4949.00 0.1318
4949.50 0.1250
4950.00 0.1182
4950.50 0.1136
4951.00 0.1091
4951.50 0.1046
4952.00 0.1000
4952.50 0.0955
4953.00 0.0910
4953.50 0.0865
4954.00 0.0819
4954.50 0.0774
4955.00 0.0729
4955.50 0.0700
4956.00 0.0672
4956.50 0.0644
4957.00 0.0615
4957.50 0.0587
4958.00 0.0558
4958.50 0.0530
4959.00 0.0502
4959.50 0.0473
4960.00 0.0445
4960.50 0.0428
4961.00 0.0411
4961.50 0.0394
4962.00 0.0377
4962.50 0.0361
4963.00 0.0344
4963.50 0.0327
4964.00 0.0310
4964.50 0.0293
4965.00 0.0276
4965.50 0.0266
4966.00 0.0256
4966.50 0.0246
4967.00 0.0236
4967.50 0.0226
4968.00 0.0216
4968.50 0.0206
4969.00 0.0196
4969.50 0.0186
4970.00 0.0176
4970.50 0.0170
4971.00 0.0164
4971.50 0.0158
4972.00 0.0152
4972.50 0.0146
4973.00 0.0140
4973.50 0.0134
4974.00 0.0128
4974.50 0.0122
4975.00 0.0116
4975.50 0.0112
4976.00 0.0108
4976.50 0.0104
4977.00 0.0101
4977.50 0.0097
4978.00 0.0093
4978.50 0.0089
4979.00 0.0085
4979.50 0.0082
4980.00 0.0078
4980.50 0.0076
4981.00 0.0073
4981.50 0.0071
4982.00 0.0069
4982.50 0.0066
4983.00 0.0064
4983.50 0.0062
4984.00 0.0059
4984.50 0.0057
4985.00 0.0055
4985.50 0.0053
4986.00 0.0051
4986.50 0.0050
4987.00 0.0048
4987.50 0.0047
4988.00 0.0045
4988.50 0.0044
4989.00 0.0042
4989.50 0.0040
4990.00 0.0039
4990.50 0.0038
4991.00 0.0037
4991.50 0.0036
4992.00 0.0035
4992.50 0.0034
4993.00 0.0033
4993.50 0.0032
4994.00 0.0030
4994.50 0.0029
4995.00 0.0028
4995.50 0.0028
4996.00 0.0027
4996.50 0.0026
4997.00 0.0026
4997.50 0.0025
4998.00 0.0024
4998.50 0.0023
4999.00 0.0023
4999.50 0.0022
5000.00 0.0021
5000.50 0.0021
5001.00 0.0020
5001.50 0.0020
5002.00 0.0019
5002.50 0.0019
5003.00 0.0018
5003.50 0.0018
5004.00 0.0017
5004.50 0.0017
5005.00 0.0016
5005.50 0.0016
5006.00 0.0016
5006.50 0.0015
5007.00 0.0015
5007.50 0.0014
5008.00 0.0014
5008.50 0.0014
5009.00 0.0013
5009.50 0.0013
5010.00 0.0013
5010.50 0.0012
5011.00 0.0012
5011.50 0.0012
5012.00 0.0011
5012.50 0.0011
5013.00 0.0011
5013.50 0.0011
5014.00 0.0010
5014.50 0.0010
5015.00 0.0010
5015.50 0.0010
5016.00 0.0009
