4941.50 0.0009
4942.00 0.0010
4942.50 0.0010
4943.00 0.0010
4943.50 0.0011
4944.00 0.0011
4944.50 0.0012
4945.00 0.0012
4945.50 0.0012
4946.00 0.0013
4946.50 0.0013
4947.00 0.0014
4947.50 0.0014
4948.00 0.0014
4948.50 0.0015
4949.00 0.0015
4949.50 0.0016
4950.00 0.0016
4950.50 0.0017
4951.00 0.0018
4951.50 0.0019
4952.00 0.0021
4952.50 0.0022
4953.00 0.0023
4953.50 0.0024
4954.00 0.0025
4954.50 0.0026
4955.00 0.0027
4955.50 0.0029
4956.00 0.0030
4956.50 0.0031
4957.00 0.0032
4957.50 0.0033
4958.00 0.0034
4958.50 0.0035
4959.00 0.0037
4959.50 0.0038
4960.00 0.0039
4960.50 0.0043
4961.00 0.0048
4961.50 0.0053
4962.00 0.0057
4962.50 0.0062
4963.00 0.0067
4963.50 0.0071
4964.00 0.0076
4964.50 0.0081
4965.00 0.0085
4965.50 0.0090
4966.00 0.0095
4966.50 0.0099
4967.00 0.0104
4967.50 0.0109
4968.00 0.0113
4968.50 0.0118
4969.00 0.0122
4969.50 0.0127
4970.00 0.0132
4970.50 0.0161
4971.00 0.0190
4971.50 0.0219
4972.00 0.0248
4972.50 0.0277
4973.00 0.0305
4973.50 0.0334
4974.00 0.0363
4974.50 0.0392
4975.00 0.0421
4975.50 0.0450
4976.00 0.0479
4976.50 0.0508
4977.00 0.0537
4977.50 0.0566
4978.00 0.0595
4978.50 0.0624
4979.00 0.0653
4979.50 0.0682
4980.00 0.0711
4980.50 0.0820
4981.00 0.0929
4981.50 0.1038
4982.00 0.1148
4982.50 0.1257
4983.00 0.1366
4983.50 0.1475
4984.00 0.1584
4984.50 0.1693
4985.00 0.1803
4985.50 0.1912
4986.00 0.2021
4986.50 0.2130
4987.00 0.2239
4987.50 0.2348
4988.00 0.2458
4988.50 0.2567
4989.00 0.2676
4989.50 0.2785
4990.00 0.2894
4990.50 0.3014
4991.00 0.3133
4991.50 0.3253
4992.00 0.3372
4992.50 0.3492
4993.00 0.3612
4993.50 0.3731
4994.00 0.3851
4994.50 0.3970
4995.00 0.4090
4995.50 0.4209
4996.00 0.4329
4996.50 0.4448
4997.00 0.4568
4997.50 0.4688
4998.00 0.4807
4998.50 0.4927
4999.00 0.5046
4999.50 0.5166
5000.00 0.5285
5000.50 0.5243
5001.00 0.5201
5001.50 0.5159
5002.00 0.5117
5002.50 0.5075
5003.00 0.5033
5003.50 0.4991
5004.00 0.4949
5004.50 0.4907
5005.00 0.4865
5005.50 0.4823
5006.00 0.4781
5006.50 0.4739
5007.00 0.4697
5007.50 0.4655
5008.00 0.4613
5008.50 0.4571
5009.00 0.4529
5009.50 0.4487
5010.00 0.4445
5010.50 0.4314
5011.00 0.4182
5011.50 0.4050
5012.00 0.3918
5012.50 0.3787
5013.00 0.3655
5013.50 0.3523
5014.00 0.3391
5014.50 0.3260
5015.00 0.3128
5015.50 0.2996
5016.00 0.2864
5016.50 0.2732
5017.00 0.2601
5017.50 0.2469
5018.00 0.2337
5018.50 0.2205
5019.00 0.2074
5019.50 0.1942
5020.00 0.1810
5020.50 0.1739
5021.00 0.1669
5021.50 0.1598
5022.00 0.1528
5022.50 0.1457
5023.00 0.1386
5023.50 0.1316
5024.00 0.1245
5024.50 0.1174
5025.00 0.1104
5025.50 0.1033
5026.00 0.0963
5026.50 0.0892
5027.00 0.0821
5027.50 0.0751
5028.00 0.0680
5028.50 0.0609
5029.00 0.0539
5029.50 0.0468
5030.00 0.0397
5030.50 0.0382
5031.00 0.0367
5031.50 0.0351
5032.00 0.0336
5032.50 0.0320
5033.00 0.0305
5033.50 0.0289
5034.00 0.0274
5034.50 0.0258
5035.00 0.0243
5035.50 0.0228
5036.00 0.0212
5036.50 0.0197
5037.00 0.0181
5037.50 0.0166
5038.00 0.0150
5038.50 0.0135
5039.00 0.0120
5039.50 0.0104
5040.00 0.0089
5040.50 0.0086
5041.00 0.0083
5041.50 0.0080
5042.00 0.0077
5042.50 0.0074
5043.00 0.0071
5043.50 0.0068
5044.00 0.0065
5044.50 0.0062
5045.00 0.0059
5045.50 0.0056
5046.00 0.0053
5046.50 0.0050
5047.00 0.0047
5047.50 0.0044
5048.00 0.0042
5048.50 0.0039
5049.00 0.0036
5049.50 0.0033
5050.00 0.0030
5050.50 0.0029
5051.00 0.0028
5051.50 0.0027
5052.00 0.0026
5052.50 0.0026
5053.00 0.0025
5053.50 0.0024
5054.00 0.0023
5054.50 0.0022
5055.00 0.0021
5055.50 0.0021
5056.00 0.0020
5056.50 0.0019
5057.00 0.0018
5057.50 0.0017
5058.00 0.0016
5058.50 0.0016
5059.00 0.0015
5059.50 0.0014
5060.00 0.0013
5060.50 0.0013
5061.00 0.0012
5061.50 0.0012
5062.00 0.0012
5062.50 0.0011
5063.00 0.0011
5063.50 0.0011
5064.00 0.0010
5064.50 0.0010
5065.00 0.0010
5065.50 0.0009
