6685.50 0.0009
6686.00 0.0010
6686.50 0.0010
6687.00 0.0010
6687.50 0.0011
6688.00 0.0011
6688.50 0.0011
6689.00 0.0012
6689.50 0.0012
6690.00 0.0012
6690.50 0.0013
6691.00 0.0014
6691.50 0.0015
6692.00 0.0015
6692.50 0.0016
6693.00 0.0017
6693.50 0.0018
6694.00 0.0019
6694.50 0.0020
6695.00 0.0020
6695.50 0.0021
6696.00 0.0022
6696.50 0.0023
6697.00 0.0024
6697.50 0.0024
6698.00 0.0025
6698.50 0.0026
6699.00 0.0027
6699.50 0.0028
6700.00 0.0029
6700.50 0.0032
6701.00 0.0035
6701.50 0.0038
6702.00 0.0041
6702.50 0.0044
6703.00 0.0047
6703.50 0.0050
6704.00 0.0053
6704.50 0.0056
6705.00 0.0059
6705.50 0.0062
6706.00 0.0065
6706.50 0.0068
6707.00 0.0072
6707.50 0.0075
6708.00 0.0078
6708.50 0.0081
6709.00 0.0084
6709.50 0.0087
6710.00 0.0090
6710.50 0.0107
6711.00 0.0125
6711.50 0.0143
6712.00 0.0160
6712.50 0.0178
6713.00 0.0195
6713.50 0.0213
6714.00 0.0230
6714.50 0.0248
6715.00 0.0265
6715.50 0.0283
6716.00 0.0300
6716.50 0.0318
6717.00 0.0335
6717.50 0.0353
6718.00 0.0370
6718.50 0.0388
6719.00 0.0405
6719.50 0.0423
6720.00 0.0440
6720.50 0.0515
6721.00 0.0590
6721.50 0.0664
6722.00 0.0739
6722.50 0.0814
6723.00 0.0888
6723.50 0.0963
6724.00 0.1038
6724.50 0.1113
6725.00 0.1187
6725.50 0.1262
6726.00 0.1337
6726.50 0.1411
6727.00 0.1486
6727.50 0.1561
6728.00 0.1635
6728.50 0.1710
6729.00 0.1785
6729.50 0.1859
6730.00 0.1934
6730.50 0.2037
6731.00 0.2140
6731.50 0.2244
6732.00 0.2347
6732.50 0.2450
6733.00 0.2553
6733.50 0.2656
6734.00 0.2759
6734.50 0.2862
6735.00 0.2966
6735.50 0.3069
6736.00 0.3172
6736.50 0.3275
6737.00 0.3378
6737.50 0.3481
6738.00 0.3585
6738.50 0.3688
6739.00 0.3791
6739.50 0.3894
6740.00 0.3997
6740.50 0.4042
6741.00 0.4086
6741.50 0.4131
6742.00 0.4175
6742.50 0.4220
6743.00 0.4264
6743.50 0.4309
6744.00 0.4354
6744.50 0.4398
6745.00 0.4443
6745.50 0.4487
6746.00 0.4532
6746.50 0.4576
6747.00 0.4621
6747.50 0.4666
6748.00 0.4710
6748.50 0.4755
6749.00 0.4799
6749.50 0.4844
6750.00 0.4888
6750.50 0.4896
6751.00 0.4904
6751.50 0.4912
6752.00 0.4920
6752.50 0.4928
6753.00 0.4936
6753.50 0.4943
6754.00 0.4951
6754.50 0.4959
6755.00 0.4967
6755.50 0.4975
6756.00 0.4983
6756.50 0.4991
6757.00 0.4998
6757.50 0.5006
6758.00 0.5014
6758.50 0.5022
6759.00 0.5030
6759.50 0.5038
6760.00 0.5046
6760.50 0.5042
6761.00 0.5039
6761.50 0.5036
6762.00 0.5032
6762.50 0.5029
6763.00 0.5026
6763.50 0.5022
6764.00 0.5019
6764.50 0.5016
6765.00 0.5012
6765.50 0.5009
6766.00 0.5006
6766.50 0.5002
6767.00 0.4999
6767.50 0.4996
6768.00 0.4992
6768.50 0.4989
6769.00 0.4986
6769.50 0.4982
6770.00 0.4979
6770.50 0.4931
6771.00 0.4882
6771.50 0.4834
6772.00 0.4785
6772.50 0.4737
6773.00 0.4688
6773.50 0.4640
6774.00 0.4591
6774.50 0.4543
6775.00 0.4494
6775.50 0.4446
6776.00 0.4397
6776.50 0.4349
6777.00 0.4300
6777.50 0.4252
6778.00 0.4203
6778.50 0.4155
6779.00 0.4106
6779.50 0.4058
6780.00 0.4009
6780.50 0.3910
6781.00 0.3811
6781.50 0.3712
6782.00 0.3613
6782.50 0.3514
6783.00 0.3415
6783.50 0.3317
6784.00 0.3218
6784.50 0.3119
6785.00 0.3020
6785.50 0.2921
6786.00 0.2822
6786.50 0.2723
6787.00 0.2624
6787.50 0.2525
6788.00 0.2426
6788.50 0.2327
6789.00 0.2228
6789.50 0.2129
6790.00 0.2030
6790.50 0.1957
6791.00 0.1883
6791.50 0.1810
6792.00 0.1736
6792.50 0.1663
6793.00 0.1589
6793.50 0.1516
6794.00 0.1443
6794.50 0.1369
6795.00 0.1296
6795.50 0.1222
6796.00 0.1149
6796.50 0.1075
6797.00 0.1002
6797.50 0.0928
6798.00 0.0855
6798.50 0.0782
6799.00 0.0708
6799.50 0.0635
6800.00 0.0561
6800.50 0.0539
6801.00 0.0516
6801.50 0.0494
6802.00 0.0471
6802.50 0.0449
6803.00 0.0426
6803.50 0.0404
6804.00 0.0381
6804.50 0.0359
6805.00 0.0336
6805.50 0.0314
6806.00 0.0291
6806.50 0.0269
6807.00 0.0246
6807.50 0.0224
6808.00 0.0201
6808.50 0.0179
6809.00 0.0156
6809.50 0.0134
6810.00 0.0111
6810.50 0.0107
6811.00 0.0103
6811.50 0.0099
6812.00 0.0095
6812.50 0.0090
6813.00 0.0086
6813.50 0.0082
6814.00 0.0078
6814.50 0.0074
6815.00 0.0070
6815.50 0.0065
6816.00 0.0061
6816.50 0.0057
6817.00 0.0053
6817.50 0.0049
6818.00 0.0045
6818.50 0.0041
6819.00 0.0036
6819.50 0.0032
6820.00 0.0028
6820.50 0.0027
6821.00 0.0026
6821.50 0.0025
6822.00 0.0024
6822.50 0.0023
6823.00 0.0022
6823.50 0.0022
6824.00 0.0021
6824.50 0.0020
6825.00 0.0019
6825.50 0.0018
6826.00 0.0017
6826.50 0.0016
6827.00 0.0015
6827.50 0.0014
6828.00 0.0013
6828.50 0.0012
6829.00 0.0011
6829.50 0.0010
6830.00 0.0009
