3490.00 0.0008
3495.00 0.0011
3500.00 0.0014
3505.00 0.0019
3510.00 0.0024
3515.00 0.0031
3520.00 0.0039
3525.00 0.0049
3530.00 0.0059
3535.00 0.0073
3540.00 0.0086
3545.00 0.0105
3550.00 0.0123
3555.00 0.0147
3560.00 0.0170
3565.00 0.0200
3570.00 0.0230
3575.00 0.0264
3580.00 0.0299
3585.00 0.0340
3590.00 0.0381
3595.00 0.0429
3600.00 0.0477
3605.00 0.0532
3610.00 0.0587
3615.00 0.0647
3620.00 0.0707
3625.00 0.0771
3630.00 0.0835
3635.00 0.0906
3640.00 0.0978
3645.00 0.1051
3650.00 0.1124
3655.00 0.1199
3660.00 0.1273
3665.00 0.1352
3670.00 0.1430
3675.00 0.1463
3680.00 0.1496
3685.00 0.1625
3690.00 0.1753
3695.00 0.1836
3700.00 0.1919
3705.00 0.2004
3710.00 0.2088
3715.00 0.2172
3720.00 0.2257
3725.00 0.2342
3730.00 0.2427
3735.00 0.2512
3740.00 0.2598
3745.00 0.2682
3750.00 0.2766
3755.00 0.2858
3760.00 0.2951
3765.00 0.3034
3770.00 0.3117
3775.00 0.3205
3780.00 0.3293
3785.00 0.3379
3790.00 0.3465
3795.00 0.3553
3800.00 0.3640
3805.00 0.3723
3810.00 0.3805
3815.00 0.3885
3820.00 0.3965
3825.00 0.4043
3830.00 0.4121
3835.00 0.4193
3840.00 0.4264
3845.00 0.4338
3850.00 0.4412
3855.00 0.4479
3860.00 0.4546
3865.00 0.4605
3870.00 0.4664
3875.00 0.4728
3880.00 0.4791
3885.00 0.4848
3890.00 0.4905
3895.00 0.4957
3900.00 0.5008
3905.00 0.5064
3910.00 0.5119
3915.00 0.5163
3920.00 0.5207
3925.00 0.5250
3930.00 0.5294
3935.00 0.5338
3940.00 0.5383
3945.00 0.5424
3950.00 0.5466
3955.00 0.5502
3960.00 0.5538
3965.00 0.5576
3970.00 0.5615
3975.00 0.5651
3980.00 0.5688
3985.00 0.5715
3990.00 0.5742
3995.00 0.5776
4000.00 0.5810
4005.00 0.5841
4010.00 0.5872
4015.00 0.5897
4020.00 0.5922
4025.00 0.5950
4030.00 0.5978
4035.00 0.6007
4040.00 0.6035
4045.00 0.6057
4050.00 0.6080
4055.00 0.6105
4060.00 0.6130
4065.00 0.6156
4070.00 0.6182
4075.00 0.6202
4080.00 0.6222
4085.00 0.6241
4090.00 0.6260
4095.00 0.6288
4100.00 0.6315
4105.00 0.6327
4110.00 0.6339
4115.00 0.6360
4120.00 0.6381
4125.00 0.6399
4130.00 0.6417
4135.00 0.6428
4140.00 0.6439
4145.00 0.6458
4150.00 0.6478
4155.00 0.6494
4160.00 0.6510
4165.00 0.6524
4170.00 0.6538
4175.00 0.6551
4180.00 0.6564
4185.00 0.6582
4190.00 0.6600
4195.00 0.6612
4200.00 0.6624
4205.00 0.6633
4210.00 0.6641
4215.00 0.6655
4220.00 0.6669
4225.00 0.6673
4230.00 0.6677
4235.00 0.6683
4240.00 0.6689
4245.00 0.6697
4250.00 0.6705
4255.00 0.6707
4260.00 0.6709
4265.00 0.6717
4270.00 0.6725
4275.00 0.6727
4280.00 0.6729
4285.00 0.6734
4290.00 0.6738
4295.00 0.6739
4300.00 0.6740
4305.00 0.6745
4310.00 0.6751
4315.00 0.6750
4320.00 0.6749
4325.00 0.6744
4330.00 0.6740
4335.00 0.6745
4340.00 0.6750
4345.00 0.6746
4350.00 0.6743
4355.00 0.6738
4360.00 0.6734
4365.00 0.6737
4370.00 0.6741
4375.00 0.6736
4380.00 0.6732
4385.00 0.6729
4390.00 0.6726
4395.00 0.6720
4400.00 0.6715
4405.00 0.6714
4410.00 0.6713
4415.00 0.6706
4420.00 0.6699
4425.00 0.6693
4430.00 0.6686
4435.00 0.6679
4440.00 0.6672
4445.00 0.6656
4450.00 0.6641
4455.00 0.6634
4460.00 0.6627
4465.00 0.6614
4470.00 0.6600
4475.00 0.6580
4480.00 0.6560
4485.00 0.6547
4490.00 0.6534
4495.00 0.6518
4500.00 0.6501
4505.00 0.6485
4510.00 0.6469
4515.00 0.6455
4520.00 0.6441
4525.00 0.6424
4530.00 0.6406
4535.00 0.6385
4540.00 0.6364
4545.00 0.6346
4550.00 0.6328
4555.00 0.6307
4560.00 0.6285
4565.00 0.6260
4570.00 0.6235
4575.00 0.6211
4580.00 0.6188
4585.00 0.6156
4590.00 0.6123
4595.00 0.6091
4600.00 0.6059
4605.00 0.6029
4610.00 0.6000
4615.00 0.5963
4620.00 0.5927
4625.00 0.5887
4630.00 0.5847
4635.00 0.5803
4640.00 0.5760
4645.00 0.5717
4650.00 0.5674
4655.00 0.5622
4660.00 0.5570
4665.00 0.5515
4670.00 0.5460
4675.00 0.5404
4680.00 0.5349
4685.00 0.5289
4690.00 0.5228
4695.00 0.5165
4700.00 0.5103
4705.00 0.5040
4710.00 0.4977
4715.00 0.4910
4720.00 0.4843
4725.00 0.4780
4730.00 0.4717
4735.00 0.4653
4740.00 0.4589
4745.00 0.4520
4750.00 0.4452
4755.00 0.4384
4760.00 0.4316
4765.00 0.4252
4770.00 0.4188
4775.00 0.4116
4780.00 0.4045
4785.00 0.3975
4790.00 0.3904
4795.00 0.3836
4800.00 0.3768
4805.00 0.3696
4810.00 0.3624
4815.00 0.3554
4820.00 0.3483
4825.00 0.3415
4830.00 0.3347
4835.00 0.3277
4840.00 0.3207
4845.00 0.3138
4850.00 0.3069
4855.00 0.3005
4860.00 0.2941
4865.00 0.2874
4870.00 0.2808
4875.00 0.2745
4880.00 0.2682
4885.00 0.2624
4890.00 0.2566
4895.00 0.2508
4900.00 0.2450
4905.00 0.2394
4910.00 0.2339
4915.00 0.2289
4920.00 0.2238
4925.00 0.2189
4930.00 0.2139
4935.00 0.2093
4940.00 0.2046
4945.00 0.2005
4950.00 0.1965
4955.00 0.1923
4960.00 0.1882
4965.00 0.1845
4970.00 0.1808
4975.00 0.1772
4980.00 0.1736
4985.00 0.1699
4990.00 0.1663
4995.00 0.1624
5000.00 0.1586
5005.00 0.1548
5010.00 0.1510
5015.00 0.1470
5020.00 0.1430
5025.00 0.1387
5030.00 0.1345
5035.00 0.1303
5040.00 0.1262
5045.00 0.1221
5050.00 0.1179
5055.00 0.1139
5060.00 0.1099
5065.00 0.1062
5070.00 0.1025
5075.00 0.0990
5080.00 0.0954
5085.00 0.0922
5090.00 0.0889
5095.00 0.0860
5100.00 0.0831
5105.00 0.0804
5110.00 0.0776
5115.00 0.0749
5120.00 0.0723
5125.00 0.0699
5130.00 0.0675
5135.00 0.0651
5140.00 0.0628
5145.00 0.0605
5150.00 0.0582
5155.00 0.0560
5160.00 0.0539
5165.00 0.0518
5170.00 0.0498
5175.00 0.0477
5180.00 0.0457
5185.00 0.0438
5190.00 0.0420
5195.00 0.0401
5200.00 0.0383
5205.00 0.0366
5210.00 0.0350
5215.00 0.0334
5220.00 0.0319
5225.00 0.0304
5230.00 0.0290
5235.00 0.0277
5240.00 0.0263
5245.00 0.0251
5250.00 0.0239
5255.00 0.0228
5260.00 0.0218
5265.00 0.0208
5270.00 0.0199
5275.00 0.0190
5280.00 0.0182
5285.00 0.0174
5290.00 0.0167
5295.00 0.0161
5300.00 0.0154
5305.00 0.0149
5310.00 0.0143
5315.00 0.0139
5320.00 0.0134
5325.00 0.0130
5330.00 0.0126
5335.00 0.0123
5340.00 0.0120
5345.00 0.0117
5350.00 0.0114
5355.00 0.0112
5360.00 0.0109
5365.00 0.0108
5370.00 0.0106
5375.00 0.0105
5380.00 0.0103
5385.00 0.0103
5390.00 0.0102
5395.00 0.0101
5400.00 0.0101
5405.00 0.0100
5410.00 0.0100
5415.00 0.0100
5420.00 0.0101
5425.00 0.0101
5430.00 0.0102
5435.00 0.0103
5440.00 0.0104
5445.00 0.0106
5450.00 0.0107
5455.00 0.0109
5460.00 0.0111
5465.00 0.0114
5470.00 0.0116
5475.00 0.0119
5480.00 0.0122
5485.00 0.0125
5490.00 0.0129
5495.00 0.0132
5500.00 0.0136
5505.00 0.0140
5510.00 0.0144
5515.00 0.0148
5520.00 0.0152
5525.00 0.0156
5530.00 0.0161
5535.00 0.0165
5540.00 0.0169
5545.00 0.0172
5550.00 0.0176
5555.00 0.0179
5560.00 0.0182
5565.00 0.0184
5570.00 0.0186
5575.00 0.0187
5580.00 0.0189
5585.00 0.0189
5590.00 0.0190
5595.00 0.0190
5600.00 0.0189
5605.00 0.0188
5610.00 0.0187
5615.00 0.0185
5620.00 0.0183
5625.00 0.0180
5630.00 0.0177
5635.00 0.0174
5640.00 0.0171
5645.00 0.0167
5650.00 0.0163
5655.00 0.0158
5660.00 0.0154
5665.00 0.0149
5670.00 0.0144
5675.00 0.0142
5680.00 0.0140
5685.00 0.0131
5690.00 0.0122
5695.00 0.0117
5700.00 0.0111
5705.00 0.0106
5710.00 0.0101
5715.00 0.0095
5720.00 0.0089
5725.00 0.0084
5730.00 0.0079
5735.00 0.0074
5740.00 0.0069
5745.00 0.0065
5750.00 0.0060
5755.00 0.0056
5760.00 0.0052
5765.00 0.0048
5770.00 0.0044
5775.00 0.0041
5780.00 0.0037
5785.00 0.0034
5790.00 0.0031
5795.00 0.0028
5800.00 0.0026
5805.00 0.0024
5810.00 0.0022
5815.00 0.0020
5820.00 0.0018
5825.00 0.0016
5830.00 0.0015
5835.00 0.0014
5840.00 0.0012
5845.00 0.0011
5850.00 0.0010
5855.00 0.0009
