7570.00 0.0009
7575.00 0.0011
7580.00 0.0016
7585.00 0.0020
7590.00 0.0027
7595.00 0.0035
7600.00 0.0049
7605.00 0.0066
7610.00 0.0094
7615.00 0.0133
7620.00 0.0196
7625.00 0.0292
7630.00 0.0452
7635.00 0.0702
7640.00 0.1114
7645.00 0.1778
7650.00 0.2794
7655.00 0.4134
7660.00 0.5662
7665.00 0.7003
7670.00 0.7853
7675.00 0.8183
7680.00 0.8184
7685.00 0.8051
7690.00 0.7905
7695.00 0.7829
7700.00 0.7791
7705.00 0.7812
7710.00 0.7856
7715.00 0.7903
7720.00 0.7978
7725.00 0.8031
7730.00 0.8110
7735.00 0.8179
7740.00 0.8236
7745.00 0.8297
7750.00 0.8344
7755.00 0.8412
7760.00 0.8472
7765.00 0.8510
7770.00 0.8554
7775.00 0.8588
7780.00 0.8529
7785.00 0.8371
7790.00 0.7983
7795.00 0.7283
7800.00 0.6229
7805.00 0.4992
7810.00 0.3720
7815.00 0.2657
7820.00 0.1808
7825.00 0.1221
7830.00 0.0813
7835.00 0.0551
7840.00 0.0375
7845.00 0.0260
7850.00 0.0180
7855.00 0.0128
7860.00 0.0092
7865.00 0.0068
7870.00 0.0050
7875.00 0.0037
7880.00 0.0028
7885.00 0.0021
7890.00 0.0017
7895.00 0.0013
7900.00 0.0011
7905.00 0.0008
