6200.00 0.0016
6200.50 0.0016
6201.00 0.0016
6201.50 0.0017
6202.00 0.0017
6202.50 0.0018
6203.00 0.0018
6203.50 0.0018
6204.00 0.0019
6204.50 0.0019
6205.00 0.0020
6205.50 0.0020
6206.00 0.0021
6206.50 0.0021
6207.00 0.0021
6207.50 0.0022
6208.00 0.0022
6208.50 0.0023
6209.00 0.0023
6209.50 0.0024
6210.00 0.0024
6210.50 0.0025
6211.00 0.0026
6211.50 0.0026
6212.00 0.0027
6212.50 0.0027
6213.00 0.0028
6213.50 0.0029
6214.00 0.0029
6214.50 0.0030
6215.00 0.0031
6215.50 0.0032
6216.00 0.0032
6216.50 0.0033
6217.00 0.0034
6217.50 0.0035
6218.00 0.0036
6218.50 0.0036
6219.00 0.0037
6219.50 0.0038
6220.00 0.0039
6220.50 0.0040
6221.00 0.0041
6221.50 0.0042
6222.00 0.0043
6222.50 0.0045
6223.00 0.0046
6223.50 0.0047
6224.00 0.0048
6224.50 0.0049
6225.00 0.0051
6225.50 0.0052
6226.00 0.0053
6226.50 0.0055
6227.00 0.0056
6227.50 0.0058
6228.00 0.0059
6228.50 0.0061
6229.00 0.0063
6229.50 0.0065
6230.00 0.0067
6230.50 0.0069
6231.00 0.0070
6231.50 0.0073
6232.00 0.0074
6232.50 0.0077
6233.00 0.0078
6233.50 0.0081
6234.00 0.0083
6234.50 0.0086
6235.00 0.0089
6235.50 0.0091
6236.00 0.0094
6236.50 0.0097
6237.00 0.0099
6237.50 0.0103
6238.00 0.0106
6238.50 0.0109
6239.00 0.0113
6239.50 0.0116
6240.00 0.0120
6240.50 0.0124
6241.00 0.0127
6241.50 0.0131
6242.00 0.0136
6242.50 0.0141
6243.00 0.0145
6243.50 0.0149
6244.00 0.0154
6244.50 0.0160
6245.00 0.0165
6245.50 0.0171
6246.00 0.0177
6246.50 0.0184
6247.00 0.0190
6247.50 0.0196
6248.00 0.0203
6248.50 0.0210
6249.00 0.0217
6249.50 0.0224
6250.00 0.0233
6250.50 0.0242
6251.00 0.0250
6251.50 0.0260
6252.00 0.0269
6252.50 0.0280
6253.00 0.0290
6253.50 0.0302
6254.00 0.0313
6254.50 0.0327
6255.00 0.0338
6255.50 0.0351
6256.00 0.0365
6256.50 0.0380
6257.00 0.0393
6257.50 0.0409
6258.00 0.0425
6258.50 0.0444
6259.00 0.0462
6259.50 0.0481
6260.00 0.0499
6260.50 0.0523
6261.00 0.0543
6261.50 0.0566
6262.00 0.0590
6262.50 0.0618
6263.00 0.0642
6263.50 0.0670
6264.00 0.0697
6264.50 0.0728
6265.00 0.0755
6265.50 0.0790
6266.00 0.0823
6266.50 0.0863
6267.00 0.0898
6267.50 0.0939
6268.00 0.0980
6268.50 0.1025
6269.00 0.1065
6269.50 0.1116
6270.00 0.1166
6270.50 0.1223
6271.00 0.1274
6271.50 0.1326
6272.00 0.1380
6272.50 0.1445
6273.00 0.1499
6273.50 0.1562
6274.00 0.1629
6274.50 0.1703
6275.00 0.1769
6275.50 0.1849
6276.00 0.1921
6276.50 0.2003
6277.00 0.2074
6277.50 0.2165
6278.00 0.2246
6278.50 0.2348
6279.00 0.2431
6279.50 0.2514
6280.00 0.2605
6280.50 0.2703
6281.00 0.2790
6281.50 0.2883
6282.00 0.2980
6282.50 0.3088
6283.00 0.3183
6283.50 0.3290
6284.00 0.3382
6284.50 0.3490
6285.00 0.3589
6285.50 0.3696
6286.00 0.3802
6286.50 0.3917
6287.00 0.4005
6287.50 0.4108
6288.00 0.4203
6288.50 0.4311
6289.00 0.4393
6289.50 0.4491
6290.00 0.4584
6290.50 0.4682
6291.00 0.4768
6291.50 0.4860
6292.00 0.4940
6292.50 0.5038
6293.00 0.5113
6293.50 0.5199
6294.00 0.5275
6294.50 0.5358
6295.00 0.5423
6295.50 0.5494
6296.00 0.5561
6296.50 0.5623
6297.00 0.5682
6297.50 0.5741
6298.00 0.5793
6298.50 0.5844
6299.00 0.5898
6299.50 0.5945
6300.00 0.5985
6300.50 0.6033
6301.00 0.6064
6301.50 0.6106
6302.00 0.6141
6302.50 0.6174
6303.00 0.6196
6303.50 0.6226
6304.00 0.6245
6304.50 0.6266
6305.00 0.6284
6305.50 0.6298
6306.00 0.6313
6306.50 0.6329
6307.00 0.6345
6307.50 0.6342
6308.00 0.6355
6308.50 0.6361
6309.00 0.6353
6309.50 0.6365
6310.00 0.6366
6310.50 0.6354
6311.00 0.6357
6311.50 0.6355
6312.00 0.6342
6312.50 0.6333
6313.00 0.6327
6313.50 0.6310
6314.00 0.6300
6314.50 0.6279
6315.00 0.6262
6315.50 0.6245
6316.00 0.6224
6316.50 0.6197
6317.00 0.6169
6317.50 0.6148
6318.00 0.6101
6318.50 0.6071
6319.00 0.6041
6319.50 0.5994
6320.00 0.5964
6320.50 0.5922
6321.00 0.5871
6321.50 0.5826
6322.00 0.5781
6322.50 0.5715
6323.00 0.5662
6323.50 0.5613
6324.00 0.5547
6324.50 0.5478
6325.00 0.5424
6325.50 0.5348
6326.00 0.5275
6326.50 0.5203
6327.00 0.5131
6327.50 0.5048
6328.00 0.4984
6328.50 0.4890
6329.00 0.4814
6329.50 0.4744
6330.00 0.4648
6330.50 0.4552
6331.00 0.4478
6331.50 0.4377
6332.00 0.4288
6332.50 0.4200
6333.00 0.4110
6333.50 0.4004
6334.00 0.3921
6334.50 0.3808
6335.00 0.3719
6335.50 0.3630
6336.00 0.3538
6336.50 0.3431
6337.00 0.3361
6337.50 0.3266
6338.00 0.3166
6338.50 0.3077
6339.00 0.2991
6339.50 0.2889
6340.00 0.2813
6340.50 0.2718
6341.00 0.2631
6341.50 0.2549
6342.00 0.2455
6342.50 0.2362
6343.00 0.2304
6343.50 0.2228
6344.00 0.2145
6344.50 0.2070
6345.00 0.2009
6345.50 0.1938
6346.00 0.1874
6346.50 0.1802
6347.00 0.1732
6347.50 0.1675
6348.00 0.1619
6348.50 0.1552
6349.00 0.1502
6349.50 0.1438
6350.00 0.1380
6350.50 0.1334
6351.00 0.1289
6351.50 0.1236
6352.00 0.1192
6352.50 0.1148
6353.00 0.1110
6353.50 0.1071
6354.00 0.1031
6354.50 0.0984
6355.00 0.0952
6355.50 0.0921
6356.00 0.0885
6356.50 0.0849
6357.00 0.0821
6357.50 0.0788
6358.00 0.0763
6358.50 0.0731
6359.00 0.0705
6359.50 0.0678
6360.00 0.0655
6360.50 0.0632
6361.00 0.0612
6361.50 0.0592
6362.00 0.0567
6362.50 0.0547
6363.00 0.0533
6363.50 0.0512
6364.00 0.0494
6364.50 0.0477
6365.00 0.0460
6365.50 0.0445
6366.00 0.0431
6366.50 0.0415
6367.00 0.0400
6367.50 0.0389
6368.00 0.0376
6368.50 0.0364
6369.00 0.0354
6369.50 0.0341
6370.00 0.0330
6370.50 0.0321
6371.00 0.0311
6371.50 0.0300
6372.00 0.0291
6372.50 0.0281
6373.00 0.0273
6373.50 0.0266
6374.00 0.0257
6374.50 0.0247
6375.00 0.0241
6375.50 0.0235
6376.00 0.0228
6376.50 0.0221
6377.00 0.0215
6377.50 0.0209
6378.00 0.0204
6378.50 0.0197
6379.00 0.0191
6379.50 0.0186
6380.00 0.0181
6380.50 0.0176
6381.00 0.0172
6381.50 0.0167
6382.00 0.0161
6382.50 0.0157
6383.00 0.0153
6383.50 0.0149
6384.00 0.0145
6384.50 0.0141
6385.00 0.0138
6385.50 0.0135
6386.00 0.0131
6386.50 0.0127
6387.00 0.0125
6387.50 0.0122
6388.00 0.0118
6388.50 0.0115
6389.00 0.0113
6389.50 0.0109
6390.00 0.0107
6390.50 0.0104
6391.00 0.0101
6391.50 0.0099
6392.00 0.0097
6392.50 0.0094
6393.00 0.0093
6393.50 0.0091
6394.00 0.0088
6394.50 0.0086
6395.00 0.0084
6395.50 0.0083
6396.00 0.0081
6396.50 0.0079
6397.00 0.0077
6397.50 0.0075
6398.00 0.0074
6398.50 0.0072
6399.00 0.0071
6399.50 0.0069
6400.00 0.0067
6400.50 0.0066
6401.00 0.0065
6401.50 0.0063
6402.00 0.0062
6402.50 0.0061
6403.00 0.0060
6403.50 0.0058
6404.00 0.0057
6404.50 0.0056
6405.00 0.0055
6405.50 0.0053
6406.00 0.0053
6406.50 0.0051
6407.00 0.0050
6407.50 0.0049
6408.00 0.0048
6408.50 0.0047
6409.00 0.0047
6409.50 0.0046
6410.00 0.0045
6410.50 0.0043
6411.00 0.0043
6411.50 0.0042
6412.00 0.0042
6412.50 0.0041
6413.00 0.0040
6413.50 0.0039
6414.00 0.0039
6414.50 0.0038
6415.00 0.0037
6415.50 0.0036
6416.00 0.0036
6416.50 0.0035
6417.00 0.0035
6417.50 0.0034
6418.00 0.0033
6418.50 0.0033
6419.00 0.0032
6419.50 0.0031
6420.00 0.0031
6420.50 0.0030
6421.00 0.0030
6421.50 0.0030
6422.00 0.0029
6422.50 0.0028
6423.00 0.0028
6423.50 0.0028
6424.00 0.0027
6424.50 0.0027
6425.00 0.0026
6425.50 0.0026
6426.00 0.0025
6426.50 0.0025
6427.00 0.0024
6427.50 0.0024
6428.00 0.0024
6428.50 0.0023
6429.00 0.0023
6429.50 0.0022
6430.00 0.0022
6430.50 0.0022
6431.00 0.0022
6431.50 0.0021
6432.00 0.0021
6432.50 0.0020
6433.00 0.0020
6433.50 0.0020
6434.00 0.0020
6434.50 0.0019
6435.00 0.0019
6435.50 0.0019
6436.00 0.0018
6436.50 0.0018
6437.00 0.0018
6437.50 0.0018
6438.00 0.0017
6438.50 0.0017
6439.00 0.0017
6439.50 0.0017
6440.00 0.0016
6440.50 0.0016
6441.00 0.0016
6441.50 0.0016
6442.00 0.0015
6442.50 0.0015
6443.00 0.0015
6443.50 0.0015
6444.00 0.0014
6444.50 0.0014
6445.00 0.0014
6445.50 0.0014
6446.00 0.0014
6446.50 0.0014
6447.00 0.0013
6447.50 0.0013
6448.00 0.0013
6448.50 0.0013
6449.00 0.0013
6449.50 0.0012
6450.00 0.0012
