4457.00 0.0009
4457.50 0.0010
4458.00 0.0010
4458.50 0.0010
4459.00 0.0010
4459.50 0.0010
4460.00 0.0011
4460.50 0.0011
4461.00 0.0011
4461.50 0.0012
4462.00 0.0012
4462.50 0.0012
4463.00 0.0013
4463.50 0.0013
4464.00 0.0013
4464.50 0.0014
4465.00 0.0014
4465.50 0.0014
4466.00 0.0015
4466.50 0.0015
4467.00 0.0016
4467.50 0.0016
4468.00 0.0016
4468.50 0.0017
4469.00 0.0017
4469.50 0.0017
4470.00 0.0018
4470.50 0.0018
4471.00 0.0018
4471.50 0.0019
4472.00 0.0019
4472.50 0.0020
4473.00 0.0020
4473.50 0.0021
4474.00 0.0021
4474.50 0.0021
4475.00 0.0022
4475.50 0.0022
4476.00 0.0023
4476.50 0.0023
4477.00 0.0023
4477.50 0.0024
4478.00 0.0024
4478.50 0.0025
4479.00 0.0025
4479.50 0.0026
4480.00 0.0026
4480.50 0.0026
4481.00 0.0027
4481.50 0.0027
4482.00 0.0028
4482.50 0.0028
4483.00 0.0028
4483.50 0.0029
4484.00 0.0029
4484.50 0.0030
4485.00 0.0030
4485.50 0.0030
4486.00 0.0031
4486.50 0.0031
4487.00 0.0032
4487.50 0.0032
4488.00 0.0032
4488.50 0.0033
4489.00 0.0033
4489.50 0.0034
4490.00 0.0034
4490.50 0.0034
4491.00 0.0035
4491.50 0.0035
4492.00 0.0036
4492.50 0.0036
4493.00 0.0036
4493.50 0.0037
4494.00 0.0037
4494.50 0.0038
4495.00 0.0038
4495.50 0.0038
4496.00 0.0039
4496.50 0.0039
4497.00 0.0039
4497.50 0.0040
4498.00 0.0040
4498.50 0.0041
4499.00 0.0041
4499.50 0.0041
4500.00 0.0042
4500.50 0.0042
4501.00 0.0043
4501.50 0.0043
4502.00 0.0044
4502.50 0.0044
4503.00 0.0045
4503.50 0.0045
4504.00 0.0045
4504.50 0.0046
4505.00 0.0046
4505.50 0.0047
4506.00 0.0047
4506.50 0.0048
4507.00 0.0048
4507.50 0.0049
4508.00 0.0049
4508.50 0.0050
4509.00 0.0050
4509.50 0.0051
4510.00 0.0051
4510.50 0.0052
4511.00 0.0053
4511.50 0.0053
4512.00 0.0054
4512.50 0.0055
4513.00 0.0055
4513.50 0.0056
4514.00 0.0057
4514.50 0.0058
4515.00 0.0058
4515.50 0.0059
4516.00 0.0060
4516.50 0.0061
4517.00 0.0061
4517.50 0.0062
4518.00 0.0063
4518.50 0.0064
4519.00 0.0064
4519.50 0.0065
4520.00 0.0066
4520.50 0.0067
4521.00 0.0068
4521.50 0.0070
4522.00 0.0071
4522.50 0.0072
4523.00 0.0074
4523.50 0.0075
4524.00 0.0076
4524.50 0.0078
4525.00 0.0079
4525.50 0.0080
4526.00 0.0081
4526.50 0.0083
4527.00 0.0084
4527.50 0.0085
4528.00 0.0087
4528.50 0.0088
4529.00 0.0089
4529.50 0.0091
4530.00 0.0092
4530.50 0.0094
4531.00 0.0097
4531.50 0.0099
4532.00 0.0102
4532.50 0.0104
4533.00 0.0107
4533.50 0.0109
4534.00 0.0112
4534.50 0.0114
4535.00 0.0117
4535.50 0.0119
4536.00 0.0122
4536.50 0.0124
4537.00 0.0127
4537.50 0.0129
4538.00 0.0132
4538.50 0.0134
4539.00 0.0137
4539.50 0.0139
4540.00 0.0142
4540.50 0.0147
4541.00 0.0152
4541.50 0.0157
4542.00 0.0162
4542.50 0.0167
4543.00 0.0172
4543.50 0.0177
4544.00 0.0182
4544.50 0.0187
4545.00 0.0192
4545.50 0.0197
4546.00 0.0202
4546.50 0.0207
4547.00 0.0212
4547.50 0.0217
4548.00 0.0222
4548.50 0.0227
4549.00 0.0232
4549.50 0.0236
4550.00 0.0241
4550.50 0.0253
4551.00 0.0264
4551.50 0.0275
4552.00 0.0287
4552.50 0.0298
4553.00 0.0309
4553.50 0.0320
4554.00 0.0332
4554.50 0.0343
4555.00 0.0354
4555.50 0.0366
4556.00 0.0377
4556.50 0.0388
4557.00 0.0399
4557.50 0.0411
4558.00 0.0422
4558.50 0.0433
4559.00 0.0444
4559.50 0.0456
4560.00 0.0467
4560.50 0.0494
4561.00 0.0521
4561.50 0.0549
4562.00 0.0576
4562.50 0.0603
4563.00 0.0630
4563.50 0.0658
4564.00 0.0685
4564.50 0.0712
4565.00 0.0739
4565.50 0.0767
4566.00 0.0794
4566.50 0.0821
4567.00 0.0848
4567.50 0.0876
4568.00 0.0903
4568.50 0.0930
4569.00 0.0957
4569.50 0.0985
4570.00 0.1012
4570.50 0.1070
4571.00 0.1129
4571.50 0.1187
4572.00 0.1246
4572.50 0.1305
4573.00 0.1363
4573.50 0.1422
4574.00 0.1480
4574.50 0.1539
4575.00 0.1597
4575.50 0.1656
4576.00 0.1714
4576.50 0.1773
4577.00 0.1831
4577.50 0.1890
4578.00 0.1948
4578.50 0.2007
4579.00 0.2066
4579.50 0.2124
4580.00 0.2183
4580.50 0.2266
4581.00 0.2349
4581.50 0.2431
4582.00 0.2514
4582.50 0.2597
4583.00 0.2680
4583.50 0.2763
4584.00 0.2846
4584.50 0.2929
4585.00 0.3012
4585.50 0.3095
4586.00 0.3178
4586.50 0.3261
4587.00 0.3344
4587.50 0.3427
4588.00 0.3510
4588.50 0.3593
4589.00 0.3676
4589.50 0.3759
4590.00 0.3842
4590.50 0.3902
4591.00 0.3962
4591.50 0.4023
4592.00 0.4083
4592.50 0.4143
4593.00 0.4204
4593.50 0.4264
4594.00 0.4325
4594.50 0.4385
4595.00 0.4445
4595.50 0.4506
4596.00 0.4566
4596.50 0.4626
4597.00 0.4687
4597.50 0.4747
4598.00 0.4807
4598.50 0.4868
4599.00 0.4928
4599.50 0.4988
4600.00 0.5049
4600.50 0.5062
4601.00 0.5075
4601.50 0.5088
4602.00 0.5101
4602.50 0.5114
4603.00 0.5127
4603.50 0.5140
4604.00 0.5153
4604.50 0.5166
4605.00 0.5179
4605.50 0.5192
4606.00 0.5205
4606.50 0.5218
4607.00 0.5231
4607.50 0.5244
4608.00 0.5257
4608.50 0.5271
4609.00 0.5284
4609.50 0.5297
4610.00 0.5310
4610.50 0.5306
4611.00 0.5303
4611.50 0.5300
4612.00 0.5297
4612.50 0.5294
4613.00 0.5290
4613.50 0.5287
4614.00 0.5284
4614.50 0.5281
4615.00 0.5277
4615.50 0.5274
4616.00 0.5271
4616.50 0.5268
4617.00 0.5265
4617.50 0.5261
4618.00 0.5258
4618.50 0.5255
4619.00 0.5252
4619.50 0.5249
4620.00 0.5245
4620.50 0.5255
4621.00 0.5264
4621.50 0.5273
4622.00 0.5282
4622.50 0.5291
4623.00 0.5301
4623.50 0.5310
4624.00 0.5319
4624.50 0.5328
4625.00 0.5338
4625.50 0.5347
4626.00 0.5356
4626.50 0.5365
4627.00 0.5374
4627.50 0.5384
4628.00 0.5393
4628.50 0.5402
4629.00 0.5411
4629.50 0.5421
4630.00 0.5430
4630.50 0.5451
4631.00 0.5473
4631.50 0.5494
4632.00 0.5515
4632.50 0.5537
4633.00 0.5558
4633.50 0.5579
4634.00 0.5601
4634.50 0.5622
4635.00 0.5644
4635.50 0.5665
4636.00 0.5686
4636.50 0.5708
4637.00 0.5729
4637.50 0.5750
4638.00 0.5772
4638.50 0.5793
4639.00 0.5814
4639.50 0.5836
4640.00 0.5857
4640.50 0.5878
4641.00 0.5900
4641.50 0.5921
4642.00 0.5942
4642.50 0.5963
4643.00 0.5984
4643.50 0.6006
4644.00 0.6027
4644.50 0.6048
4645.00 0.6069
4645.50 0.6090
4646.00 0.6112
4646.50 0.6133
4647.00 0.6154
4647.50 0.6175
4648.00 0.6197
4648.50 0.6218
4649.00 0.6239
4649.50 0.6260
4650.00 0.6281
4650.50 0.6291
4651.00 0.6300
4651.50 0.6309
4652.00 0.6318
4652.50 0.6328
4653.00 0.6337
4653.50 0.6346
4654.00 0.6355
4654.50 0.6365
4655.00 0.6374
4655.50 0.6383
4656.00 0.6392
4656.50 0.6402
4657.00 0.6411
4657.50 0.6420
4658.00 0.6430
4658.50 0.6439
4659.00 0.6448
4659.50 0.6457
4660.00 0.6467
4660.50 0.6459
4661.00 0.6451
4661.50 0.6443
4662.00 0.6435
4662.50 0.6427
4663.00 0.6419
4663.50 0.6411
4664.00 0.6404
4664.50 0.6396
4665.00 0.6388
4665.50 0.6380
4666.00 0.6372
4666.50 0.6364
4667.00 0.6356
4667.50 0.6349
4668.00 0.6341
4668.50 0.6333
4669.00 0.6325
4669.50 0.6317
4670.00 0.6309
4670.50 0.6291
4671.00 0.6272
4671.50 0.6254
4672.00 0.6235
4672.50 0.6217
4673.00 0.6199
4673.50 0.6180
4674.00 0.6162
4674.50 0.6143
4675.00 0.6125
4675.50 0.6106
4676.00 0.6088
4676.50 0.6069
4677.00 0.6051
4677.50 0.6033
4678.00 0.6014
4678.50 0.5996
4679.00 0.5977
4679.50 0.5959
4680.00 0.5940
4680.50 0.5924
4681.00 0.5908
4681.50 0.5892
4682.00 0.5876
4682.50 0.5860
4683.00 0.5844
4683.50 0.5829
4684.00 0.5813
4684.50 0.5797
4685.00 0.5781
4685.50 0.5765
4686.00 0.5749
4686.50 0.5733
4687.00 0.5717
4687.50 0.5701
4688.00 0.5685
4688.50 0.5669
4689.00 0.5653
4689.50 0.5637
4690.00 0.5621
4690.50 0.5612
4691.00 0.5603
4691.50 0.5593
4692.00 0.5584
4692.50 0.5575
4693.00 0.5566
4693.50 0.5557
4694.00 0.5548
4694.50 0.5539
4695.00 0.5529
4695.50 0.5520
4696.00 0.5511
4696.50 0.5502
4697.00 0.5493
4697.50 0.5484
4698.00 0.5474
4698.50 0.5465
4699.00 0.5456
4699.50 0.5447
4700.00 0.5438
4700.50 0.5437
4701.00 0.5436
4701.50 0.5435
4702.00 0.5435
4702.50 0.5434
4703.00 0.5433
4703.50 0.5432
4704.00 0.5432
4704.50 0.5431
4705.00 0.5430
4705.50 0.5429
4706.00 0.5428
4706.50 0.5428
4707.00 0.5427
4707.50 0.5426
4708.00 0.5425
4708.50 0.5425
4709.00 0.5424
4709.50 0.5423
4710.00 0.5422
4710.50 0.5430
4711.00 0.5438
4711.50 0.5446
4712.00 0.5454
4712.50 0.5462
4713.00 0.5470
4713.50 0.5478
4714.00 0.5486
4714.50 0.5494
4715.00 0.5501
4715.50 0.5509
4716.00 0.5517
4716.50 0.5525
4717.00 0.5533
4717.50 0.5541
4718.00 0.5549
4718.50 0.5557
4719.00 0.5565
4719.50 0.5573
4720.00 0.5581
4720.50 0.5594
4721.00 0.5607
4721.50 0.5620
4722.00 0.5633
4722.50 0.5646
4723.00 0.5659
4723.50 0.5672
4724.00 0.5685
4724.50 0.5698
4725.00 0.5711
4725.50 0.5724
4726.00 0.5737
4726.50 0.5750
4727.00 0.5763
4727.50 0.5776
4728.00 0.5789
4728.50 0.5802
4729.00 0.5816
4729.50 0.5829
4730.00 0.5842
4730.50 0.5856
4731.00 0.5871
4731.50 0.5885
4732.00 0.5900
4732.50 0.5915
4733.00 0.5929
4733.50 0.5944
4734.00 0.5958
4734.50 0.5973
4735.00 0.5988
4735.50 0.6002
4736.00 0.6017
4736.50 0.6032
4737.00 0.6046
4737.50 0.6061
4738.00 0.6075
4738.50 0.6090
4739.00 0.6105
4739.50 0.6119
4740.00 0.6134
4740.50 0.6148
4741.00 0.6162
4741.50 0.6176
4742.00 0.6189
4742.50 0.6203
4743.00 0.6217
4743.50 0.6231
4744.00 0.6245
4744.50 0.6259
4745.00 0.6273
4745.50 0.6287
4746.00 0.6301
4746.50 0.6315
4747.00 0.6329
4747.50 0.6343
4748.00 0.6356
4748.50 0.6370
4749.00 0.6384
4749.50 0.6398
4750.00 0.6412
4750.50 0.6422
4751.00 0.6431
4751.50 0.6441
4752.00 0.6450
4752.50 0.6460
4753.00 0.6469
4753.50 0.6479
4754.00 0.6488
4754.50 0.6498
4755.00 0.6507
4755.50 0.6517
4756.00 0.6526
4756.50 0.6536
4757.00 0.6545
4757.50 0.6555
4758.00 0.6564
4758.50 0.6574
4759.00 0.6583
4759.50 0.6593
4760.00 0.6603
4760.50 0.6605
4761.00 0.6607
4761.50 0.6609
4762.00 0.6611
4762.50 0.6613
4763.00 0.6615
4763.50 0.6617
4764.00 0.6619
4764.50 0.6621
4765.00 0.6623
4765.50 0.6625
4766.00 0.6628
4766.50 0.6630
4767.00 0.6632
4767.50 0.6634
4768.00 0.6636
4768.50 0.6638
4769.00 0.6640
4769.50 0.6642
4770.00 0.6644
4770.50 0.6641
4771.00 0.6638
4771.50 0.6635
4772.00 0.6632
4772.50 0.6629
4773.00 0.6625
4773.50 0.6622
4774.00 0.6619
4774.50 0.6616
4775.00 0.6613
4775.50 0.6610
4776.00 0.6607
4776.50 0.6603
4777.00 0.6600
4777.50 0.6597
4778.00 0.6594
4778.50 0.6591
4779.00 0.6588
4779.50 0.6585
4780.00 0.6582
4780.50 0.6574
4781.00 0.6567
4781.50 0.6559
4782.00 0.6552
4782.50 0.6544
4783.00 0.6537
4783.50 0.6529
4784.00 0.6522
4784.50 0.6514
4785.00 0.6507
4785.50 0.6499
4786.00 0.6492
4786.50 0.6484
4787.00 0.6477
4787.50 0.6469
4788.00 0.6462
4788.50 0.6454
4789.00 0.6446
4789.50 0.6439
4790.00 0.6431
4790.50 0.6420
4791.00 0.6408
4791.50 0.6397
4792.00 0.6385
4792.50 0.6373
4793.00 0.6362
4793.50 0.6350
4794.00 0.6339
4794.50 0.6327
4795.00 0.6315
4795.50 0.6304
4796.00 0.6292
4796.50 0.6280
4797.00 0.6269
4797.50 0.6257
4798.00 0.6246
4798.50 0.6234
4799.00 0.6222
4799.50 0.6211
4800.00 0.6199
4800.50 0.6187
4801.00 0.6174
4801.50 0.6162
4802.00 0.6149
4802.50 0.6137
4803.00 0.6124
4803.50 0.6112
4804.00 0.6099
4804.50 0.6087
4805.00 0.6074
4805.50 0.6062
4806.00 0.6049
4806.50 0.6037
4807.00 0.6024
4807.50 0.6012
4808.00 0.5999
4808.50 0.5987
4809.00 0.5974
4809.50 0.5962
4810.00 0.5950
4810.50 0.5937
4811.00 0.5924
4811.50 0.5911
4812.00 0.5898
4812.50 0.5885
4813.00 0.5872
4813.50 0.5859
4814.00 0.5846
4814.50 0.5833
4815.00 0.5820
4815.50 0.5807
4816.00 0.5794
4816.50 0.5781
4817.00 0.5768
4817.50 0.5755
4818.00 0.5742
4818.50 0.5729
4819.00 0.5716
4819.50 0.5703
4820.00 0.5690
4820.50 0.5679
4821.00 0.5667
4821.50 0.5655
4822.00 0.5643
4822.50 0.5632
4823.00 0.5620
4823.50 0.5608
4824.00 0.5596
4824.50 0.5585
4825.00 0.5573
4825.50 0.5561
4826.00 0.5549
4826.50 0.5538
4827.00 0.5526
4827.50 0.5514
4828.00 0.5502
4828.50 0.5491
4829.00 0.5479
4829.50 0.5467
4830.00 0.5455
4830.50 0.5447
4831.00 0.5439
4831.50 0.5431
4832.00 0.5423
4832.50 0.5415
4833.00 0.5406
4833.50 0.5398
4834.00 0.5390
4834.50 0.5382
4835.00 0.5374
4835.50 0.5365
4836.00 0.5357
4836.50 0.5349
4837.00 0.5341
4837.50 0.5333
4838.00 0.5324
4838.50 0.5316
4839.00 0.5308
4839.50 0.5300
4840.00 0.5292
4840.50 0.5288
4841.00 0.5284
4841.50 0.5280
4842.00 0.5276
4842.50 0.5272
4843.00 0.5268
4843.50 0.5264
4844.00 0.5260
4844.50 0.5256
4845.00 0.5252
4845.50 0.5248
4846.00 0.5244
4846.50 0.5240
4847.00 0.5236
4847.50 0.5232
4848.00 0.5228
4848.50 0.5224
4849.00 0.5220
4849.50 0.5216
4850.00 0.5212
4850.50 0.5214
4851.00 0.5215
4851.50 0.5217
4852.00 0.5218
4852.50 0.5220
4853.00 0.5221
4853.50 0.5223
4854.00 0.5224
4854.50 0.5226
4855.00 0.5227
4855.50 0.5228
4856.00 0.5230
4856.50 0.5231
4857.00 0.5233
4857.50 0.5234
4858.00 0.5236
4858.50 0.5237
4859.00 0.5239
4859.50 0.5240
4860.00 0.5241
4860.50 0.5250
4861.00 0.5259
4861.50 0.5268
4862.00 0.5277
4862.50 0.5285
4863.00 0.5294
4863.50 0.5303
4864.00 0.5312
4864.50 0.5320
4865.00 0.5329
4865.50 0.5338
4866.00 0.5347
4866.50 0.5356
4867.00 0.5364
4867.50 0.5373
4868.00 0.5382
4868.50 0.5391
4869.00 0.5399
4869.50 0.5408
4870.00 0.5417
4870.50 0.5432
4871.00 0.5448
4871.50 0.5463
4872.00 0.5479
4872.50 0.5494
4873.00 0.5510
4873.50 0.5525
4874.00 0.5541
4874.50 0.5557
4875.00 0.5572
4875.50 0.5588
4876.00 0.5603
4876.50 0.5619
4877.00 0.5634
4877.50 0.5650
4878.00 0.5665
4878.50 0.5681
4879.00 0.5696
4879.50 0.5712
4880.00 0.5727
4880.50 0.5744
4881.00 0.5762
4881.50 0.5779
4882.00 0.5796
4882.50 0.5813
4883.00 0.5830
4883.50 0.5847
4884.00 0.5865
4884.50 0.5882
4885.00 0.5899
4885.50 0.5916
4886.00 0.5933
4886.50 0.5951
4887.00 0.5968
4887.50 0.5985
4888.00 0.6002
4888.50 0.6019
4889.00 0.6036
4889.50 0.6054
4890.00 0.6071
4890.50 0.6084
4891.00 0.6097
4891.50 0.6110
4892.00 0.6124
4892.50 0.6137
4893.00 0.6150
4893.50 0.6163
4894.00 0.6176
4894.50 0.6190
4895.00 0.6203
4895.50 0.6216
4896.00 0.6229
4896.50 0.6242
4897.00 0.6256
4897.50 0.6269
4898.00 0.6282
4898.50 0.6295
4899.00 0.6309
4899.50 0.6322
4900.00 0.6335
4900.50 0.6334
4901.00 0.6334
4901.50 0.6333
4902.00 0.6332
4902.50 0.6332
4903.00 0.6331
4903.50 0.6331
4904.00 0.6330
4904.50 0.6329
4905.00 0.6329
4905.50 0.6328
4906.00 0.6328
4906.50 0.6327
4907.00 0.6326
4907.50 0.6326
4908.00 0.6325
4908.50 0.6325
4909.00 0.6324
4909.50 0.6323
4910.00 0.6323
4910.50 0.6301
4911.00 0.6279
4911.50 0.6258
4912.00 0.6236
4912.50 0.6214
4913.00 0.6193
4913.50 0.6171
4914.00 0.6149
4914.50 0.6128
4915.00 0.6106
4915.50 0.6085
4916.00 0.6063
4916.50 0.6041
4917.00 0.6020
4917.50 0.5998
4918.00 0.5976
4918.50 0.5955
4919.00 0.5933
4919.50 0.5911
4920.00 0.5890
4920.50 0.5852
4921.00 0.5814
4921.50 0.5776
4922.00 0.5738
4922.50 0.5700
4923.00 0.5662
4923.50 0.5624
4924.00 0.5586
4924.50 0.5548
4925.00 0.5510
4925.50 0.5472
4926.00 0.5434
4926.50 0.5396
4927.00 0.5358
4927.50 0.5320
4928.00 0.5282
4928.50 0.5244
4929.00 0.5206
4929.50 0.5168
4930.00 0.5130
4930.50 0.5086
4931.00 0.5043
4931.50 0.5000
4932.00 0.4956
4932.50 0.4913
4933.00 0.4869
4933.50 0.4826
4934.00 0.4782
4934.50 0.4739
4935.00 0.4696
4935.50 0.4652
4936.00 0.4609
4936.50 0.4565
4937.00 0.4522
4937.50 0.4478
4938.00 0.4435
4938.50 0.4392
4939.00 0.4348
4939.50 0.4305
4940.00 0.4261
4940.50 0.4219
4941.00 0.4177
4941.50 0.4135
4942.00 0.4093
4942.50 0.4050
4943.00 0.4008
4943.50 0.3966
4944.00 0.3924
4944.50 0.3882
4945.00 0.3840
4945.50 0.3798
4946.00 0.3755
4946.50 0.3713
4947.00 0.3671
4947.50 0.3629
4948.00 0.3587
4948.50 0.3545
4949.00 0.3503
4949.50 0.3460
4950.00 0.3418
4950.50 0.3383
4951.00 0.3348
4951.50 0.3313
4952.00 0.3278
4952.50 0.3243
4953.00 0.3208
4953.50 0.3174
4954.00 0.3139
4954.50 0.3104
4955.00 0.3069
4955.50 0.3034
4956.00 0.2999
4956.50 0.2964
4957.00 0.2929
4957.50 0.2894
4958.00 0.2859
4958.50 0.2824
4959.00 0.2789
4959.50 0.2754
4960.00 0.2719
4960.50 0.2692
4961.00 0.2665
4961.50 0.2637
4962.00 0.2610
4962.50 0.2583
4963.00 0.2556
4963.50 0.2529
4964.00 0.2501
4964.50 0.2474
4965.00 0.2447
4965.50 0.2420
4966.00 0.2393
4966.50 0.2366
4967.00 0.2338
4967.50 0.2311
4968.00 0.2284
4968.50 0.2257
4969.00 0.2230
4969.50 0.2202
4970.00 0.2175
4970.50 0.2153
4971.00 0.2131
4971.50 0.2109
4972.00 0.2087
4972.50 0.2065
4973.00 0.2043
4973.50 0.2021
4974.00 0.1999
4974.50 0.1977
4975.00 0.1955
4975.50 0.1933
4976.00 0.1911
4976.50 0.1889
4977.00 0.1866
4977.50 0.1844
4978.00 0.1822
4978.50 0.1800
4979.00 0.1778
4979.50 0.1756
4980.00 0.1734
4980.50 0.1716
4981.00 0.1698
4981.50 0.1679
4982.00 0.1661
4982.50 0.1643
4983.00 0.1625
4983.50 0.1607
4984.00 0.1588
4984.50 0.1570
4985.00 0.1552
4985.50 0.1534
4986.00 0.1515
4986.50 0.1497
4987.00 0.1479
4987.50 0.1461
4988.00 0.1443
4988.50 0.1424
4989.00 0.1406
4989.50 0.1388
4990.00 0.1370
4990.50 0.1354
4991.00 0.1339
4991.50 0.1323
4992.00 0.1308
4992.50 0.1292
4993.00 0.1277
4993.50 0.1262
4994.00 0.1246
4994.50 0.1231
4995.00 0.1215
4995.50 0.1200
4996.00 0.1184
4996.50 0.1169
4997.00 0.1153
4997.50 0.1138
4998.00 0.1123
4998.50 0.1107
4999.00 0.1092
4999.50 0.1076
5000.00 0.1061
5000.50 0.1048
5001.00 0.1034
5001.50 0.1021
5002.00 0.1008
5002.50 0.0995
5003.00 0.0982
5003.50 0.0969
5004.00 0.0956
5004.50 0.0943
5005.00 0.0929
5005.50 0.0916
5006.00 0.0903
5006.50 0.0890
5007.00 0.0877
5007.50 0.0864
5008.00 0.0851
5008.50 0.0838
5009.00 0.0824
5009.50 0.0811
5010.00 0.0798
5010.50 0.0788
5011.00 0.0777
5011.50 0.0766
5012.00 0.0756
5012.50 0.0745
5013.00 0.0735
5013.50 0.0724
5014.00 0.0714
5014.50 0.0703
5015.00 0.0692
5015.50 0.0682
5016.00 0.0671
5016.50 0.0661
5017.00 0.0650
5017.50 0.0640
5018.00 0.0629
5018.50 0.0619
5019.00 0.0608
5019.50 0.0597
5020.00 0.0587
5020.50 0.0579
5021.00 0.0571
5021.50 0.0563
5022.00 0.0554
5022.50 0.0546
5023.00 0.0538
5023.50 0.0530
5024.00 0.0522
5024.50 0.0514
5025.00 0.0506
5025.50 0.0498
5026.00 0.0489
5026.50 0.0481
5027.00 0.0473
5027.50 0.0465
5028.00 0.0457
5028.50 0.0449
5029.00 0.0441
5029.50 0.0433
5030.00 0.0425
5030.50 0.0419
5031.00 0.0413
5031.50 0.0407
5032.00 0.0401
5032.50 0.0395
5033.00 0.0389
5033.50 0.0383
5034.00 0.0377
5034.50 0.0371
5035.00 0.0365
5035.50 0.0359
5036.00 0.0353
5036.50 0.0347
5037.00 0.0341
5037.50 0.0335
5038.00 0.0329
5038.50 0.0323
5039.00 0.0317
5039.50 0.0311
5040.00 0.0305
5040.50 0.0301
5041.00 0.0296
5041.50 0.0292
5042.00 0.0288
5042.50 0.0284
5043.00 0.0280
5043.50 0.0276
5044.00 0.0272
5044.50 0.0267
5045.00 0.0263
5045.50 0.0259
5046.00 0.0255
5046.50 0.0251
5047.00 0.0247
5047.50 0.0243
5048.00 0.0238
5048.50 0.0234
5049.00 0.0230
5049.50 0.0226
5050.00 0.0222
5050.50 0.0219
5051.00 0.0216
5051.50 0.0213
5052.00 0.0211
5052.50 0.0208
5053.00 0.0205
5053.50 0.0202
5054.00 0.0199
5054.50 0.0196
5055.00 0.0194
5055.50 0.0191
5056.00 0.0188
5056.50 0.0185
5057.00 0.0182
5057.50 0.0179
5058.00 0.0176
5058.50 0.0174
5059.00 0.0171
5059.50 0.0168
5060.00 0.0165
5060.50 0.0163
5061.00 0.0161
5061.50 0.0159
5062.00 0.0157
5062.50 0.0155
5063.00 0.0153
5063.50 0.0151
5064.00 0.0149
5064.50 0.0147
5065.00 0.0145
5065.50 0.0143
5066.00 0.0141
5066.50 0.0139
5067.00 0.0137
5067.50 0.0135
5068.00 0.0133
5068.50 0.0131
5069.00 0.0129
5069.50 0.0127
5070.00 0.0125
5070.50 0.0124
5071.00 0.0122
5071.50 0.0121
5072.00 0.0119
5072.50 0.0118
5073.00 0.0117
5073.50 0.0115
5074.00 0.0114
5074.50 0.0112
5075.00 0.0111
5075.50 0.0110
5076.00 0.0108
5076.50 0.0107
5077.00 0.0105
5077.50 0.0104
5078.00 0.0103
5078.50 0.0101
5079.00 0.0100
5079.50 0.0098
5080.00 0.0097
5080.50 0.0096
5081.00 0.0095
5081.50 0.0094
5082.00 0.0093
5082.50 0.0092
5083.00 0.0091
5083.50 0.0090
5084.00 0.0089
5084.50 0.0088
5085.00 0.0087
5085.50 0.0086
5086.00 0.0085
5086.50 0.0084
5087.00 0.0083
5087.50 0.0082
5088.00 0.0081
5088.50 0.0080
5089.00 0.0079
5089.50 0.0078
5090.00 0.0077
5090.50 0.0076
5091.00 0.0076
5091.50 0.0075
5092.00 0.0074
5092.50 0.0073
5093.00 0.0073
5093.50 0.0072
5094.00 0.0071
5094.50 0.0070
5095.00 0.0070
5095.50 0.0069
5096.00 0.0068
5096.50 0.0067
5097.00 0.0067
5097.50 0.0066
5098.00 0.0065
5098.50 0.0064
5099.00 0.0064
5099.50 0.0063
5100.00 0.0062
5100.50 0.0061
5101.00 0.0061
5101.50 0.0060
5102.00 0.0060
5102.50 0.0059
5103.00 0.0058
5103.50 0.0058
5104.00 0.0057
5104.50 0.0056
5105.00 0.0056
5105.50 0.0055
5106.00 0.0055
5106.50 0.0054
5107.00 0.0053
5107.50 0.0053
5108.00 0.0052
5108.50 0.0052
5109.00 0.0051
5109.50 0.0050
5110.00 0.0050
5110.50 0.0049
5111.00 0.0049
5111.50 0.0048
5112.00 0.0048
5112.50 0.0047
5113.00 0.0047
5113.50 0.0046
5114.00 0.0046
5114.50 0.0045
5115.00 0.0044
5115.50 0.0044
5116.00 0.0043
5116.50 0.0043
5117.00 0.0042
5117.50 0.0042
5118.00 0.0041
5118.50 0.0041
5119.00 0.0040
5119.50 0.0040
5120.00 0.0039
5120.50 0.0039
5121.00 0.0038
5121.50 0.0038
5122.00 0.0037
5122.50 0.0037
5123.00 0.0036
5123.50 0.0036
5124.00 0.0036
5124.50 0.0035
5125.00 0.0035
5125.50 0.0034
5126.00 0.0034
5126.50 0.0033
5127.00 0.0033
5127.50 0.0032
5128.00 0.0032
5128.50 0.0031
5129.00 0.0031
5129.50 0.0030
5130.00 0.0030
5130.50 0.0030
5131.00 0.0029
5131.50 0.0029
5132.00 0.0028
5132.50 0.0028
5133.00 0.0028
5133.50 0.0027
5134.00 0.0027
5134.50 0.0026
5135.00 0.0026
5135.50 0.0025
5136.00 0.0025
5136.50 0.0025
5137.00 0.0024
5137.50 0.0024
5138.00 0.0023
5138.50 0.0023
5139.00 0.0023
5139.50 0.0022
5140.00 0.0022
5140.50 0.0022
5141.00 0.0021
5141.50 0.0021
5142.00 0.0021
5142.50 0.0020
5143.00 0.0020
5143.50 0.0020
5144.00 0.0019
5144.50 0.0019
5145.00 0.0019
5145.50 0.0018
5146.00 0.0018
5146.50 0.0018
5147.00 0.0017
5147.50 0.0017
5148.00 0.0017
5148.50 0.0016
5149.00 0.0016
5149.50 0.0016
5150.00 0.0015
5150.50 0.0015
5151.00 0.0015
5151.50 0.0015
5152.00 0.0014
5152.50 0.0014
5153.00 0.0014
5153.50 0.0014
5154.00 0.0013
5154.50 0.0013
5155.00 0.0013
5155.50 0.0013
5156.00 0.0012
5156.50 0.0012
5157.00 0.0012
5157.50 0.0012
5158.00 0.0012
5158.50 0.0011
5159.00 0.0011
5159.50 0.0011
5160.00 0.0011
5160.50 0.0010
5161.00 0.0010
5161.50 0.0010
5162.00 0.0010
5162.50 0.0010
5163.00 0.0010
5163.50 0.0009
