6849.00 0.0009
6850.00 0.0012
6851.00 0.0017
6852.00 0.0025
6853.00 0.0037
6854.00 0.0057
6855.00 0.0083
6856.00 0.0118
6857.00 0.0167
6858.00 0.0230
6859.00 0.0304
6860.00 0.0392
6861.00 0.0496
6862.00 0.0619
6863.00 0.0748
6864.00 0.0885
6865.00 0.1037
6866.00 0.1219
6867.00 0.1405
6868.00 0.1591
6869.00 0.1803
6870.00 0.2020
6871.00 0.2213
6872.00 0.2404
6873.00 0.2590
6874.00 0.2764
6875.00 0.2916
6876.00 0.3038
6877.00 0.3138
6878.00 0.3215
6879.00 0.3258
6880.00 0.3277
6881.00 0.3268
6882.00 0.3233
6883.00 0.3163
6884.00 0.3075
6885.00 0.2951
6886.00 0.2800
6887.00 0.2640
6888.00 0.2471
6889.00 0.2287
6890.00 0.2077
6891.00 0.1880
6892.00 0.1685
6893.00 0.1487
6894.00 0.1294
6895.00 0.1129
6896.00 0.0976
6897.00 0.0832
6898.00 0.0696
6899.00 0.0573
6900.00 0.0466
6901.00 0.0372
6902.00 0.0288
6903.00 0.0224
6904.00 0.0171
6905.00 0.0127
6906.00 0.0092
6907.00 0.0067
6908.00 0.0049
6909.00 0.0036
6910.00 0.0026
6911.00 0.0020
6912.00 0.0015
6913.00 0.0012
6914.00 0.0009
