5139.00 0.0009
5139.50 0.0010
5140.00 0.0010
5140.50 0.0016
5141.00 0.0021
5141.50 0.0026
5142.00 0.0031
5142.50 0.0037
5143.00 0.0042
5143.50 0.0047
5144.00 0.0052
5144.50 0.0058
5145.00 0.0063
5145.50 0.0099
5146.00 0.0136
5146.50 0.0172
5147.00 0.0208
5147.50 0.0244
5148.00 0.0281
5148.50 0.0317
5149.00 0.0353
5149.50 0.0389
5150.00 0.0426
5150.50 0.0506
5151.00 0.0587
5151.50 0.0667
5152.00 0.0748
5152.50 0.0828
5153.00 0.0909
5153.50 0.0989
5154.00 0.1069
5154.50 0.1150
5155.00 0.1230
5155.50 0.1350
5156.00 0.1469
5156.50 0.1589
5157.00 0.1708
5157.50 0.1828
5158.00 0.1948
5158.50 0.2067
5159.00 0.2186
5159.50 0.2306
5160.00 0.2426
5160.50 0.2515
5161.00 0.2605
5161.50 0.2694
5162.00 0.2784
5162.50 0.2873
5163.00 0.2963
5163.50 0.3053
5164.00 0.3142
5164.50 0.3232
5165.00 0.3321
5165.50 0.3336
5166.00 0.3351
5166.50 0.3367
5167.00 0.3382
5167.50 0.3397
5168.00 0.3412
5168.50 0.3427
5169.00 0.3442
5169.50 0.3457
5170.00 0.3472
5170.50 0.3405
5171.00 0.3338
5171.50 0.3271
5172.00 0.3204
5172.50 0.3138
5173.00 0.3071
5173.50 0.3004
5174.00 0.2937
5174.50 0.2870
5175.00 0.2803
5175.50 0.2688
5176.00 0.2573
5176.50 0.2458
5177.00 0.2342
5177.50 0.2227
5178.00 0.2112
5178.50 0.1997
5179.00 0.1882
5179.50 0.1766
5180.00 0.1651
5180.50 0.1563
5181.00 0.1474
5181.50 0.1386
5182.00 0.1298
5182.50 0.1209
5183.00 0.1121
5183.50 0.1033
5184.00 0.0944
5184.50 0.0856
5185.00 0.0767
5185.50 0.0713
5186.00 0.0659
5186.50 0.0604
5187.00 0.0550
5187.50 0.0496
5188.00 0.0441
5188.50 0.0387
5189.00 0.0333
5189.50 0.0278
5190.00 0.0224
5190.50 0.0206
5191.00 0.0187
5191.50 0.0169
5192.00 0.0150
5192.50 0.0132
5193.00 0.0114
5193.50 0.0095
5194.00 0.0077
5194.50 0.0059
5195.00 0.0040
5195.50 0.0037
5196.00 0.0034
5196.50 0.0030
5197.00 0.0027
5197.50 0.0024
5198.00 0.0020
5198.50 0.0017
5199.00 0.0014
5199.50 0.0010
5200.00 0.0007
