7040.00 0.0006
7050.00 0.0011
7060.00 0.0018
7070.00 0.0030
7080.00 0.0048
7090.00 0.0071
7100.00 0.0105
7110.00 0.0148
7120.00 0.0207
7130.00 0.0277
7140.00 0.0368
7150.00 0.0472
7160.00 0.0598
7170.00 0.0743
7180.00 0.0801
7190.00 0.1090
7200.00 0.1295
7210.00 0.1511
7220.00 0.1743
7230.00 0.1988
7240.00 0.2249
7250.00 0.2515
7260.00 0.2793
7270.00 0.3066
7280.00 0.3357
7290.00 0.3634
7300.00 0.3916
7310.00 0.4201
7320.00 0.4478
7330.00 0.4749
7340.00 0.5008
7350.00 0.5261
7360.00 0.5508
7370.00 0.5749
7380.00 0.5976
7390.00 0.6190
7400.00 0.6393
7410.00 0.6583
7420.00 0.6771
7430.00 0.6945
7440.00 0.7105
7450.00 0.7250
7460.00 0.7377
7470.00 0.7520
7480.00 0.7622
7490.00 0.7726
7500.00 0.7827
7510.00 0.7910
7520.00 0.7988
7530.00 0.8054
7540.00 0.8115
7550.00 0.8180
7560.00 0.8212
7570.00 0.8273
7580.00 0.8300
7590.00 0.8341
7600.00 0.8359
7610.00 0.8367
7620.00 0.8391
7630.00 0.8410
7640.00 0.8411
7650.00 0.8421
7660.00 0.8422
7670.00 0.8418
7680.00 0.8414
7690.00 0.8414
7700.00 0.8433
7710.00 0.8415
7720.00 0.8430
7730.00 0.8416
7740.00 0.8416
7750.00 0.8431
7760.00 0.8412
7770.00 0.8431
7780.00 0.8426
7790.00 0.8421
7800.00 0.8430
7810.00 0.8411
7820.00 0.8418
7830.00 0.8420
7840.00 0.8431
7850.00 0.8408
7860.00 0.8412
7870.00 0.8432
7880.00 0.8409
7890.00 0.8421
7900.00 0.8419
7910.00 0.8418
7920.00 0.8413
7930.00 0.8411
7940.00 0.8394
7950.00 0.8396
7960.00 0.8393
7970.00 0.8382
7980.00 0.8374
7990.00 0.8368
8000.00 0.8358
8010.00 0.8350
8020.00 0.8317
8030.00 0.8311
8040.00 0.8296
8050.00 0.8283
8060.00 0.8266
8070.00 0.8230
8080.00 0.8201
8090.00 0.8192
8100.00 0.8186
8110.00 0.8158
8120.00 0.8127
8130.00 0.8113
8140.00 0.8073
8150.00 0.8072
8160.00 0.8030
8170.00 0.8006
8180.00 0.7995
8190.00 0.7948
8200.00 0.7937
8210.00 0.7928
8220.00 0.7874
8230.00 0.7845
8240.00 0.7851
8250.00 0.7818
8260.00 0.7801
8270.00 0.7797
8280.00 0.7760
8290.00 0.7757
8300.00 0.7751
8310.00 0.7723
8320.00 0.7732
8330.00 0.7709
8340.00 0.7710
8350.00 0.7671
8360.00 0.7680
8370.00 0.7666
8380.00 0.7673
8390.00 0.7653
8400.00 0.7637
8410.00 0.7628
8420.00 0.7662
8430.00 0.7648
8440.00 0.7652
8450.00 0.7685
8460.00 0.7662
8470.00 0.7619
8480.00 0.7661
8490.00 0.7606
8500.00 0.7648
8510.00 0.7645
8520.00 0.7591
8530.00 0.7582
8540.00 0.7634
8550.00 0.7611
8560.00 0.7587
8570.00 0.7555
8580.00 0.7562
8590.00 0.7575
8600.00 0.7510
8610.00 0.7567
8620.00 0.7501
8630.00 0.7493
8640.00 0.8267
8650.00 0.7529
8660.00 0.7442
8670.00 0.7421
8680.00 0.7288
8690.00 0.7320
8700.00 0.7246
8710.00 0.8071
8720.00 0.7311
8730.00 0.7212
8740.00 0.7165
8750.00 0.7042
8760.00 0.7024
8770.00 0.6993
8780.00 0.8002
8790.00 0.7034
8800.00 0.6818
8810.00 0.6748
8820.00 0.6565
8830.00 0.6562
8840.00 0.6526
8850.00 0.7748
8860.00 0.7066
8870.00 0.6602
8880.00 0.6517
8890.00 0.6195
8900.00 0.6292
8910.00 0.6132
8920.00 0.7433
8930.00 0.6851
8940.00 0.6062
8950.00 0.5919
8960.00 0.5953
8970.00 0.5886
8980.00 0.6224
8990.00 0.5802
9000.00 0.6029
