6670.00 0.0009
6675.00 0.0010
6680.00 0.0013
6685.00 0.0015
6690.00 0.0019
6695.00 0.0022
6700.00 0.0027
6705.00 0.0032
6710.00 0.0038
6715.00 0.0046
6720.00 0.0054
6725.00 0.0064
6730.00 0.0075
6735.00 0.0089
6740.00 0.0104
6745.00 0.0121
6750.00 0.0141
6755.00 0.0163
6760.00 0.0189
6765.00 0.0217
6770.00 0.0249
6775.00 0.0285
6780.00 0.0324
6785.00 0.0368
6790.00 0.0417
6795.00 0.0470
6800.00 0.0528
6805.00 0.0591
6810.00 0.0662
6815.00 0.0735
6820.00 0.0816
6825.00 0.0901
6830.00 0.0995
6835.00 0.1089
6840.00 0.1200
6845.00 0.1305
6850.00 0.1423
6855.00 0.1546
6860.00 0.1673
6865.00 0.1805
6870.00 0.1947
6875.00 0.2089
6880.00 0.2236
6885.00 0.2389
6890.00 0.2544
6895.00 0.2705
6900.00 0.2866
6905.00 0.3032
6910.00 0.3195
6915.00 0.3358
6920.00 0.3530
6925.00 0.3697
6930.00 0.3870
6935.00 0.4037
6940.00 0.4204
6945.00 0.4372
6950.00 0.4540
6955.00 0.4698
6960.00 0.4857
6965.00 0.5016
6970.00 0.5173
6975.00 0.5322
6980.00 0.5472
6985.00 0.5621
6990.00 0.5760
6995.00 0.5899
7000.00 0.6031
7005.00 0.6156
7010.00 0.6286
7015.00 0.6411
7020.00 0.6524
7025.00 0.6636
7030.00 0.6749
7035.00 0.6860
7040.00 0.6966
7045.00 0.7056
7050.00 0.7154
7055.00 0.7243
7060.00 0.7338
7065.00 0.7429
7070.00 0.7516
7075.00 0.7582
7080.00 0.7674
7085.00 0.7743
7090.00 0.7815
7095.00 0.7890
7100.00 0.7963
7105.00 0.8031
7110.00 0.8085
7115.00 0.8143
7120.00 0.8199
7125.00 0.8264
7130.00 0.8309
7135.00 0.8366
7140.00 0.8419
7145.00 0.8466
7150.00 0.8519
7155.00 0.8566
7160.00 0.8601
7165.00 0.8657
7170.00 0.8677
7175.00 0.8725
7180.00 0.8762
7185.00 0.8793
7190.00 0.8821
7195.00 0.8859
7200.00 0.8884
7205.00 0.8920
7210.00 0.8942
7215.00 0.8968
7220.00 0.8973
7225.00 0.9002
7230.00 0.9021
7235.00 0.9049
7240.00 0.9069
7245.00 0.9088
7250.00 0.9102
7255.00 0.9127
7260.00 0.9121
7265.00 0.9140
7270.00 0.9145
7275.00 0.9168
7280.00 0.9160
7285.00 0.9182
7290.00 0.9188
7295.00 0.9212
7300.00 0.9209
7305.00 0.9212
7310.00 0.9226
7315.00 0.9249
7320.00 0.9240
7325.00 0.9249
7330.00 0.9266
7335.00 0.9272
7340.00 0.9284
7345.00 0.9288
7350.00 0.9309
7355.00 0.9300
7360.00 0.9324
7365.00 0.9310
7370.00 0.9335
7375.00 0.9347
7380.00 0.9349
7385.00 0.9350
7390.00 0.9367
7395.00 0.9368
7400.00 0.9373
7405.00 0.9371
7410.00 0.9399
7415.00 0.9406
7420.00 0.9416
7425.00 0.9418
7430.00 0.9420
7435.00 0.9434
7440.00 0.9436
7445.00 0.9428
7450.00 0.9439
7455.00 0.9442
7460.00 0.9440
7465.00 0.9438
7470.00 0.9435
7475.00 0.9431
7480.00 0.9431
7485.00 0.9441
7490.00 0.9420
7495.00 0.9417
7500.00 0.9417
7505.00 0.9413
7510.00 0.9396
7515.00 0.9406
7520.00 0.9381
7525.00 0.9352
7530.00 0.9372
7535.00 0.9355
7540.00 0.9349
7545.00 0.9325
7550.00 0.9340
7555.00 0.9325
7560.00 0.9323
7565.00 0.9320
7570.00 0.9311
7575.00 0.9284
7580.00 0.9274
7585.00 0.9287
7590.00 0.9276
7595.00 0.9276
7600.00 0.9278
7605.00 0.9281
7610.00 0.9274
7615.00 0.9276
7620.00 0.9272
7625.00 0.9274
7630.00 0.9275
7635.00 0.9291
7640.00 0.9293
7645.00 0.9277
7650.00 0.9312
7655.00 0.9314
7660.00 0.9328
7665.00 0.9324
7670.00 0.9348
7675.00 0.9345
7680.00 0.9361
7685.00 0.9369
7690.00 0.9360
7695.00 0.9422
7700.00 0.9421
7705.00 0.9412
7710.00 0.9432
7715.00 0.9454
7720.00 0.9437
7725.00 0.9432
7730.00 0.9456
7735.00 0.9462
7740.00 0.9484
7745.00 0.9457
7750.00 0.9477
7755.00 0.9495
7760.00 0.9510
7765.00 0.9500
7770.00 0.9489
7775.00 0.9499
7780.00 0.9489
7785.00 0.9508
7790.00 0.9501
7795.00 0.9509
7800.00 0.9524
7805.00 0.9503
7810.00 0.9498
7815.00 0.9511
7820.00 0.9480
7825.00 0.9502
7830.00 0.9470
7835.00 0.9521
7840.00 0.9468
7845.00 0.9463
7850.00 0.9461
7855.00 0.9480
7860.00 0.9492
7865.00 0.9484
7870.00 0.9473
7875.00 0.9475
7880.00 0.9465
7885.00 0.9506
7890.00 0.9501
7895.00 0.9494
7900.00 0.9502
7905.00 0.9508
7910.00 0.9491
7915.00 0.9502
7920.00 0.9509
7925.00 0.9512
7930.00 0.9499
7935.00 0.9523
7940.00 0.9506
7945.00 0.9524
7950.00 0.9498
7955.00 0.9482
7960.00 0.9506
7965.00 0.9493
7970.00 0.9508
7975.00 0.9503
7980.00 0.9445
7985.00 0.9415
7990.00 0.9412
7995.00 0.9419
8000.00 0.9390
8005.00 0.9367
8010.00 0.9369
8015.00 0.9346
8020.00 0.9336
8025.00 0.9315
8030.00 0.9307
8035.00 0.9297
8040.00 0.9314
8045.00 0.9306
8050.00 0.9304
8055.00 0.9317
8060.00 0.9357
8065.00 0.9377
8070.00 0.9384
8075.00 0.9425
8080.00 0.9455
8085.00 0.9464
8090.00 0.9501
8095.00 0.9497
8100.00 0.9507
8105.00 0.9484
8110.00 0.9422
8115.00 0.9305
8120.00 0.9178
8125.00 0.8967
8130.00 0.8661
8135.00 0.8313
8140.00 0.7883
8145.00 0.7409
8150.00 0.6868
8155.00 0.6333
8160.00 0.5750
8165.00 0.5153
8170.00 0.4584
8175.00 0.4046
8180.00 0.3552
8185.00 0.3086
8190.00 0.2676
8195.00 0.2331
8200.00 0.2016
8205.00 0.1735
8210.00 0.1495
8215.00 0.1295
8220.00 0.1109
8225.00 0.0958
8230.00 0.0834
8235.00 0.0721
8240.00 0.0629
8245.00 0.0547
8250.00 0.0472
8255.00 0.0415
8260.00 0.0363
8265.00 0.0320
8270.00 0.0275
8275.00 0.0244
8280.00 0.0216
8285.00 0.0192
8290.00 0.0168
8295.00 0.0150
8300.00 0.0132
8305.00 0.0121
8310.00 0.0105
8315.00 0.0094
8320.00 0.0083
8325.00 0.0077
8330.00 0.0068
8335.00 0.0060
8340.00 0.0056
8345.00 0.0051
8350.00 0.0045
8355.00 0.0040
8360.00 0.0036
8365.00 0.0034
8370.00 0.0030
8375.00 0.0028
8380.00 0.0026
8385.00 0.0022
8390.00 0.0022
8395.00 0.0019
8400.00 0.0017
8405.00 0.0016
8410.00 0.0015
8415.00 0.0013
8420.00 0.0013
8425.00 0.0012
8430.00 0.0011
8435.00 0.0009
