3030.00 0.0007
3035.00 0.0010
3040.00 0.0012
3045.00 0.0016
3050.00 0.0019
3055.00 0.0024
3060.00 0.0031
3065.00 0.0037
3070.00 0.0046
3075.00 0.0056
3080.00 0.0066
3085.00 0.0079
3090.00 0.0085
3095.00 0.0115
3100.00 0.0133
3105.00 0.0154
3110.00 0.0178
3115.00 0.0205
3120.00 0.0232
3125.00 0.0263
3130.00 0.0296
3135.00 0.0334
3140.00 0.0372
3145.00 0.0412
3150.00 0.0458
3155.00 0.0507
3160.00 0.0556
3165.00 0.0611
3170.00 0.0666
3175.00 0.0722
3180.00 0.0781
3185.00 0.0844
3190.00 0.0911
3195.00 0.0980
3200.00 0.1047
3205.00 0.1124
3210.00 0.1195
3215.00 0.1272
3220.00 0.1349
3225.00 0.1429
3230.00 0.1513
3235.00 0.1593
3240.00 0.1678
3245.00 0.1763
3250.00 0.1851
3255.00 0.1939
3260.00 0.2023
3265.00 0.2112
3270.00 0.2204
3275.00 0.2295
3280.00 0.2382
3285.00 0.2475
3290.00 0.2562
3295.00 0.2652
3300.00 0.2744
3305.00 0.2837
3310.00 0.2927
3315.00 0.3023
3320.00 0.3118
3325.00 0.3203
3330.00 0.3299
3335.00 0.3384
3340.00 0.3470
3345.00 0.3562
3350.00 0.3653
3355.00 0.3737
3360.00 0.3824
3365.00 0.3906
3370.00 0.3998
3375.00 0.4077
3380.00 0.4160
3385.00 0.4240
3390.00 0.4322
3395.00 0.4408
3400.00 0.4479
3405.00 0.4561
3410.00 0.4638
3415.00 0.4711
3420.00 0.4783
3425.00 0.4859
3430.00 0.4927
3435.00 0.4998
3440.00 0.5072
3445.00 0.5136
3450.00 0.5209
3455.00 0.5282
3460.00 0.5337
3465.00 0.5401
3470.00 0.5470
3475.00 0.5530
3480.00 0.5589
3485.00 0.5648
3490.00 0.5706
3495.00 0.5762
3500.00 0.5819
3505.00 0.5876
3510.00 0.5917
3515.00 0.5979
3520.00 0.6017
3525.00 0.6069
3530.00 0.6120
3535.00 0.6165
3540.00 0.6208
3545.00 0.6252
3550.00 0.6295
3555.00 0.6322
3560.00 0.6365
3565.00 0.6403
3570.00 0.6432
3575.00 0.6471
3580.00 0.6500
3585.00 0.6532
3590.00 0.6570
3595.00 0.6595
3600.00 0.6623
3605.00 0.6651
3610.00 0.6679
3615.00 0.6699
3620.00 0.6716
3625.00 0.6739
3630.00 0.6761
3635.00 0.6776
3640.00 0.6795
3645.00 0.6802
3650.00 0.6818
3655.00 0.6831
3660.00 0.6834
3665.00 0.6840
3670.00 0.6854
3675.00 0.6846
3680.00 0.6856
3685.00 0.6859
3690.00 0.6842
3695.00 0.6848
3700.00 0.6851
3705.00 0.6834
3710.00 0.6813
3715.00 0.6808
3720.00 0.6784
3725.00 0.6766
3730.00 0.6741
3735.00 0.6723
3740.00 0.6687
3745.00 0.6654
3750.00 0.6625
3755.00 0.6576
3760.00 0.6533
3765.00 0.6490
3770.00 0.6437
3775.00 0.6379
3780.00 0.6324
3785.00 0.6266
3790.00 0.6190
3795.00 0.6125
3800.00 0.6054
3805.00 0.5970
3810.00 0.5891
3815.00 0.5794
3820.00 0.5707
3825.00 0.5615
3830.00 0.5507
3835.00 0.5402
3840.00 0.5300
3845.00 0.5176
3850.00 0.5062
3855.00 0.4941
3860.00 0.4815
3865.00 0.4680
3870.00 0.4552
3875.00 0.4408
3880.00 0.4266
3885.00 0.4128
3890.00 0.3974
3895.00 0.3824
3900.00 0.3678
3905.00 0.3528
3910.00 0.3372
3915.00 0.3222
3920.00 0.3072
3925.00 0.2917
3930.00 0.2765
3935.00 0.2618
3940.00 0.2471
3945.00 0.2327
3950.00 0.2186
3955.00 0.2045
3960.00 0.1913
3965.00 0.1781
3970.00 0.1657
3975.00 0.1536
3980.00 0.1421
3985.00 0.1308
3990.00 0.1206
3995.00 0.1104
4000.00 0.1011
4005.00 0.0921
4010.00 0.0839
4015.00 0.0760
4020.00 0.0689
4025.00 0.0622
4030.00 0.0560
4035.00 0.0501
4040.00 0.0451
4045.00 0.0401
4050.00 0.0358
4055.00 0.0318
4060.00 0.0282
4065.00 0.0249
4070.00 0.0220
4075.00 0.0193
4080.00 0.0170
4085.00 0.0149
4090.00 0.0130
4095.00 0.0114
4100.00 0.0099
4105.00 0.0086
4110.00 0.0075
4115.00 0.0065
4120.00 0.0056
4125.00 0.0048
4130.00 0.0042
4135.00 0.0036
4140.00 0.0031
4145.00 0.0026
4150.00 0.0023
4155.00 0.0020
4160.00 0.0017
4165.00 0.0014
4170.00 0.0012
4175.00 0.0011
4180.00 0.0009
