7000.00 0.0006
7010.00 0.0010
7020.00 0.0017
7030.00 0.0027
7040.00 0.0043
7050.00 0.0063
7060.00 0.0092
7070.00 0.0131
7080.00 0.0181
7090.00 0.0243
7100.00 0.0321
7110.00 0.0415
7120.00 0.0528
7130.00 0.0656
7140.00 0.0805
7150.00 0.0971
7160.00 0.1158
7170.00 0.1359
7180.00 0.1439
7190.00 0.1816
7200.00 0.2068
7210.00 0.2325
7220.00 0.2594
7230.00 0.2868
7240.00 0.3158
7250.00 0.3436
7260.00 0.3723
7270.00 0.4005
7280.00 0.4293
7290.00 0.4569
7300.00 0.4845
7310.00 0.5115
7320.00 0.5374
7330.00 0.5627
7340.00 0.5864
7350.00 0.6096
7360.00 0.6316
7370.00 0.6534
7380.00 0.6733
7390.00 0.6918
7400.00 0.7090
7410.00 0.7269
7420.00 0.7412
7430.00 0.7571
7440.00 0.7707
7450.00 0.7841
7460.00 0.7966
7470.00 0.8080
7480.00 0.8177
7490.00 0.8298
7500.00 0.8360
7510.00 0.8450
7520.00 0.8527
7530.00 0.8598
7540.00 0.8657
7550.00 0.8732
7560.00 0.8767
7570.00 0.8836
7580.00 0.8877
7590.00 0.8914
7600.00 0.8963
7610.00 0.9004
7620.00 0.9042
7630.00 0.9063
7640.00 0.9092
7650.00 0.9121
7660.00 0.9123
7670.00 0.9158
7680.00 0.9165
7690.00 0.9185
7700.00 0.9222
7710.00 0.9214
7720.00 0.9227
7730.00 0.9259
7740.00 0.9249
7750.00 0.9260
7760.00 0.9267
7770.00 0.9275
7780.00 0.9259
7790.00 0.9290
7800.00 0.9299
7810.00 0.9291
7820.00 0.9320
7830.00 0.9289
7840.00 0.9304
7850.00 0.9314
7860.00 0.9304
7870.00 0.9292
7880.00 0.9317
7890.00 0.9321
7900.00 0.9313
7910.00 0.9320
7920.00 0.9305
7930.00 0.9295
7940.00 0.9301
7950.00 0.9309
7960.00 0.9307
7970.00 0.9308
7980.00 0.9291
7990.00 0.9261
8000.00 0.9284
8010.00 0.9307
8020.00 0.9289
8030.00 0.9278
8040.00 0.9285
8050.00 0.9279
8060.00 0.9279
8070.00 0.9254
8080.00 0.9257
8090.00 0.9281
8100.00 0.9266
8110.00 0.9257
8120.00 0.9228
8130.00 0.9250
8140.00 0.9226
8150.00 0.9236
8160.00 0.9217
8170.00 0.9208
8180.00 0.9217
8190.00 0.9213
8200.00 0.9187
8210.00 0.9207
8220.00 0.9205
8230.00 0.9173
8240.00 0.9201
8250.00 0.9181
8260.00 0.9181
8270.00 0.9163
8280.00 0.9152
8290.00 0.9146
8300.00 0.9142
8310.00 0.9138
8320.00 0.9126
8330.00 0.9101
8340.00 0.9101
8350.00 0.9093
8360.00 0.9090
8370.00 0.9084
8380.00 0.9081
8390.00 0.9019
8400.00 0.9068
8410.00 0.9070
8420.00 0.9032
8430.00 0.9047
8440.00 0.9006
8450.00 0.9034
8460.00 0.9038
8470.00 0.8977
8480.00 0.8977
8490.00 0.9009
8500.00 0.8932
8510.00 0.8972
8520.00 0.8958
8530.00 0.8907
8540.00 0.8956
8550.00 0.8883
8560.00 0.8944
8570.00 0.8866
8580.00 0.8819
8590.00 0.8846
8600.00 0.8858
8610.00 0.8844
8620.00 0.8777
8630.00 0.8793
8640.00 0.8832
8650.00 0.8749
8660.00 0.8772
8670.00 0.8771
8680.00 0.8746
8690.00 0.8671
8700.00 0.8704
8710.00 0.8793
8720.00 0.8730
8730.00 0.8668
8740.00 0.8582
8750.00 0.8640
8760.00 0.8701
8770.00 0.8680
8780.00 0.8625
8790.00 0.8572
8800.00 0.8450
8810.00 0.8516
8820.00 0.8569
8830.00 0.8688
8840.00 0.8560
8850.00 0.8589
8860.00 0.8618
8870.00 0.8581
8880.00 0.8360
8890.00 0.8528
8900.00 0.8355
8910.00 0.8448
8920.00 0.8509
8930.00 0.8401
8940.00 0.8551
8950.00 0.8541
8960.00 0.8240
8970.00 0.8620
8980.00 0.8218
8990.00 0.9240
9000.00 0.8779
