6803.00 0.0007
6804.00 0.0010
6805.00 0.0013
6806.00 0.0019
6807.00 0.0026
6808.00 0.0037
6809.00 0.0053
6810.00 0.0078
6811.00 0.0111
6812.00 0.0153
6813.00 0.0210
6814.00 0.0285
6815.00 0.0365
6816.00 0.0462
6817.00 0.0571
6818.00 0.0699
6819.00 0.0841
6820.00 0.0993
6821.00 0.1162
6822.00 0.1361
6823.00 0.1536
6824.00 0.1728
6825.00 0.1932
6826.00 0.2148
6827.00 0.2352
6828.00 0.2548
6829.00 0.2736
6830.00 0.2911
6831.00 0.3050
6832.00 0.3163
6833.00 0.3252
6834.00 0.3323
6835.00 0.3362
6836.00 0.3367
6837.00 0.3345
6838.00 0.3296
6839.00 0.3221
6840.00 0.3123
6841.00 0.2995
6842.00 0.2844
6843.00 0.2667
6844.00 0.2489
6845.00 0.2286
6846.00 0.2068
6847.00 0.1873
6848.00 0.1684
6849.00 0.1487
6850.00 0.1299
6851.00 0.1127
6852.00 0.0969
6853.00 0.0821
6854.00 0.0684
6855.00 0.0567
6856.00 0.0467
6857.00 0.0376
6858.00 0.0293
6859.00 0.0226
6860.00 0.0173
6861.00 0.0129
6862.00 0.0094
6863.00 0.0072
6864.00 0.0055
6865.00 0.0042
6866.00 0.0033
6867.00 0.0026
6868.00 0.0021
6869.00 0.0017
6870.00 0.0013
6871.00 0.0011
6872.00 0.0009
