6680.00 0.0009
6681.00 0.0010
6682.00 0.0010
6683.00 0.0010
6684.00 0.0011
6685.00 0.0012
6686.00 0.0012
6687.00 0.0012
6688.00 0.0013
6689.00 0.0014
6690.00 0.0015
6691.00 0.0016
6692.00 0.0017
6693.00 0.0017
6694.00 0.0018
6695.00 0.0019
6696.00 0.0020
6697.00 0.0022
6698.00 0.0023
6699.00 0.0024
6700.00 0.0026
6701.00 0.0027
6702.00 0.0028
6703.00 0.0030
6704.00 0.0031
6705.00 0.0033
6706.00 0.0035
6707.00 0.0037
6708.00 0.0040
6709.00 0.0042
6710.00 0.0044
6711.00 0.0047
6712.00 0.0050
6713.00 0.0054
6714.00 0.0056
6715.00 0.0060
6716.00 0.0064
6717.00 0.0068
6718.00 0.0073
6719.00 0.0078
6720.00 0.0083
6721.00 0.0089
6722.00 0.0095
6723.00 0.0102
6724.00 0.0110
6725.00 0.0118
6726.00 0.0125
6727.00 0.0135
6728.00 0.0144
6729.00 0.0157
6730.00 0.0167
6731.00 0.0183
6732.00 0.0197
6733.00 0.0213
6734.00 0.0229
6735.00 0.0248
6736.00 0.0270
6737.00 0.0293
6738.00 0.0318
6739.00 0.0347
6740.00 0.0380
6741.00 0.0415
6742.00 0.0449
6743.00 0.0492
6744.00 0.0538
6745.00 0.0591
6746.00 0.0647
6747.00 0.0714
6748.00 0.0783
6749.00 0.0865
6750.00 0.0947
6751.00 0.1047
6752.00 0.1154
6753.00 0.1276
6754.00 0.1403
6755.00 0.1556
6756.00 0.1726
6757.00 0.1906
6758.00 0.2096
6759.00 0.2306
6760.00 0.2541
6761.00 0.2794
6762.00 0.3061
6763.00 0.3361
6764.00 0.3688
6765.00 0.4013
6766.00 0.4349
6767.00 0.4704
6768.00 0.5089
6769.00 0.5458
6770.00 0.5832
6771.00 0.6195
6772.00 0.6593
6773.00 0.6955
6774.00 0.7285
6775.00 0.7589
6776.00 0.7884
6777.00 0.8165
6778.00 0.8397
6779.00 0.8606
6780.00 0.8816
6781.00 0.8969
6782.00 0.9101
6783.00 0.9195
6784.00 0.9290
6785.00 0.9374
6786.00 0.9413
6787.00 0.9445
6788.00 0.9489
6789.00 0.9478
6790.00 0.9479
6791.00 0.9516
6792.00 0.9502
6793.00 0.9488
6794.00 0.9501
6795.00 0.9470
6796.00 0.9448
6797.00 0.9456
6798.00 0.9442
6799.00 0.9457
6800.00 0.9432
6801.00 0.9421
6802.00 0.9452
6803.00 0.9416
6804.00 0.9402
6805.00 0.9395
6806.00 0.9421
6807.00 0.9391
6808.00 0.9417
6809.00 0.9391
6810.00 0.9387
6811.00 0.9399
6812.00 0.9396
6813.00 0.9370
6814.00 0.9369
6815.00 0.9369
6816.00 0.9367
6817.00 0.9354
6818.00 0.9345
6819.00 0.9341
6820.00 0.9314
6821.00 0.9332
6822.00 0.9312
6823.00 0.9294
6824.00 0.9277
6825.00 0.9310
6826.00 0.9292
6827.00 0.9298
6828.00 0.9302
6829.00 0.9286
6830.00 0.9271
6831.00 0.9277
6832.00 0.9297
6833.00 0.9304
6834.00 0.9277
6835.00 0.9290
6836.00 0.9250
6837.00 0.9265
6838.00 0.9267
6839.00 0.9226
6840.00 0.9199
6841.00 0.9155
6842.00 0.9109
6843.00 0.9035
6844.00 0.8921
6845.00 0.8809
6846.00 0.8694
6847.00 0.8559
6848.00 0.8401
6849.00 0.8162
6850.00 0.7935
6851.00 0.7701
6852.00 0.7425
6853.00 0.7150
6854.00 0.6835
6855.00 0.6529
6856.00 0.6193
6857.00 0.5851
6858.00 0.5511
6859.00 0.5146
6860.00 0.4767
6861.00 0.4465
6862.00 0.4156
6863.00 0.3846
6864.00 0.3539
6865.00 0.3242
6866.00 0.2998
6867.00 0.2744
6868.00 0.2498
6869.00 0.2282
6870.00 0.2076
6871.00 0.1906
6872.00 0.1745
6873.00 0.1586
6874.00 0.1444
6875.00 0.1314
6876.00 0.1201
6877.00 0.1096
6878.00 0.1006
6879.00 0.0918
6880.00 0.0834
6881.00 0.0765
6882.00 0.0706
6883.00 0.0643
6884.00 0.0587
6885.00 0.0539
6886.00 0.0499
6887.00 0.0460
6888.00 0.0423
6889.00 0.0387
6890.00 0.0356
6891.00 0.0331
6892.00 0.0305
6893.00 0.0282
6894.00 0.0262
6895.00 0.0243
6896.00 0.0226
6897.00 0.0209
6898.00 0.0195
6899.00 0.0180
6900.00 0.0167
6901.00 0.0156
6902.00 0.0148
6903.00 0.0138
6904.00 0.0127
6905.00 0.0119
6906.00 0.0112
6907.00 0.0105
6908.00 0.0099
6909.00 0.0092
6910.00 0.0087
6911.00 0.0081
6912.00 0.0076
6913.00 0.0072
6914.00 0.0068
6915.00 0.0064
6916.00 0.0060
6917.00 0.0057
6918.00 0.0054
6919.00 0.0051
6920.00 0.0048
6921.00 0.0045
6922.00 0.0043
6923.00 0.0040
6924.00 0.0038
6925.00 0.0036
6926.00 0.0035
6927.00 0.0033
6928.00 0.0031
6929.00 0.0029
6930.00 0.0028
6931.00 0.0026
6932.00 0.0025
6933.00 0.0024
6934.00 0.0023
6935.00 0.0022
6936.00 0.0020
6937.00 0.0020
6938.00 0.0019
6939.00 0.0018
6940.00 0.0017
6941.00 0.0016
6942.00 0.0015
6943.00 0.0015
6944.00 0.0014
6945.00 0.0013
6946.00 0.0013
6947.00 0.0012
6948.00 0.0012
6949.00 0.0011
6950.00 0.0011
6951.00 0.0010
6952.00 0.0010
6953.00 0.0009
