6672.00 0.0009
6673.00 0.0010
6674.00 0.0011
6675.00 0.0012
6676.00 0.0013
6677.00 0.0015
6678.00 0.0016
6679.00 0.0017
6680.00 0.0019
6681.00 0.0021
6682.00 0.0024
6683.00 0.0026
6684.00 0.0029
6685.00 0.0033
6686.00 0.0037
6687.00 0.0041
6688.00 0.0047
6689.00 0.0053
6690.00 0.0061
6691.00 0.0069
6692.00 0.0080
6693.00 0.0093
6694.00 0.0107
6695.00 0.0124
6696.00 0.0145
6697.00 0.0170
6698.00 0.0201
6699.00 0.0235
6700.00 0.0279
6701.00 0.0332
6702.00 0.0392
6703.00 0.0458
6704.00 0.0539
6705.00 0.0632
6706.00 0.0741
6707.00 0.0856
6708.00 0.0990
6709.00 0.1141
6710.00 0.1297
6711.00 0.1456
6712.00 0.1634
6713.00 0.1824
6714.00 0.2026
6715.00 0.2224
6716.00 0.2439
6717.00 0.2656
6718.00 0.2867
6719.00 0.3066
6720.00 0.3268
6721.00 0.3473
6722.00 0.3667
6723.00 0.3842
6724.00 0.4017
6725.00 0.4178
6726.00 0.4322
6727.00 0.4446
6728.00 0.4556
6729.00 0.4661
6730.00 0.4751
6731.00 0.4824
6732.00 0.4888
6733.00 0.4941
6734.00 0.4985
6735.00 0.5014
6736.00 0.5042
6737.00 0.5060
6738.00 0.5071
6739.00 0.5079
6740.00 0.5082
6741.00 0.5081
6742.00 0.5071
6743.00 0.5063
6744.00 0.5047
6745.00 0.5029
6746.00 0.5001
6747.00 0.4967
6748.00 0.4925
6749.00 0.4873
6750.00 0.4812
6751.00 0.4745
6752.00 0.4666
6753.00 0.4572
6754.00 0.4464
6755.00 0.4351
6756.00 0.4217
6757.00 0.4069
6758.00 0.3916
6759.00 0.3761
6760.00 0.3590
6761.00 0.3410
6762.00 0.3219
6763.00 0.3036
6764.00 0.2840
6765.00 0.2641
6766.00 0.2450
6767.00 0.2270
6768.00 0.2089
6769.00 0.1908
6770.00 0.1730
6771.00 0.1569
6772.00 0.1410
6773.00 0.1257
6774.00 0.1121
6775.00 0.1003
6776.00 0.0888
6777.00 0.0780
6778.00 0.0682
6779.00 0.0600
6780.00 0.0520
6781.00 0.0450
6782.00 0.0390
6783.00 0.0341
6784.00 0.0296
6785.00 0.0256
6786.00 0.0222
6787.00 0.0194
6788.00 0.0167
6789.00 0.0145
6790.00 0.0127
6791.00 0.0111
6792.00 0.0098
6793.00 0.0086
6794.00 0.0075
6795.00 0.0066
6796.00 0.0058
6797.00 0.0051
6798.00 0.0045
6799.00 0.0041
6800.00 0.0036
6801.00 0.0032
6802.00 0.0029
6803.00 0.0026
6804.00 0.0023
6805.00 0.0021
6806.00 0.0019
6807.00 0.0017
6808.00 0.0015
6809.00 0.0014
6810.00 0.0012
6811.00 0.0011
6812.00 0.0010
6813.00 0.0009
