3480.00 0.0009
3482.00 0.0011
3484.00 0.0012
3486.00 0.0014
3488.00 0.0016
3490.00 0.0017
3492.00 0.0020
3494.00 0.0022
3496.00 0.0025
3498.00 0.0028
3500.00 0.0030
3502.00 0.0034
3504.00 0.0038
3506.00 0.0042
3508.00 0.0046
3510.00 0.0050
3512.00 0.0055
3514.00 0.0061
3516.00 0.0067
3518.00 0.0072
3520.00 0.0078
3522.00 0.0086
3524.00 0.0094
3526.00 0.0102
3528.00 0.0110
3530.00 0.0118
3532.00 0.0128
3534.00 0.0138
3536.00 0.0148
3538.00 0.0158
3540.00 0.0168
3542.00 0.0182
3544.00 0.0195
3546.00 0.0208
3548.00 0.0221
3550.00 0.0234
3552.00 0.0250
3554.00 0.0266
3556.00 0.0283
3558.00 0.0299
3560.00 0.0315
3562.00 0.0334
3564.00 0.0352
3566.00 0.0371
3568.00 0.0389
3570.00 0.0408
3572.00 0.0429
3574.00 0.0451
3576.00 0.0473
3578.00 0.0495
3580.00 0.0516
3582.00 0.0541
3584.00 0.0566
3586.00 0.0590
3588.00 0.0615
3590.00 0.0639
3592.00 0.0667
3594.00 0.0695
3596.00 0.0723
3598.00 0.0751
3600.00 0.0779
3602.00 0.0809
3604.00 0.0839
3606.00 0.0869
3608.00 0.0899
3610.00 0.0929
3612.00 0.0960
3614.00 0.0992
3616.00 0.1024
3618.00 0.1055
3620.00 0.1087
3622.00 0.1119
3624.00 0.1151
3626.00 0.1183
3628.00 0.1215
3630.00 0.1247
3632.00 0.1281
3634.00 0.1314
3636.00 0.1347
3638.00 0.1381
3640.00 0.1414
3642.00 0.1450
3644.00 0.1486
3646.00 0.1522
3648.00 0.1558
3650.00 0.1593
3652.00 0.1629
3654.00 0.1664
3656.00 0.1699
3658.00 0.1734
3660.00 0.1769
3662.00 0.1806
3664.00 0.1843
3666.00 0.1880
3668.00 0.1918
3670.00 0.1955
3672.00 0.1970
3674.00 0.1984
3676.00 0.1999
3678.00 0.2013
3680.00 0.2028
3682.00 0.2083
3684.00 0.2139
3686.00 0.2195
3688.00 0.2250
3690.00 0.2306
3692.00 0.2340
3694.00 0.2374
3696.00 0.2408
3698.00 0.2442
3700.00 0.2477
3702.00 0.2511
3704.00 0.2546
3706.00 0.2581
3708.00 0.2615
3710.00 0.2650
3712.00 0.2685
3714.00 0.2721
3716.00 0.2756
3718.00 0.2791
3720.00 0.2827
3722.00 0.2859
3724.00 0.2891
3726.00 0.2924
3728.00 0.2956
3730.00 0.2988
3732.00 0.3022
3734.00 0.3055
3736.00 0.3088
3738.00 0.3121
3740.00 0.3155
3742.00 0.3188
3744.00 0.3222
3746.00 0.3255
3748.00 0.3289
3750.00 0.3322
3752.00 0.3353
3754.00 0.3383
3756.00 0.3414
3758.00 0.3444
3760.00 0.3475
3762.00 0.3506
3764.00 0.3537
3766.00 0.3568
3768.00 0.3600
3770.00 0.3631
3772.00 0.3664
3774.00 0.3698
3776.00 0.3731
3778.00 0.3764
3780.00 0.3797
3782.00 0.3825
3784.00 0.3853
3786.00 0.3880
3788.00 0.3908
3790.00 0.3935
3792.00 0.3964
3794.00 0.3992
3796.00 0.4021
3798.00 0.4050
3800.00 0.4078
3802.00 0.4107
3804.00 0.4136
3806.00 0.4165
3808.00 0.4193
3810.00 0.4222
3812.00 0.4249
3814.00 0.4277
3816.00 0.4304
3818.00 0.4331
3820.00 0.4358
3822.00 0.4382
3824.00 0.4406
3826.00 0.4429
3828.00 0.4453
3830.00 0.4477
3832.00 0.4504
3834.00 0.4532
3836.00 0.4559
3838.00 0.4587
3840.00 0.4615
3842.00 0.4636
3844.00 0.4658
3846.00 0.4679
3848.00 0.4701
3850.00 0.4723
3852.00 0.4744
3854.00 0.4766
3856.00 0.4788
3858.00 0.4810
3860.00 0.4832
3862.00 0.4856
3864.00 0.4880
3866.00 0.4904
3868.00 0.4928
3870.00 0.4953
3872.00 0.4970
3874.00 0.4988
3876.00 0.5006
3878.00 0.5023
3880.00 0.5041
3882.00 0.5059
3884.00 0.5077
3886.00 0.5094
3888.00 0.5112
3890.00 0.5130
3892.00 0.5152
3894.00 0.5173
3896.00 0.5195
3898.00 0.5216
3900.00 0.5237
3902.00 0.5253
3904.00 0.5269
3906.00 0.5285
3908.00 0.5300
3910.00 0.5316
3912.00 0.5330
3914.00 0.5344
3916.00 0.5358
3918.00 0.5372
3920.00 0.5386
3922.00 0.5405
3924.00 0.5424
3926.00 0.5443
3928.00 0.5462
3930.00 0.5481
3932.00 0.5496
3934.00 0.5512
3936.00 0.5527
3938.00 0.5543
3940.00 0.5558
3942.00 0.5569
3944.00 0.5580
3946.00 0.5591
3948.00 0.5601
3950.00 0.5612
3952.00 0.5627
3954.00 0.5643
3956.00 0.5658
3958.00 0.5673
3960.00 0.5689
3962.00 0.5700
3964.00 0.5712
3966.00 0.5724
3968.00 0.5736
3970.00 0.5748
3972.00 0.5757
3974.00 0.5767
3976.00 0.5776
3978.00 0.5786
3980.00 0.5795
3982.00 0.5809
3984.00 0.5822
3986.00 0.5836
3988.00 0.5849
3990.00 0.5863
3992.00 0.5873
3994.00 0.5883
3996.00 0.5894
3998.00 0.5904
4000.00 0.5914
4002.00 0.5923
4004.00 0.5931
4006.00 0.5940
4008.00 0.5948
4010.00 0.5957
4012.00 0.5970
4014.00 0.5983
4016.00 0.5995
4018.00 0.6008
4020.00 0.6021
4022.00 0.6029
4024.00 0.6037
4026.00 0.6045
4028.00 0.6053
4030.00 0.6061
4032.00 0.6066
4034.00 0.6072
4036.00 0.6078
4038.00 0.6084
4040.00 0.6089
4042.00 0.6102
4044.00 0.6114
4046.00 0.6127
4048.00 0.6139
4050.00 0.6151
4052.00 0.6160
4054.00 0.6169
4056.00 0.6177
4058.00 0.6186
4060.00 0.6194
4062.00 0.6200
4064.00 0.6205
4066.00 0.6211
4068.00 0.6216
4070.00 0.6222
4072.00 0.6229
4074.00 0.6236
4076.00 0.6243
4078.00 0.6250
4080.00 0.6257
4082.00 0.6264
4084.00 0.6271
4086.00 0.6279
4088.00 0.6286
4090.00 0.6294
4092.00 0.6300
4094.00 0.6306
4096.00 0.6312
4098.00 0.6319
4100.00 0.6325
4102.00 0.6332
4104.00 0.6339
4106.00 0.6346
4108.00 0.6352
4110.00 0.6359
4112.00 0.6366
4114.00 0.6373
4116.00 0.6380
4118.00 0.6387
4120.00 0.6394
4122.00 0.6397
4124.00 0.6399
4126.00 0.6402
4128.00 0.6405
4130.00 0.6408
4132.00 0.6415
4134.00 0.6423
4136.00 0.6431
4138.00 0.6439
4140.00 0.6447
4142.00 0.6454
4144.00 0.6461
4146.00 0.6468
4148.00 0.6476
4150.00 0.6483
4152.00 0.6483
4154.00 0.6483
4156.00 0.6484
4158.00 0.6484
4160.00 0.6484
4162.00 0.6492
4164.00 0.6500
4166.00 0.6507
4168.00 0.6515
4170.00 0.6523
4172.00 0.6528
4174.00 0.6534
4176.00 0.6539
4178.00 0.6545
4180.00 0.6550
4182.00 0.6554
4184.00 0.6557
4186.00 0.6560
4188.00 0.6563
4190.00 0.6566
4192.00 0.6570
4194.00 0.6575
4196.00 0.6579
4198.00 0.6584
4200.00 0.6589
4202.00 0.6594
4204.00 0.6599
4206.00 0.6604
4208.00 0.6609
4210.00 0.6614
4212.00 0.6614
4214.00 0.6614
4216.00 0.6613
4218.00 0.6613
4220.00 0.6613
4222.00 0.6615
4224.00 0.6617
4226.00 0.6619
4228.00 0.6621
4230.00 0.6623
4232.00 0.6627
4234.00 0.6631
4236.00 0.6634
4238.00 0.6638
4240.00 0.6641
4242.00 0.6640
4244.00 0.6639
4246.00 0.6638
4248.00 0.6637
4250.00 0.6636
4252.00 0.6639
4254.00 0.6641
4256.00 0.6644
4258.00 0.6646
4260.00 0.6649
4262.00 0.6651
4264.00 0.6654
4266.00 0.6657
4268.00 0.6659
4270.00 0.6662
4272.00 0.6661
4274.00 0.6660
4276.00 0.6659
4278.00 0.6658
4280.00 0.6657
4282.00 0.6659
4284.00 0.6661
4286.00 0.6663
4288.00 0.6665
4290.00 0.6667
4292.00 0.6670
4294.00 0.6673
4296.00 0.6675
4298.00 0.6678
4300.00 0.6681
4302.00 0.6679
4304.00 0.6678
4306.00 0.6676
4308.00 0.6675
4310.00 0.6673
4312.00 0.6672
4314.00 0.6670
4316.00 0.6669
4318.00 0.6667
4320.00 0.6666
4322.00 0.6668
4324.00 0.6669
4326.00 0.6671
4328.00 0.6673
4330.00 0.6675
4332.00 0.6673
4334.00 0.6671
4336.00 0.6669
4338.00 0.6668
4340.00 0.6666
4342.00 0.6664
4344.00 0.6662
4346.00 0.6660
4348.00 0.6658
4350.00 0.6656
4352.00 0.6657
4354.00 0.6658
4356.00 0.6659
4358.00 0.6659
4360.00 0.6660
4362.00 0.6657
4364.00 0.6653
4366.00 0.6650
4368.00 0.6646
4370.00 0.6643
4372.00 0.6642
4374.00 0.6641
4376.00 0.6641
4378.00 0.6640
4380.00 0.6639
4382.00 0.6640
4384.00 0.6640
4386.00 0.6641
4388.00 0.6642
4390.00 0.6643
4392.00 0.6638
4394.00 0.6634
4396.00 0.6630
4398.00 0.6626
4400.00 0.6622
4402.00 0.6619
4404.00 0.6617
4406.00 0.6614
4408.00 0.6612
4410.00 0.6610
4412.00 0.6610
4414.00 0.6611
4416.00 0.6612
4418.00 0.6612
4420.00 0.6613
4422.00 0.6609
4424.00 0.6605
4426.00 0.6600
4428.00 0.6596
4430.00 0.6592
4432.00 0.6585
4434.00 0.6578
4436.00 0.6571
4438.00 0.6565
4440.00 0.6558
4442.00 0.6558
4444.00 0.6557
4446.00 0.6557
4448.00 0.6557
4450.00 0.6556
4452.00 0.6548
4454.00 0.6539
4456.00 0.6530
4458.00 0.6522
4460.00 0.6513
4462.00 0.6507
4464.00 0.6500
4466.00 0.6494
4468.00 0.6488
4470.00 0.6482
4472.00 0.6478
4474.00 0.6474
4476.00 0.6471
4478.00 0.6467
4480.00 0.6463
4482.00 0.6456
4484.00 0.6450
4486.00 0.6443
4488.00 0.6436
4490.00 0.6429
4492.00 0.6422
4494.00 0.6415
4496.00 0.6407
4498.00 0.6400
4500.00 0.6393
4502.00 0.6388
4504.00 0.6383
4506.00 0.6378
4508.00 0.6373
4510.00 0.6367
4512.00 0.6359
4514.00 0.6350
4516.00 0.6342
4518.00 0.6333
4520.00 0.6325
4522.00 0.6317
4524.00 0.6310
4526.00 0.6303
4528.00 0.6296
4530.00 0.6289
4532.00 0.6286
4534.00 0.6282
4536.00 0.6279
4538.00 0.6276
4540.00 0.6272
4542.00 0.6264
4544.00 0.6256
4546.00 0.6247
4548.00 0.6239
4550.00 0.6231
4552.00 0.6218
4554.00 0.6205
4556.00 0.6191
4558.00 0.6178
4560.00 0.6165
4562.00 0.6159
4564.00 0.6152
4566.00 0.6145
4568.00 0.6139
4570.00 0.6132
4572.00 0.6121
4574.00 0.6110
4576.00 0.6100
4578.00 0.6089
4580.00 0.6078
4582.00 0.6064
4584.00 0.6051
4586.00 0.6037
4588.00 0.6023
4590.00 0.6009
4592.00 0.6000
4594.00 0.5992
4596.00 0.5983
4598.00 0.5975
4600.00 0.5967
4602.00 0.5951
4604.00 0.5935
4606.00 0.5920
4608.00 0.5904
4610.00 0.5889
4612.00 0.5873
4614.00 0.5856
4616.00 0.5840
4618.00 0.5824
4620.00 0.5808
4622.00 0.5795
4624.00 0.5782
4626.00 0.5769
4628.00 0.5756
4630.00 0.5743
4632.00 0.5724
4634.00 0.5706
4636.00 0.5687
4638.00 0.5668
4640.00 0.5649
4642.00 0.5628
4644.00 0.5607
4646.00 0.5586
4648.00 0.5565
4650.00 0.5544
4652.00 0.5525
4654.00 0.5507
4656.00 0.5489
4658.00 0.5471
4660.00 0.5453
4662.00 0.5431
4664.00 0.5408
4666.00 0.5385
4668.00 0.5362
4670.00 0.5339
4672.00 0.5313
4674.00 0.5287
4676.00 0.5261
4678.00 0.5235
4680.00 0.5209
4682.00 0.5187
4684.00 0.5166
4686.00 0.5144
4688.00 0.5123
4690.00 0.5101
4692.00 0.5074
4694.00 0.5047
4696.00 0.5020
4698.00 0.4992
4700.00 0.4965
4702.00 0.4938
4704.00 0.4910
4706.00 0.4883
4708.00 0.4855
4710.00 0.4828
4712.00 0.4804
4714.00 0.4780
4716.00 0.4756
4718.00 0.4732
4720.00 0.4708
4722.00 0.4681
4724.00 0.4654
4726.00 0.4627
4728.00 0.4599
4730.00 0.4572
4732.00 0.4543
4734.00 0.4513
4736.00 0.4484
4738.00 0.4455
4740.00 0.4425
4742.00 0.4399
4744.00 0.4373
4746.00 0.4348
4748.00 0.4322
4750.00 0.4296
4752.00 0.4268
4754.00 0.4240
4756.00 0.4213
4758.00 0.4185
4760.00 0.4157
4762.00 0.4128
4764.00 0.4098
4766.00 0.4069
4768.00 0.4039
4770.00 0.4010
4772.00 0.3984
4774.00 0.3958
4776.00 0.3932
4778.00 0.3906
4780.00 0.3880
4782.00 0.3850
4784.00 0.3821
4786.00 0.3792
4788.00 0.3763
4790.00 0.3733
4792.00 0.3702
4794.00 0.3671
4796.00 0.3640
4798.00 0.3609
4800.00 0.3579
4802.00 0.3551
4804.00 0.3523
4806.00 0.3495
4808.00 0.3467
4810.00 0.3439
4812.00 0.3411
4814.00 0.3383
4816.00 0.3355
4818.00 0.3326
4820.00 0.3298
4822.00 0.3268
4824.00 0.3237
4826.00 0.3207
4828.00 0.3176
4830.00 0.3146
4832.00 0.3119
4834.00 0.3092
4836.00 0.3064
4838.00 0.3037
4840.00 0.3010
4842.00 0.2983
4844.00 0.2956
4846.00 0.2929
4848.00 0.2902
4850.00 0.2875
4852.00 0.2847
4854.00 0.2819
4856.00 0.2791
4858.00 0.2763
4860.00 0.2735
4862.00 0.2709
4864.00 0.2683
4866.00 0.2657
4868.00 0.2631
4870.00 0.2605
4872.00 0.2580
4874.00 0.2555
4876.00 0.2530
4878.00 0.2506
4880.00 0.2481
4882.00 0.2456
4884.00 0.2430
4886.00 0.2405
4888.00 0.2380
4890.00 0.2355
4892.00 0.2332
4894.00 0.2309
4896.00 0.2287
4898.00 0.2264
4900.00 0.2241
4902.00 0.2220
4904.00 0.2199
4906.00 0.2178
4908.00 0.2157
4910.00 0.2136
4912.00 0.2114
4914.00 0.2092
4916.00 0.2071
4918.00 0.2049
4920.00 0.2027
4922.00 0.2008
4924.00 0.1989
4926.00 0.1970
4928.00 0.1951
4930.00 0.1932
4932.00 0.1915
4934.00 0.1898
4936.00 0.1880
4938.00 0.1863
4940.00 0.1846
4942.00 0.1828
4944.00 0.1810
4946.00 0.1792
4948.00 0.1774
4950.00 0.1756
4952.00 0.1740
4954.00 0.1725
4956.00 0.1709
4958.00 0.1694
4960.00 0.1678
4962.00 0.1663
4964.00 0.1649
4966.00 0.1634
4968.00 0.1619
4970.00 0.1604
4972.00 0.1589
4974.00 0.1574
4976.00 0.1558
4978.00 0.1543
4980.00 0.1528
4982.00 0.1514
4984.00 0.1500
4986.00 0.1485
4988.00 0.1471
4990.00 0.1457
4992.00 0.1442
4994.00 0.1428
4996.00 0.1414
4998.00 0.1400
5000.00 0.1385
5002.00 0.1370
5004.00 0.1354
5006.00 0.1338
5008.00 0.1322
5010.00 0.1307
5012.00 0.1291
5014.00 0.1275
5016.00 0.1259
5018.00 0.1243
5020.00 0.1227
5022.00 0.1212
5024.00 0.1197
5026.00 0.1181
5028.00 0.1166
5030.00 0.1151
5032.00 0.1134
5034.00 0.1117
5036.00 0.1101
5038.00 0.1084
5040.00 0.1068
5042.00 0.1052
5044.00 0.1036
5046.00 0.1021
5048.00 0.1005
5050.00 0.0989
5052.00 0.0975
5054.00 0.0960
5056.00 0.0946
5058.00 0.0931
5060.00 0.0917
5062.00 0.0902
5064.00 0.0888
5066.00 0.0874
5068.00 0.0860
5070.00 0.0846
5072.00 0.0832
5074.00 0.0819
5076.00 0.0806
5078.00 0.0793
5080.00 0.0780
5082.00 0.0769
5084.00 0.0758
5086.00 0.0746
5088.00 0.0735
5090.00 0.0724
5092.00 0.0713
5094.00 0.0702
5096.00 0.0691
5098.00 0.0680
5100.00 0.0668
5102.00 0.0659
5104.00 0.0649
5106.00 0.0639
5108.00 0.0629
5110.00 0.0620
5112.00 0.0610
5114.00 0.0601
5116.00 0.0592
5118.00 0.0583
5120.00 0.0574
5122.00 0.0565
5124.00 0.0556
5126.00 0.0547
5128.00 0.0538
5130.00 0.0529
5132.00 0.0520
5134.00 0.0512
5136.00 0.0504
5138.00 0.0495
5140.00 0.0487
5142.00 0.0479
5144.00 0.0471
5146.00 0.0464
5148.00 0.0456
5150.00 0.0448
5152.00 0.0440
5154.00 0.0432
5156.00 0.0425
5158.00 0.0417
5160.00 0.0409
5162.00 0.0402
5164.00 0.0395
5166.00 0.0388
5168.00 0.0381
5170.00 0.0374
5172.00 0.0367
5174.00 0.0360
5176.00 0.0353
5178.00 0.0347
5180.00 0.0340
5182.00 0.0334
5184.00 0.0327
5186.00 0.0321
5188.00 0.0315
5190.00 0.0308
5192.00 0.0302
5194.00 0.0296
5196.00 0.0290
5198.00 0.0284
5200.00 0.0277
5202.00 0.0272
5204.00 0.0266
5206.00 0.0261
5208.00 0.0255
5210.00 0.0250
5212.00 0.0245
5214.00 0.0239
5216.00 0.0234
5218.00 0.0229
5220.00 0.0224
5222.00 0.0219
5224.00 0.0215
5226.00 0.0210
5228.00 0.0205
5230.00 0.0200
5232.00 0.0196
5234.00 0.0192
5236.00 0.0188
5238.00 0.0184
5240.00 0.0180
5242.00 0.0176
5244.00 0.0172
5246.00 0.0168
5248.00 0.0164
5250.00 0.0160
5252.00 0.0157
5254.00 0.0154
5256.00 0.0151
5258.00 0.0148
5260.00 0.0144
5262.00 0.0141
5264.00 0.0138
5266.00 0.0135
5268.00 0.0132
5270.00 0.0129
5272.00 0.0127
5274.00 0.0124
5276.00 0.0122
5278.00 0.0119
5280.00 0.0117
5282.00 0.0115
5284.00 0.0112
5286.00 0.0110
5288.00 0.0108
5290.00 0.0106
5292.00 0.0104
5294.00 0.0102
5296.00 0.0100
5298.00 0.0098
5300.00 0.0097
5302.00 0.0095
5304.00 0.0093
5306.00 0.0092
5308.00 0.0090
5310.00 0.0089
5312.00 0.0087
5314.00 0.0086
5316.00 0.0085
5318.00 0.0083
5320.00 0.0082
5322.00 0.0081
5324.00 0.0080
5326.00 0.0078
5328.00 0.0077
5330.00 0.0076
5332.00 0.0075
5334.00 0.0074
5336.00 0.0073
5338.00 0.0072
5340.00 0.0072
5342.00 0.0071
5344.00 0.0070
5346.00 0.0069
5348.00 0.0068
5350.00 0.0067
5352.00 0.0067
5354.00 0.0066
5356.00 0.0066
5358.00 0.0065
5360.00 0.0064
5362.00 0.0064
5364.00 0.0063
5366.00 0.0063
5368.00 0.0062
5370.00 0.0062
5372.00 0.0062
5374.00 0.0061
5376.00 0.0061
5378.00 0.0060
5380.00 0.0060
5382.00 0.0060
5384.00 0.0059
5386.00 0.0059
5388.00 0.0059
5390.00 0.0059
5392.00 0.0058
5394.00 0.0058
5396.00 0.0058
5398.00 0.0058
5400.00 0.0058
5402.00 0.0058
5404.00 0.0058
5406.00 0.0057
5408.00 0.0057
5410.00 0.0057
5412.00 0.0057
5414.00 0.0057
5416.00 0.0057
5418.00 0.0058
5420.00 0.0058
5422.00 0.0058
5424.00 0.0058
5426.00 0.0058
5428.00 0.0058
5430.00 0.0058
5432.00 0.0058
5434.00 0.0059
5436.00 0.0059
5438.00 0.0059
5440.00 0.0059
5442.00 0.0060
5444.00 0.0060
5446.00 0.0061
5448.00 0.0061
5450.00 0.0061
5452.00 0.0062
5454.00 0.0062
5456.00 0.0063
5458.00 0.0063
5460.00 0.0064
5462.00 0.0065
5464.00 0.0065
5466.00 0.0066
5468.00 0.0066
5470.00 0.0067
5472.00 0.0068
5474.00 0.0069
5476.00 0.0070
5478.00 0.0070
5480.00 0.0071
5482.00 0.0072
5484.00 0.0073
5486.00 0.0074
5488.00 0.0075
5490.00 0.0076
5492.00 0.0077
5494.00 0.0078
5496.00 0.0079
5498.00 0.0079
5500.00 0.0080
5502.00 0.0081
5504.00 0.0083
5506.00 0.0084
5508.00 0.0085
5510.00 0.0086
5512.00 0.0087
5514.00 0.0088
5516.00 0.0089
5518.00 0.0091
5520.00 0.0092
5522.00 0.0093
5524.00 0.0094
5526.00 0.0095
5528.00 0.0096
5530.00 0.0097
5532.00 0.0098
5534.00 0.0099
5536.00 0.0100
5538.00 0.0102
5540.00 0.0103
5542.00 0.0104
5544.00 0.0105
5546.00 0.0106
5548.00 0.0107
5550.00 0.0108
5552.00 0.0109
5554.00 0.0110
5556.00 0.0110
5558.00 0.0111
5560.00 0.0112
5562.00 0.0113
5564.00 0.0113
5566.00 0.0114
5568.00 0.0115
5570.00 0.0115
5572.00 0.0116
5574.00 0.0116
5576.00 0.0116
5578.00 0.0117
5580.00 0.0117
5582.00 0.0118
5584.00 0.0118
5586.00 0.0118
5588.00 0.0118
5590.00 0.0118
5592.00 0.0118
5594.00 0.0118
5596.00 0.0118
5598.00 0.0118
5600.00 0.0118
5602.00 0.0118
5604.00 0.0118
5606.00 0.0117
5608.00 0.0117
5610.00 0.0117
5612.00 0.0116
5614.00 0.0115
5616.00 0.0115
5618.00 0.0114
5620.00 0.0114
5622.00 0.0113
5624.00 0.0112
5626.00 0.0112
5628.00 0.0111
5630.00 0.0110
5632.00 0.0109
5634.00 0.0108
5636.00 0.0108
5638.00 0.0107
5640.00 0.0106
5642.00 0.0105
5644.00 0.0104
5646.00 0.0103
5648.00 0.0101
5650.00 0.0100
5652.00 0.0099
5654.00 0.0098
5656.00 0.0097
5658.00 0.0095
5660.00 0.0094
5662.00 0.0093
5664.00 0.0092
5666.00 0.0090
5668.00 0.0089
5670.00 0.0088
5672.00 0.0087
5674.00 0.0087
5676.00 0.0086
5678.00 0.0085
5680.00 0.0085
5682.00 0.0083
5684.00 0.0080
5686.00 0.0078
5688.00 0.0076
5690.00 0.0074
5692.00 0.0072
5694.00 0.0071
5696.00 0.0069
5698.00 0.0068
5700.00 0.0066
5702.00 0.0065
5704.00 0.0064
5706.00 0.0062
5708.00 0.0061
5710.00 0.0059
5712.00 0.0058
5714.00 0.0056
5716.00 0.0055
5718.00 0.0053
5720.00 0.0052
5722.00 0.0051
5724.00 0.0049
5726.00 0.0048
5728.00 0.0046
5730.00 0.0045
5732.00 0.0044
5734.00 0.0043
5736.00 0.0041
5738.00 0.0040
5740.00 0.0039
5742.00 0.0038
5744.00 0.0037
5746.00 0.0035
5748.00 0.0034
5750.00 0.0033
5752.00 0.0032
5754.00 0.0031
5756.00 0.0030
5758.00 0.0029
5760.00 0.0028
5762.00 0.0027
5764.00 0.0026
5766.00 0.0025
5768.00 0.0024
5770.00 0.0023
5772.00 0.0022
5774.00 0.0022
5776.00 0.0021
5778.00 0.0020
5780.00 0.0019
5782.00 0.0019
5784.00 0.0018
5786.00 0.0017
5788.00 0.0017
5790.00 0.0016
5792.00 0.0015
5794.00 0.0015
5796.00 0.0014
5798.00 0.0014
5800.00 0.0013
5802.00 0.0013
5804.00 0.0012
5806.00 0.0012
5808.00 0.0011
5810.00 0.0011
5812.00 0.0010
5814.00 0.0010
5816.00 0.0009
