4550.00 0.0009
4552.00 0.0010
4554.00 0.0011
4556.00 0.0012
4558.00 0.0013
4560.00 0.0015
4562.00 0.0016
4564.00 0.0018
4566.00 0.0020
4568.00 0.0022
4570.00 0.0025
4572.00 0.0028
4574.00 0.0031
4576.00 0.0035
4578.00 0.0039
4580.00 0.0044
4582.00 0.0049
4584.00 0.0056
4586.00 0.0063
4588.00 0.0072
4590.00 0.0082
4592.00 0.0093
4594.00 0.0107
4596.00 0.0123
4598.00 0.0143
4600.00 0.0165
4602.00 0.0192
4604.00 0.0224
4606.00 0.0264
4608.00 0.0308
4610.00 0.0365
4612.00 0.0433
4614.00 0.0514
4616.00 0.0611
4618.00 0.0732
4620.00 0.0876
4622.00 0.1050
4624.00 0.1247
4626.00 0.1486
4628.00 0.1769
4630.00 0.2091
4632.00 0.2435
4634.00 0.2833
4636.00 0.3253
4638.00 0.3704
4640.00 0.4152
4642.00 0.4621
4644.00 0.5079
4646.00 0.5517
4648.00 0.5918
4650.00 0.6289
4652.00 0.6622
4654.00 0.6905
4656.00 0.7138
4658.00 0.7330
4660.00 0.7481
4662.00 0.7594
4664.00 0.7672
4666.00 0.7733
4668.00 0.7777
4670.00 0.7793
4672.00 0.7797
4674.00 0.7793
4676.00 0.7779
4678.00 0.7745
4680.00 0.7718
4682.00 0.7678
4684.00 0.7613
4686.00 0.7564
4688.00 0.7502
4690.00 0.7422
4692.00 0.7349
4694.00 0.7268
4696.00 0.7174
4698.00 0.7086
4700.00 0.6996
4702.00 0.6890
4704.00 0.6800
4706.00 0.6694
4708.00 0.6567
4710.00 0.6442
4712.00 0.6313
4714.00 0.6149
4716.00 0.5972
4718.00 0.5776
4720.00 0.5554
4722.00 0.5306
4724.00 0.5037
4726.00 0.4731
4728.00 0.4426
4730.00 0.4104
4732.00 0.3754
4734.00 0.3416
4736.00 0.3099
4738.00 0.2760
4740.00 0.2451
4742.00 0.2161
4744.00 0.1895
4746.00 0.1648
4748.00 0.1429
4750.00 0.1231
4752.00 0.1062
4754.00 0.0914
4756.00 0.0784
4758.00 0.0671
4760.00 0.0582
4762.00 0.0497
4764.00 0.0429
4766.00 0.0372
4768.00 0.0323
4770.00 0.0279
4772.00 0.0244
4774.00 0.0213
4776.00 0.0187
4778.00 0.0164
4780.00 0.0145
4782.00 0.0127
4784.00 0.0114
4786.00 0.0101
4788.00 0.0090
4790.00 0.0080
4792.00 0.0072
4794.00 0.0065
4796.00 0.0058
4798.00 0.0052
4800.00 0.0047
4802.00 0.0043
4804.00 0.0039
4806.00 0.0035
4808.00 0.0032
4810.00 0.0030
4812.00 0.0027
4814.00 0.0025
4816.00 0.0023
4818.00 0.0021
4820.00 0.0019
4822.00 0.0018
4824.00 0.0016
4826.00 0.0015
4828.00 0.0014
4830.00 0.0013
4832.00 0.0012
4834.00 0.0011
4836.00 0.0010
4838.00 0.0010
4840.00 0.0009
