6565.00 0.0009
6570.00 0.0010
6575.00 0.0011
6580.00 0.0012
6585.00 0.0013
6590.00 0.0014
6595.00 0.0016
6600.00 0.0017
6605.00 0.0019
6610.00 0.0021
6615.00 0.0022
6620.00 0.0024
6625.00 0.0027
6630.00 0.0030
6635.00 0.0032
6640.00 0.0035
6645.00 0.0039
6650.00 0.0043
6655.00 0.0047
6660.00 0.0052
6665.00 0.0057
6670.00 0.0063
6675.00 0.0070
6680.00 0.0078
6685.00 0.0086
6690.00 0.0096
6695.00 0.0106
6700.00 0.0120
6705.00 0.0133
6710.00 0.0148
6715.00 0.0165
6720.00 0.0184
6725.00 0.0202
6730.00 0.0226
6735.00 0.0248
6740.00 0.0276
6745.00 0.0305
6750.00 0.0337
6755.00 0.0370
6760.00 0.0409
6765.00 0.0447
6770.00 0.0493
6775.00 0.0536
6780.00 0.0589
6785.00 0.0641
6790.00 0.0701
6795.00 0.0760
6800.00 0.0829
6805.00 0.0897
6810.00 0.0979
6815.00 0.1057
6820.00 0.1149
6825.00 0.1241
6830.00 0.1347
6835.00 0.1451
6840.00 0.1570
6845.00 0.1689
6850.00 0.1827
6855.00 0.1958
6860.00 0.2111
6865.00 0.2257
6870.00 0.2425
6875.00 0.2590
6880.00 0.2769
6885.00 0.2943
6890.00 0.3142
6895.00 0.3325
6900.00 0.3526
6905.00 0.3722
6910.00 0.3936
6915.00 0.4124
6920.00 0.4333
6925.00 0.4532
6930.00 0.4744
6935.00 0.4931
6940.00 0.5133
6945.00 0.5309
6950.00 0.5512
6955.00 0.5681
6960.00 0.5859
6965.00 0.6027
6970.00 0.6193
6975.00 0.6335
6980.00 0.6492
6985.00 0.6635
6990.00 0.6768
6995.00 0.6904
7000.00 0.7014
7005.00 0.7130
7010.00 0.7265
7015.00 0.7356
7020.00 0.7459
7025.00 0.7566
7030.00 0.7656
7035.00 0.7736
7040.00 0.7827
7045.00 0.7907
7050.00 0.7992
7055.00 0.8048
7060.00 0.8133
7065.00 0.8174
7070.00 0.8240
7075.00 0.8293
7080.00 0.8341
7085.00 0.8381
7090.00 0.8429
7095.00 0.8452
7100.00 0.8505
7105.00 0.8539
7110.00 0.8563
7115.00 0.8594
7120.00 0.8642
7125.00 0.8657
7130.00 0.8681
7135.00 0.8718
7140.00 0.8745
7145.00 0.8777
7150.00 0.8808
7155.00 0.8845
7160.00 0.8878
7165.00 0.8926
7170.00 0.8948
7175.00 0.8992
7180.00 0.9040
7185.00 0.9081
7190.00 0.9084
7195.00 0.9181
7200.00 0.9218
7205.00 0.9265
7210.00 0.9322
7215.00 0.9359
7220.00 0.9398
7225.00 0.9447
7230.00 0.9495
7235.00 0.9514
7240.00 0.9569
7245.00 0.9580
7250.00 0.9625
7255.00 0.9626
7260.00 0.9637
7265.00 0.9651
7270.00 0.9635
7275.00 0.9629
7280.00 0.9611
7285.00 0.9600
7290.00 0.9572
7295.00 0.9544
7300.00 0.9518
7305.00 0.9479
7310.00 0.9433
7315.00 0.9415
7320.00 0.9369
7325.00 0.9331
7330.00 0.9294
7335.00 0.9265
7340.00 0.9219
7345.00 0.9203
7350.00 0.9169
7355.00 0.9141
7360.00 0.9147
7365.00 0.9120
7370.00 0.9129
7375.00 0.9141
7380.00 0.9142
7385.00 0.9148
7390.00 0.9171
7395.00 0.9191
7400.00 0.9210
7405.00 0.9246
7410.00 0.9288
7415.00 0.9308
7420.00 0.9371
7425.00 0.9391
7430.00 0.9431
7435.00 0.9490
7440.00 0.9530
7445.00 0.9562
7450.00 0.9602
7455.00 0.9646
7460.00 0.9674
7465.00 0.9703
7470.00 0.9725
7475.00 0.9739
7480.00 0.9760
7485.00 0.9776
7490.00 0.9779
7495.00 0.9765
7500.00 0.9774
7505.00 0.9759
7510.00 0.9752
7515.00 0.9732
7520.00 0.9701
7525.00 0.9684
7530.00 0.9666
7535.00 0.9650
7540.00 0.9620
7545.00 0.9591
7550.00 0.9565
7555.00 0.9553
7560.00 0.9558
7565.00 0.9528
7570.00 0.9513
7575.00 0.9516
7580.00 0.9499
7585.00 0.9510
7590.00 0.9505
7595.00 0.9511
7600.00 0.9524
7605.00 0.9544
7610.00 0.9547
7615.00 0.9566
7620.00 0.9588
7625.00 0.9605
7630.00 0.9647
7635.00 0.9672
7640.00 0.9700
7645.00 0.9708
7650.00 0.9753
7655.00 0.9747
7660.00 0.9768
7665.00 0.9795
7670.00 0.9791
7675.00 0.9795
7680.00 0.9806
7685.00 0.9808
7690.00 0.9815
7695.00 0.9805
7700.00 0.9783
7705.00 0.9752
7710.00 0.9751
7715.00 0.9702
7720.00 0.9668
7725.00 0.9648
7730.00 0.9620
7735.00 0.9555
7740.00 0.9531
7745.00 0.9490
7750.00 0.9441
7755.00 0.9418
7760.00 0.9391
7765.00 0.9361
7770.00 0.9339
7775.00 0.9284
7780.00 0.9269
7785.00 0.9264
7790.00 0.9270
7795.00 0.9245
7800.00 0.9251
7805.00 0.9268
7810.00 0.9267
7815.00 0.9279
7820.00 0.9310
7825.00 0.9339
7830.00 0.9365
7835.00 0.9375
7840.00 0.9416
7845.00 0.9467
7850.00 0.9499
7855.00 0.9538
7860.00 0.9568
7865.00 0.9612
7870.00 0.9638
7875.00 0.9698
7880.00 0.9753
7885.00 0.9745
7890.00 0.9785
7895.00 0.9801
7900.00 0.9828
7905.00 0.9843
7910.00 0.9871
7915.00 0.9841
7920.00 0.9843
7925.00 0.9850
7930.00 0.9819
7935.00 0.9775
7940.00 0.9783
7945.00 0.9746
7950.00 0.9662
7955.00 0.9656
7960.00 0.9604
7965.00 0.9548
7970.00 0.9506
7975.00 0.9441
7980.00 0.9395
7985.00 0.9351
7990.00 0.9311
7995.00 0.9278
8000.00 0.9235
8005.00 0.9204
8010.00 0.9155
8015.00 0.9116
8020.00 0.9120
8025.00 0.9086
8030.00 0.9058
8035.00 0.9064
8040.00 0.9057
8045.00 0.9076
8050.00 0.9079
8055.00 0.9095
8060.00 0.9104
8065.00 0.9155
8070.00 0.9180
8075.00 0.9217
8080.00 0.9244
8085.00 0.9269
8090.00 0.9344
8095.00 0.9365
8100.00 0.9411
8105.00 0.9491
8110.00 0.9546
8115.00 0.9564
8120.00 0.9612
8125.00 0.9665
8130.00 0.9679
8135.00 0.9722
8140.00 0.9751
8145.00 0.9786
8150.00 0.9793
8155.00 0.9805
8160.00 0.9815
8165.00 0.9803
8170.00 0.9827
8175.00 0.9785
8180.00 0.9783
8185.00 0.9741
8190.00 0.9718
8195.00 0.9676
8200.00 0.9632
8205.00 0.9577
8210.00 0.9528
8215.00 0.9500
8220.00 0.9442
8225.00 0.9395
8230.00 0.9357
8235.00 0.9301
8240.00 0.9243
8245.00 0.9203
8250.00 0.9157
8255.00 0.9123
8260.00 0.9086
8265.00 0.9046
8270.00 0.9024
8275.00 0.8986
8280.00 0.8999
8285.00 0.8947
8290.00 0.8959
8295.00 0.8959
8300.00 0.8957
8305.00 0.8957
8310.00 0.8975
8315.00 0.8987
8320.00 0.9031
8325.00 0.9050
8330.00 0.9070
8335.00 0.9118
8340.00 0.9136
8345.00 0.9192
8350.00 0.9224
8355.00 0.9262
8360.00 0.9286
8365.00 0.9362
8370.00 0.9392
8375.00 0.9397
8380.00 0.9475
8385.00 0.9499
8390.00 0.9490
8395.00 0.9549
8400.00 0.9543
8405.00 0.9553
8410.00 0.9608
8415.00 0.9562
8420.00 0.9630
8425.00 0.9597
8430.00 0.9596
8435.00 0.9581
8440.00 0.9603
8445.00 0.9513
8450.00 0.9497
8455.00 0.9442
8460.00 0.9401
8465.00 0.9392
8470.00 0.9313
8475.00 0.9299
8480.00 0.9207
8485.00 0.9161
8490.00 0.9100
8495.00 0.8979
8500.00 0.8923
8505.00 0.8888
8510.00 0.8794
8515.00 0.8691
8520.00 0.8590
8525.00 0.8577
8530.00 0.8442
8535.00 0.8393
8540.00 0.8377
8545.00 0.8170
8550.00 0.8152
8555.00 0.8040
8560.00 0.8042
8565.00 0.7917
8570.00 0.7879
8575.00 0.7764
8580.00 0.7724
8585.00 0.7634
8590.00 0.7598
8595.00 0.7494
8600.00 0.7448
8605.00 0.7422
8610.00 0.7361
8615.00 0.7320
8620.00 0.7214
8625.00 0.7112
8630.00 0.7045
8635.00 0.6870
8640.00 0.6730
8645.00 0.6449
8650.00 0.6195
8655.00 0.6032
8660.00 0.5682
8665.00 0.5295
8670.00 0.4904
8675.00 0.4510
8680.00 0.4050
8685.00 0.3696
8690.00 0.3217
8695.00 0.2843
8700.00 0.2436
8705.00 0.2153
8710.00 0.1818
8715.00 0.1550
8720.00 0.1325
8725.00 0.1127
8730.00 0.0951
8735.00 0.0819
8740.00 0.0673
8745.00 0.0570
8750.00 0.0498
8755.00 0.0415
8760.00 0.0362
8765.00 0.0321
8770.00 0.0257
8775.00 0.0228
8780.00 0.0190
8785.00 0.0167
8790.00 0.0151
8795.00 0.0127
8800.00 0.0099
8805.00 0.0100
8810.00 0.0086
8815.00 0.0077
8820.00 0.0073
8825.00 0.0057
8830.00 0.0042
8835.00 0.0042
8840.00 0.0042
8845.00 0.0035
8850.00 0.0033
8855.00 0.0023
8860.00 0.0019
8865.00 0.0018
8870.00 0.0018
8875.00 0.0015
8880.00 0.0013
8885.00 0.0014
8890.00 0.0015
8895.00 0.0013
8900.00 0.0010
8905.00 0.0016
8910.00 0.0014
8915.00 0.0006
