6610.00 0.0009
6612.00 0.0010
6614.00 0.0011
6616.00 0.0012
6618.00 0.0013
6620.00 0.0015
6622.00 0.0017
6624.00 0.0019
6626.00 0.0021
6628.00 0.0024
6630.00 0.0027
6632.00 0.0030
6634.00 0.0034
6636.00 0.0039
6638.00 0.0044
6640.00 0.0050
6642.00 0.0057
6644.00 0.0065
6646.00 0.0076
6648.00 0.0087
6650.00 0.0101
6652.00 0.0118
6654.00 0.0138
6656.00 0.0163
6658.00 0.0193
6660.00 0.0231
6662.00 0.0278
6664.00 0.0333
6666.00 0.0404
6668.00 0.0491
6670.00 0.0604
6672.00 0.0736
6674.00 0.0899
6676.00 0.1101
6678.00 0.1357
6680.00 0.1635
6682.00 0.1971
6684.00 0.2367
6686.00 0.2821
6688.00 0.3292
6690.00 0.3816
6692.00 0.4368
6694.00 0.4941
6696.00 0.5478
6698.00 0.5984
6700.00 0.6474
6702.00 0.6919
6704.00 0.7276
6706.00 0.7566
6708.00 0.7804
6710.00 0.7982
6712.00 0.8098
6714.00 0.8188
6716.00 0.8240
6718.00 0.8286
6720.00 0.8298
6722.00 0.8334
6724.00 0.8370
6726.00 0.8396
6728.00 0.8432
6730.00 0.8471
6732.00 0.8506
6734.00 0.8527
6736.00 0.8537
6738.00 0.8532
6740.00 0.8506
6742.00 0.8472
6744.00 0.8418
6746.00 0.8380
6748.00 0.8342
6750.00 0.8289
6752.00 0.8246
6754.00 0.8205
6756.00 0.8151
6758.00 0.8053
6760.00 0.7920
6762.00 0.7744
6764.00 0.7473
6766.00 0.7153
6768.00 0.6747
6770.00 0.6296
6772.00 0.5770
6774.00 0.5200
6776.00 0.4641
6778.00 0.4085
6780.00 0.3535
6782.00 0.3007
6784.00 0.2559
6786.00 0.2147
6788.00 0.1787
6790.00 0.1474
6792.00 0.1224
6794.00 0.1009
6796.00 0.0835
6798.00 0.0686
6800.00 0.0570
6802.00 0.0476
6804.00 0.0395
6806.00 0.0328
6808.00 0.0277
6810.00 0.0233
6812.00 0.0197
6814.00 0.0166
6816.00 0.0143
6818.00 0.0122
6820.00 0.0105
6822.00 0.0090
6824.00 0.0078
6826.00 0.0068
6828.00 0.0060
6830.00 0.0052
6832.00 0.0046
6834.00 0.0041
6836.00 0.0036
6838.00 0.0032
6840.00 0.0029
6842.00 0.0026
6844.00 0.0023
6846.00 0.0021
6848.00 0.0018
6850.00 0.0017
6852.00 0.0015
6854.00 0.0013
6856.00 0.0012
6858.00 0.0011
6860.00 0.0010
6862.00 0.0009
