3570.00 0.0007
3575.00 0.0010
3580.00 0.0013
3585.00 0.0017
3590.00 0.0022
3595.00 0.0029
3600.00 0.0036
3605.00 0.0046
3610.00 0.0057
3615.00 0.0069
3620.00 0.0082
3625.00 0.0098
3630.00 0.0114
3635.00 0.0134
3640.00 0.0154
3645.00 0.0180
3650.00 0.0206
3655.00 0.0242
3660.00 0.0278
3665.00 0.0324
3670.00 0.0370
3675.00 0.0392
3680.00 0.0414
3685.00 0.0526
3690.00 0.0638
3695.00 0.0722
3700.00 0.0806
3705.00 0.0896
3710.00 0.0987
3715.00 0.1076
3720.00 0.1166
3725.00 0.1253
3730.00 0.1339
3735.00 0.1424
3740.00 0.1509
3745.00 0.1599
3750.00 0.1689
3755.00 0.1785
3760.00 0.1880
3765.00 0.1983
3770.00 0.2086
3775.00 0.2203
3780.00 0.2321
3785.00 0.2447
3790.00 0.2574
3795.00 0.2710
3800.00 0.2846
3805.00 0.2985
3810.00 0.3124
3815.00 0.3267
3820.00 0.3410
3825.00 0.3553
3830.00 0.3696
3835.00 0.3830
3840.00 0.3965
3845.00 0.4098
3850.00 0.4230
3855.00 0.4346
3860.00 0.4461
3865.00 0.4566
3870.00 0.4670
3875.00 0.4769
3880.00 0.4869
3885.00 0.4946
3890.00 0.5023
3895.00 0.5088
3900.00 0.5153
3905.00 0.5213
3910.00 0.5273
3915.00 0.5324
3920.00 0.5375
3925.00 0.5420
3930.00 0.5464
3935.00 0.5516
3940.00 0.5567
3945.00 0.5610
3950.00 0.5654
3955.00 0.5695
3960.00 0.5736
3965.00 0.5780
3970.00 0.5824
3975.00 0.5864
3980.00 0.5904
3985.00 0.5942
3990.00 0.5981
3995.00 0.6017
4000.00 0.6053
4005.00 0.6087
4010.00 0.6120
4015.00 0.6147
4020.00 0.6174
4025.00 0.6199
4030.00 0.6225
4035.00 0.6258
4040.00 0.6292
4045.00 0.6320
4050.00 0.6348
4055.00 0.6383
4060.00 0.6419
4065.00 0.6457
4070.00 0.6496
4075.00 0.6532
4080.00 0.6569
4085.00 0.6618
4090.00 0.6668
4095.00 0.6719
4100.00 0.6771
4105.00 0.6814
4110.00 0.6858
4115.00 0.6909
4120.00 0.6960
4125.00 0.7007
4130.00 0.7055
4135.00 0.7097
4140.00 0.7139
4145.00 0.7181
4150.00 0.7222
4155.00 0.7258
4160.00 0.7294
4165.00 0.7320
4170.00 0.7346
4175.00 0.7365
4180.00 0.7384
4185.00 0.7405
4190.00 0.7426
4195.00 0.7431
4200.00 0.7436
4205.00 0.7442
4210.00 0.7449
4215.00 0.7453
4220.00 0.7457
4225.00 0.7459
4230.00 0.7460
4235.00 0.7464
4240.00 0.7469
4245.00 0.7472
4250.00 0.7476
4255.00 0.7480
4260.00 0.7484
4265.00 0.7496
4270.00 0.7509
4275.00 0.7524
4280.00 0.7540
4285.00 0.7556
4290.00 0.7573
4295.00 0.7595
4300.00 0.7616
4305.00 0.7641
4310.00 0.7665
4315.00 0.7686
4320.00 0.7706
4325.00 0.7729
4330.00 0.7753
4335.00 0.7776
4340.00 0.7798
4345.00 0.7809
4350.00 0.7820
4355.00 0.7828
4360.00 0.7836
4365.00 0.7839
4370.00 0.7843
4375.00 0.7834
4380.00 0.7826
4385.00 0.7817
4390.00 0.7808
4395.00 0.7796
4400.00 0.7783
4405.00 0.7765
4410.00 0.7746
4415.00 0.7728
4420.00 0.7711
4425.00 0.7696
4430.00 0.7681
4435.00 0.7660
4440.00 0.7639
4445.00 0.7626
4450.00 0.7614
4455.00 0.7609
4460.00 0.7603
4465.00 0.7600
4470.00 0.7598
4475.00 0.7596
4480.00 0.7594
4485.00 0.7597
4490.00 0.7600
4495.00 0.7606
4500.00 0.7613
4505.00 0.7622
4510.00 0.7630
4515.00 0.7649
4520.00 0.7668
4525.00 0.7676
4530.00 0.7684
4535.00 0.7697
4540.00 0.7711
4545.00 0.7723
4550.00 0.7734
4555.00 0.7740
4560.00 0.7745
4565.00 0.7751
4570.00 0.7757
4575.00 0.7764
4580.00 0.7772
4585.00 0.7777
4590.00 0.7783
4595.00 0.7782
4600.00 0.7782
4605.00 0.7784
4610.00 0.7787
4615.00 0.7782
4620.00 0.7776
4625.00 0.7777
4630.00 0.7778
4635.00 0.7790
4640.00 0.7802
4645.00 0.7806
4650.00 0.7810
4655.00 0.7816
4660.00 0.7822
4665.00 0.7839
4670.00 0.7857
4675.00 0.7872
4680.00 0.7888
4685.00 0.7909
4690.00 0.7931
4695.00 0.7956
4700.00 0.7981
4705.00 0.8005
4710.00 0.8028
4715.00 0.8044
4720.00 0.8059
4725.00 0.8076
4730.00 0.8093
4735.00 0.8106
4740.00 0.8118
4745.00 0.8114
4750.00 0.8110
4755.00 0.8098
4760.00 0.8086
4765.00 0.8052
4770.00 0.8019
4775.00 0.7975
4780.00 0.7930
4785.00 0.7885
4790.00 0.7840
4795.00 0.7779
4800.00 0.7718
4805.00 0.7653
4810.00 0.7588
4815.00 0.7518
4820.00 0.7448
4825.00 0.7399
4830.00 0.7350
4835.00 0.7302
4840.00 0.7255
4845.00 0.7231
4850.00 0.7207
4855.00 0.7198
4860.00 0.7190
4865.00 0.7199
4870.00 0.7208
4875.00 0.7251
4880.00 0.7294
4885.00 0.7353
4890.00 0.7412
4895.00 0.7481
4900.00 0.7550
4905.00 0.7634
4910.00 0.7718
4915.00 0.7788
4920.00 0.7857
4925.00 0.7890
4930.00 0.7922
4935.00 0.7896
4940.00 0.7870
4945.00 0.7757
4950.00 0.7645
4955.00 0.7429
4960.00 0.7214
4965.00 0.6915
4970.00 0.6617
4975.00 0.6259
4980.00 0.5902
4985.00 0.5511
4990.00 0.5120
4995.00 0.4741
5000.00 0.4362
5005.00 0.4022
5010.00 0.3682
5015.00 0.3381
5020.00 0.3080
5025.00 0.2825
5030.00 0.2571
5035.00 0.2361
5040.00 0.2152
5045.00 0.1978
5050.00 0.1803
5055.00 0.1661
5060.00 0.1519
5065.00 0.1401
5070.00 0.1284
5075.00 0.1185
5080.00 0.1086
5085.00 0.1004
5090.00 0.0922
5095.00 0.0853
5100.00 0.0783
5105.00 0.0724
5110.00 0.0664
5115.00 0.0613
5120.00 0.0561
5125.00 0.0518
5130.00 0.0475
5135.00 0.0437
5140.00 0.0399
5145.00 0.0367
5150.00 0.0336
5155.00 0.0308
5160.00 0.0280
5165.00 0.0257
5170.00 0.0234
5175.00 0.0214
5180.00 0.0194
5185.00 0.0178
5190.00 0.0162
5195.00 0.0148
5200.00 0.0134
5205.00 0.0123
5210.00 0.0112
5215.00 0.0103
5220.00 0.0094
5225.00 0.0086
5230.00 0.0078
5235.00 0.0072
5240.00 0.0066
5245.00 0.0061
5250.00 0.0056
5255.00 0.0052
5260.00 0.0048
5265.00 0.0044
5270.00 0.0041
5275.00 0.0038
5280.00 0.0035
5285.00 0.0033
5290.00 0.0030
5295.00 0.0028
5300.00 0.0026
5305.00 0.0025
5310.00 0.0023
5315.00 0.0022
5320.00 0.0020
5325.00 0.0019
5330.00 0.0018
5335.00 0.0017
5340.00 0.0016
5345.00 0.0016
5350.00 0.0015
5355.00 0.0014
5360.00 0.0013
5365.00 0.0013
5370.00 0.0012
5375.00 0.0012
5380.00 0.0011
5385.00 0.0011
5390.00 0.0011
5395.00 0.0010
5400.00 0.0010
5405.00 0.0010
5410.00 0.0009
