6494.00 0.0008
6495.00 0.0010
6496.00 0.0011
6497.00 0.0013
6498.00 0.0013
6499.00 0.0016
6500.00 0.0018
6501.00 0.0021
6502.00 0.0023
6503.00 0.0028
6504.00 0.0033
6505.00 0.0039
6506.00 0.0046
6507.00 0.0057
6508.00 0.0068
6509.00 0.0084
6510.00 0.0104
6511.00 0.0133
6512.00 0.0166
6513.00 0.0212
6514.00 0.0276
6515.00 0.0353
6516.00 0.0474
6517.00 0.0629
6518.00 0.0842
6519.00 0.1140
6520.00 0.1503
6521.00 0.1945
6522.00 0.2498
6523.00 0.3137
6524.00 0.3865
6525.00 0.4517
6526.00 0.5184
6527.00 0.5679
6528.00 0.6053
6529.00 0.6208
6530.00 0.6333
6531.00 0.6321
6532.00 0.6186
6533.00 0.6096
6534.00 0.5946
6535.00 0.5868
6536.00 0.5770
6537.00 0.5722
6538.00 0.5665
6539.00 0.5736
6540.00 0.5723
6541.00 0.5723
6542.00 0.5809
6543.00 0.5890
6544.00 0.5870
6545.00 0.5983
6546.00 0.6065
6547.00 0.6218
6548.00 0.6213
6549.00 0.6287
6550.00 0.6386
6551.00 0.6433
6552.00 0.6526
6553.00 0.6462
6554.00 0.6485
6555.00 0.6479
6556.00 0.6503
6557.00 0.6438
6558.00 0.6385
6559.00 0.6278
6560.00 0.6252
6561.00 0.6176
6562.00 0.6013
6563.00 0.5927
6564.00 0.5848
6565.00 0.5717
6566.00 0.5697
6567.00 0.5606
6568.00 0.5564
6569.00 0.5567
6570.00 0.5565
6571.00 0.5616
6572.00 0.5671
6573.00 0.5835
6574.00 0.5961
6575.00 0.6079
6576.00 0.6168
6577.00 0.6284
6578.00 0.6301
6579.00 0.6139
6580.00 0.5799
6581.00 0.5362
6582.00 0.4882
6583.00 0.4265
6584.00 0.3656
6585.00 0.3085
6586.00 0.2533
6587.00 0.2015
6588.00 0.1570
6589.00 0.1215
6590.00 0.0932
6591.00 0.0709
6592.00 0.0551
6593.00 0.0439
6594.00 0.0350
6595.00 0.0287
6596.00 0.0232
6597.00 0.0191
6598.00 0.0158
6599.00 0.0129
6600.00 0.0108
6601.00 0.0091
6602.00 0.0077
6603.00 0.0063
6604.00 0.0054
6605.00 0.0045
6606.00 0.0039
6607.00 0.0030
6608.00 0.0027
6609.00 0.0023
6610.00 0.0019
6611.00 0.0017
6612.00 0.0015
6613.00 0.0012
6614.00 0.0011
6615.00 0.0009
