4005.00 0.0008
4010.00 0.0012
4015.00 0.0018
4020.00 0.0026
4025.00 0.0037
4030.00 0.0052
4035.00 0.0072
4040.00 0.0099
4045.00 0.0134
4050.00 0.0180
4055.00 0.0238
4060.00 0.0309
4065.00 0.0395
4070.00 0.0493
4075.00 0.0601
4080.00 0.0714
4085.00 0.0829
4090.00 0.0943
4095.00 0.1048
4100.00 0.1143
4105.00 0.1235
4110.00 0.1321
4115.00 0.1406
4120.00 0.1492
4125.00 0.1586
4130.00 0.1693
4135.00 0.1809
4140.00 0.1941
4145.00 0.2094
4150.00 0.2270
4155.00 0.2469
4160.00 0.2682
4165.00 0.2916
4170.00 0.3165
4175.00 0.3413
4180.00 0.3659
4185.00 0.3893
4190.00 0.4106
4195.00 0.4288
4200.00 0.4430
4205.00 0.4536
4210.00 0.4613
4215.00 0.4662
4220.00 0.4691
4225.00 0.4710
4230.00 0.4727
4235.00 0.4750
4240.00 0.4786
4245.00 0.4839
4250.00 0.4911
4255.00 0.5003
4260.00 0.5120
4265.00 0.5252
4270.00 0.5399
4275.00 0.5571
4280.00 0.5745
4285.00 0.5927
4290.00 0.6109
4295.00 0.6279
4300.00 0.6426
4305.00 0.6569
4310.00 0.6677
4315.00 0.6765
4320.00 0.6830
4325.00 0.6871
4330.00 0.6895
4335.00 0.6908
4340.00 0.6906
4345.00 0.6905
4350.00 0.6909
4355.00 0.6911
4360.00 0.6931
4365.00 0.6955
4370.00 0.6995
4375.00 0.7039
4380.00 0.7098
4385.00 0.7164
4390.00 0.7231
4395.00 0.7310
4400.00 0.7385
4405.00 0.7457
4410.00 0.7523
4415.00 0.7577
4420.00 0.7626
4425.00 0.7665
4430.00 0.7691
4435.00 0.7708
4440.00 0.7720
4445.00 0.7719
4450.00 0.7718
4455.00 0.7723
4460.00 0.7721
4465.00 0.7723
4470.00 0.7738
4475.00 0.7753
4480.00 0.7768
4485.00 0.7801
4490.00 0.7827
4495.00 0.7867
4500.00 0.7916
4505.00 0.7963
4510.00 0.8011
4515.00 0.8062
4520.00 0.8102
4525.00 0.8138
4530.00 0.8176
4535.00 0.8195
4540.00 0.8213
4545.00 0.8223
4550.00 0.8226
4555.00 0.8225
4560.00 0.8215
4565.00 0.8211
4570.00 0.8193
4575.00 0.8192
4580.00 0.8185
4585.00 0.8179
4590.00 0.8183
4595.00 0.8188
4600.00 0.8204
4605.00 0.8229
4610.00 0.8254
4615.00 0.8279
4620.00 0.8310
4625.00 0.8350
4630.00 0.8384
4635.00 0.8420
4640.00 0.8461
4645.00 0.8487
4650.00 0.8515
4655.00 0.8538
4660.00 0.8556
4665.00 0.8571
4670.00 0.8577
4675.00 0.8578
4680.00 0.8575
4685.00 0.8575
4690.00 0.8564
4695.00 0.8553
4700.00 0.8551
4705.00 0.8536
4710.00 0.8537
4715.00 0.8532
4720.00 0.8528
4725.00 0.8535
4730.00 0.8544
4735.00 0.8549
4740.00 0.8564
4745.00 0.8579
4750.00 0.8599
4755.00 0.8617
4760.00 0.8645
4765.00 0.8667
4770.00 0.8692
4775.00 0.8713
4780.00 0.8727
4785.00 0.8750
4790.00 0.8773
4795.00 0.8788
4800.00 0.8797
4805.00 0.8816
4810.00 0.8829
4815.00 0.8840
4820.00 0.8852
4825.00 0.8858
4830.00 0.8861
4835.00 0.8876
4840.00 0.8875
4845.00 0.8886
4850.00 0.8895
4855.00 0.8900
4860.00 0.8912
4865.00 0.8916
4870.00 0.8923
4875.00 0.8926
4880.00 0.8935
4885.00 0.8936
4890.00 0.8938
4895.00 0.8934
4900.00 0.8922
4905.00 0.8916
4910.00 0.8913
4915.00 0.8898
4920.00 0.8886
4925.00 0.8874
4930.00 0.8862
4935.00 0.8847
4940.00 0.8837
4945.00 0.8832
4950.00 0.8816
4955.00 0.8814
4960.00 0.8819
4965.00 0.8821
4970.00 0.8830
4975.00 0.8836
4980.00 0.8856
4985.00 0.8865
4990.00 0.8888
4995.00 0.8901
5000.00 0.8922
5005.00 0.8937
5010.00 0.8953
5015.00 0.8963
5020.00 0.8968
5025.00 0.8968
5030.00 0.8966
5035.00 0.8955
5040.00 0.8946
5045.00 0.8926
5050.00 0.8903
5055.00 0.8872
5060.00 0.8841
5065.00 0.8812
5070.00 0.8780
5075.00 0.8744
5080.00 0.8718
5085.00 0.8693
5090.00 0.8666
5095.00 0.8655
5100.00 0.8642
5105.00 0.8644
5110.00 0.8643
5115.00 0.8651
5120.00 0.8667
5125.00 0.8688
5130.00 0.8708
5135.00 0.8741
5140.00 0.8779
5145.00 0.8803
5150.00 0.8832
5155.00 0.8864
5160.00 0.8883
5165.00 0.8907
5170.00 0.8916
5175.00 0.8920
5180.00 0.8911
5185.00 0.8908
5190.00 0.8885
5195.00 0.8856
5200.00 0.8827
5205.00 0.8802
5210.00 0.8758
5215.00 0.8725
5220.00 0.8685
5225.00 0.8651
5230.00 0.8620
5235.00 0.8595
5240.00 0.8569
5245.00 0.8561
5250.00 0.8549
5255.00 0.8545
5260.00 0.8553
5265.00 0.8561
5270.00 0.8573
5275.00 0.8595
5280.00 0.8608
5285.00 0.8623
5290.00 0.8646
5295.00 0.8660
5300.00 0.8667
5305.00 0.8671
5310.00 0.8673
5315.00 0.8660
5320.00 0.8652
5325.00 0.8638
5330.00 0.8618
5335.00 0.8595
5340.00 0.8575
5345.00 0.8554
5350.00 0.8534
5355.00 0.8517
5360.00 0.8502
5365.00 0.8482
5370.00 0.8468
5375.00 0.8447
5380.00 0.8428
5385.00 0.8393
5390.00 0.8347
5395.00 0.8292
5400.00 0.8223
5405.00 0.8137
5410.00 0.8038
5415.00 0.7929
5420.00 0.7819
5425.00 0.7703
5430.00 0.7612
5435.00 0.7536
5440.00 0.7492
5445.00 0.7479
5450.00 0.7492
5455.00 0.7525
5460.00 0.7535
5465.00 0.7485
5470.00 0.7285
5475.00 0.6863
5480.00 0.6224
5485.00 0.5359
5490.00 0.4370
5495.00 0.3398
5500.00 0.2537
5505.00 0.1825
5510.00 0.1292
5515.00 0.0897
5520.00 0.0636
5525.00 0.0447
5530.00 0.0318
5535.00 0.0230
5540.00 0.0169
5545.00 0.0125
5550.00 0.0093
5555.00 0.0070
5560.00 0.0054
5565.00 0.0042
5570.00 0.0032
5575.00 0.0025
5580.00 0.0020
5585.00 0.0016
5590.00 0.0013
5595.00 0.0010
5600.00 0.0008
