8135.00 0.0009
8140.00 0.0010
8145.00 0.0011
8150.00 0.0012
8155.00 0.0014
8160.00 0.0016
8165.00 0.0018
8170.00 0.0020
8175.00 0.0023
8180.00 0.0026
8185.00 0.0029
8190.00 0.0033
8195.00 0.0036
8200.00 0.0041
8205.00 0.0046
8210.00 0.0052
8215.00 0.0058
8220.00 0.0064
8225.00 0.0071
8230.00 0.0080
8235.00 0.0088
8240.00 0.0099
8245.00 0.0111
8250.00 0.0124
8255.00 0.0138
8260.00 0.0153
8265.00 0.0169
8270.00 0.0188
8275.00 0.0210
8280.00 0.0231
8285.00 0.0257
8290.00 0.0284
8295.00 0.0312
8300.00 0.0346
8305.00 0.0379
8310.00 0.0418
8315.00 0.0458
8320.00 0.0503
8325.00 0.0550
8330.00 0.0597
8335.00 0.0653
8340.00 0.0712
8345.00 0.0773
8350.00 0.0841
8355.00 0.0909
8360.00 0.0994
8365.00 0.1066
8370.00 0.1148
8375.00 0.1233
8380.00 0.1324
8385.00 0.1418
8390.00 0.1521
8395.00 0.1618
8400.00 0.1715
8405.00 0.1835
8410.00 0.1944
8415.00 0.2059
8420.00 0.2177
8425.00 0.2300
8430.00 0.2430
8435.00 0.2555
8440.00 0.2687
8445.00 0.2814
8450.00 0.2953
8455.00 0.3073
8460.00 0.3208
8465.00 0.3350
8470.00 0.3488
8475.00 0.3619
8480.00 0.3752
8485.00 0.3874
8490.00 0.4021
8495.00 0.4162
8500.00 0.4285
8505.00 0.4403
8510.00 0.4559
8515.00 0.4660
8520.00 0.4805
8525.00 0.4971
8530.00 0.5029
8535.00 0.5160
8540.00 0.5322
8545.00 0.5411
8550.00 0.5520
8555.00 0.5593
8560.00 0.5751
8565.00 0.5842
8570.00 0.6007
8575.00 0.6076
8580.00 0.6143
8585.00 0.6210
8590.00 0.6336
8595.00 0.6485
8600.00 0.6505
8605.00 0.6642
8610.00 0.6698
8615.00 0.6748
8620.00 0.6890
8625.00 0.6938
8630.00 0.7063
8635.00 0.7128
8640.00 0.7145
8645.00 0.7248
8650.00 0.7371
8655.00 0.7352
8660.00 0.7415
8665.00 0.7487
8670.00 0.7544
8675.00 0.7618
8680.00 0.7658
8685.00 0.7777
8690.00 0.7791
8695.00 0.7781
8700.00 0.7788
8705.00 0.7912
8710.00 0.7921
8715.00 0.7976
8720.00 0.8117
8725.00 0.8013
8730.00 0.8084
8735.00 0.8181
8740.00 0.8128
8745.00 0.8266
8750.00 0.8233
8755.00 0.8348
8760.00 0.8322
8765.00 0.8301
8770.00 0.8299
8775.00 0.8430
8780.00 0.8500
8785.00 0.8629
8790.00 0.8519
8795.00 0.8526
8800.00 0.8437
8805.00 0.8558
8810.00 0.8525
8815.00 0.8547
8820.00 0.8492
8825.00 0.8568
8830.00 0.8688
8835.00 0.8756
8840.00 0.8800
8845.00 0.8738
8850.00 0.8736
8855.00 0.8841
8860.00 0.8703
8865.00 0.8684
8870.00 0.8962
8875.00 0.8618
8880.00 0.8838
8885.00 0.8932
8890.00 0.8883
8895.00 0.8818
8900.00 0.9044
8905.00 0.8907
8910.00 0.8793
8915.00 0.9047
8920.00 0.9156
8925.00 0.8997
8930.00 0.8904
8935.00 0.8879
8940.00 0.9018
8945.00 0.9123
8950.00 0.9061
8955.00 0.8890
8960.00 0.8885
8965.00 0.8756
8970.00 0.9149
8975.00 0.8757
8980.00 0.9269
8985.00 0.8902
8990.00 0.8577
8995.00 0.8995
9000.00 0.9161
