4872.00 0.0009
4872.50 0.0011
4873.00 0.0013
4873.50 0.0014
4874.00 0.0016
4874.50 0.0017
4875.00 0.0019
4875.50 0.0021
4876.00 0.0022
4876.50 0.0024
4877.00 0.0025
4877.50 0.0027
4878.00 0.0029
4878.50 0.0030
4879.00 0.0032
4879.50 0.0034
4880.00 0.0035
4880.50 0.0069
4881.00 0.0104
4881.50 0.0138
4882.00 0.0172
4882.50 0.0206
4883.00 0.0240
4883.50 0.0275
4884.00 0.0309
4884.50 0.0343
4885.00 0.0377
4885.50 0.0411
4886.00 0.0446
4886.50 0.0480
4887.00 0.0514
4887.50 0.0548
4888.00 0.0582
4888.50 0.0617
4889.00 0.0651
4889.50 0.0685
4890.00 0.0719
4890.50 0.0797
4891.00 0.0875
4891.50 0.0953
4892.00 0.1031
4892.50 0.1110
4893.00 0.1188
4893.50 0.1266
4894.00 0.1344
4894.50 0.1422
4895.00 0.1500
4895.50 0.1578
4896.00 0.1656
4896.50 0.1734
4897.00 0.1812
4897.50 0.1890
4898.00 0.1968
4898.50 0.2046
4899.00 0.2124
4899.50 0.2202
4900.00 0.2280
4900.50 0.2280
4901.00 0.2280
4901.50 0.2280
4902.00 0.2280
4902.50 0.2280
4903.00 0.2280
4903.50 0.2279
4904.00 0.2279
4904.50 0.2279
4905.00 0.2279
4905.50 0.2279
4906.00 0.2279
4906.50 0.2279
4907.00 0.2279
4907.50 0.2278
4908.00 0.2278
4908.50 0.2278
4909.00 0.2278
4909.50 0.2278
4910.00 0.2278
4910.50 0.2203
4911.00 0.2127
4911.50 0.2052
4912.00 0.1977
4912.50 0.1902
4913.00 0.1827
4913.50 0.1751
4914.00 0.1676
4914.50 0.1601
4915.00 0.1526
4915.50 0.1451
4916.00 0.1375
4916.50 0.1300
4917.00 0.1225
4917.50 0.1150
4918.00 0.1075
4918.50 0.0999
4919.00 0.0924
4919.50 0.0849
4920.00 0.0774
4920.50 0.0738
4921.00 0.0703
4921.50 0.0668
4922.00 0.0632
4922.50 0.0597
4923.00 0.0561
4923.50 0.0526
4924.00 0.0491
4924.50 0.0455
4925.00 0.0420
4925.50 0.0384
4926.00 0.0349
4926.50 0.0314
4927.00 0.0278
4927.50 0.0243
4928.00 0.0207
4928.50 0.0172
4929.00 0.0137
4929.50 0.0101
4930.00 0.0066
4930.50 0.0063
4931.00 0.0059
4931.50 0.0056
4932.00 0.0053
4932.50 0.0050
4933.00 0.0047
4933.50 0.0044
4934.00 0.0041
4934.50 0.0038
4935.00 0.0035
4935.50 0.0032
4936.00 0.0028
4936.50 0.0025
4937.00 0.0022
4937.50 0.0019
4938.00 0.0016
4938.50 0.0013
4939.00 0.0010
4939.50 0.0007
