7040.00 0.0006
7050.00 0.0011
7060.00 0.0019
7070.00 0.0030
7080.00 0.0048
7090.00 0.0072
7100.00 0.0106
7110.00 0.0151
7120.00 0.0210
7130.00 0.0282
7140.00 0.0373
7150.00 0.0479
7160.00 0.0610
7170.00 0.0752
7180.00 0.0812
7190.00 0.1104
7200.00 0.1313
7210.00 0.1530
7220.00 0.1762
7230.00 0.2008
7240.00 0.2273
7250.00 0.2537
7260.00 0.2812
7270.00 0.3096
7280.00 0.3385
7290.00 0.3668
7300.00 0.3954
7310.00 0.4227
7320.00 0.4493
7330.00 0.4766
7340.00 0.5033
7350.00 0.5276
7360.00 0.5535
7370.00 0.5768
7380.00 0.5989
7390.00 0.6211
7400.00 0.6415
7410.00 0.6600
7420.00 0.6786
7430.00 0.6958
7440.00 0.7108
7450.00 0.7258
7460.00 0.7402
7470.00 0.7533
7480.00 0.7653
7490.00 0.7765
7500.00 0.7847
7510.00 0.7950
7520.00 0.8013
7530.00 0.8073
7540.00 0.8155
7550.00 0.8201
7560.00 0.8244
7570.00 0.8289
7580.00 0.8328
7590.00 0.8361
7600.00 0.8380
7610.00 0.8395
7620.00 0.8408
7630.00 0.8422
7640.00 0.8446
7650.00 0.8453
7660.00 0.8459
7670.00 0.8458
7680.00 0.8435
7690.00 0.8444
7700.00 0.8448
7710.00 0.8448
7720.00 0.8439
7730.00 0.8446
7740.00 0.8440
7750.00 0.8432
7760.00 0.8422
7770.00 0.8434
7780.00 0.8427
7790.00 0.8423
7800.00 0.8421
7810.00 0.8426
7820.00 0.8442
7830.00 0.8423
7840.00 0.8424
7850.00 0.8434
7860.00 0.8415
7870.00 0.8429
7880.00 0.8424
7890.00 0.8427
7900.00 0.8417
7910.00 0.8406
7920.00 0.8408
7930.00 0.8424
7940.00 0.8426
7950.00 0.8387
7960.00 0.8405
7970.00 0.8410
7980.00 0.8378
7990.00 0.8364
8000.00 0.8359
8010.00 0.8350
8020.00 0.8337
8030.00 0.8327
8040.00 0.8306
8050.00 0.8274
8060.00 0.8277
8070.00 0.8258
8080.00 0.8211
8090.00 0.8222
8100.00 0.8192
8110.00 0.8146
8120.00 0.8145
8130.00 0.8125
8140.00 0.8082
8150.00 0.8064
8160.00 0.8036
8170.00 0.8031
8180.00 0.7986
8190.00 0.7964
8200.00 0.7943
8210.00 0.7920
8220.00 0.7894
8230.00 0.7843
8240.00 0.7878
8250.00 0.7820
8260.00 0.7812
8270.00 0.7766
8280.00 0.7779
8290.00 0.7744
8300.00 0.7729
8310.00 0.7717
8320.00 0.7694
8330.00 0.7712
8340.00 0.7696
8350.00 0.7678
8360.00 0.7676
8370.00 0.7645
8380.00 0.7654
8390.00 0.7644
8400.00 0.7660
8410.00 0.7637
8420.00 0.7654
8430.00 0.7638
8440.00 0.7628
8450.00 0.7591
8460.00 0.7587
8470.00 0.7611
8480.00 0.7567
8490.00 0.7625
8500.00 0.7576
8510.00 0.7543
8520.00 0.7563
8530.00 0.7603
8540.00 0.7601
8550.00 0.7591
8560.00 0.7547
8570.00 0.7508
8580.00 0.7526
8590.00 0.7509
8600.00 0.7474
8610.00 0.7494
8620.00 0.7465
8630.00 0.7448
8640.00 0.7148
8650.00 0.7383
8660.00 0.7430
8670.00 0.7276
8680.00 0.7357
8690.00 0.7262
8700.00 0.7220
8710.00 0.6881
8720.00 0.7066
8730.00 0.7285
8740.00 0.7073
8750.00 0.7042
8760.00 0.7098
8770.00 0.7023
8780.00 0.6617
8790.00 0.6627
8800.00 0.6757
8810.00 0.6809
8820.00 0.6761
8830.00 0.6705
8840.00 0.6560
8850.00 0.6413
8860.00 0.6304
8870.00 0.6295
8880.00 0.6332
8890.00 0.6409
8900.00 0.6272
8910.00 0.6257
8920.00 0.5974
8930.00 0.5870
8940.00 0.6220
8950.00 0.6068
8960.00 0.6029
8970.00 0.6081
8980.00 0.5999
8990.00 0.5882
9000.00 0.5935
