6535.00 0.0009
6536.00 0.0010
6537.00 0.0011
6538.00 0.0012
6539.00 0.0013
6540.00 0.0015
6541.00 0.0017
6542.00 0.0018
6543.00 0.0020
6544.00 0.0023
6545.00 0.0026
6546.00 0.0029
6547.00 0.0032
6548.00 0.0037
6549.00 0.0042
6550.00 0.0048
6551.00 0.0054
6552.00 0.0062
6553.00 0.0072
6554.00 0.0083
6555.00 0.0096
6556.00 0.0111
6557.00 0.0130
6558.00 0.0152
6559.00 0.0177
6560.00 0.0206
6561.00 0.0243
6562.00 0.0285
6563.00 0.0331
6564.00 0.0387
6565.00 0.0452
6566.00 0.0522
6567.00 0.0597
6568.00 0.0684
6569.00 0.0780
6570.00 0.0887
6571.00 0.0998
6572.00 0.1121
6573.00 0.1256
6574.00 0.1393
6575.00 0.1528
6576.00 0.1675
6577.00 0.1833
6578.00 0.1994
6579.00 0.2150
6580.00 0.2321
6581.00 0.2492
6582.00 0.2656
6583.00 0.2816
6584.00 0.2975
6585.00 0.3136
6586.00 0.3298
6587.00 0.3446
6588.00 0.3595
6589.00 0.3744
6590.00 0.3880
6591.00 0.4003
6592.00 0.4125
6593.00 0.4241
6594.00 0.4352
6595.00 0.4447
6596.00 0.4538
6597.00 0.4620
6598.00 0.4691
6599.00 0.4748
6600.00 0.4795
6601.00 0.4837
6602.00 0.4867
6603.00 0.4884
6604.00 0.4896
6605.00 0.4893
6606.00 0.4881
6607.00 0.4862
6608.00 0.4833
6609.00 0.4792
6610.00 0.4749
6611.00 0.4695
6612.00 0.4633
6613.00 0.4565
6614.00 0.4493
6615.00 0.4417
6616.00 0.4336
6617.00 0.4246
6618.00 0.4151
6619.00 0.4058
6620.00 0.3955
6621.00 0.3846
6622.00 0.3740
6623.00 0.3633
6624.00 0.3520
6625.00 0.3396
6626.00 0.3272
6627.00 0.3148
6628.00 0.3016
6629.00 0.2876
6630.00 0.2741
6631.00 0.2609
6632.00 0.2469
6633.00 0.2321
6634.00 0.2176
6635.00 0.2037
6636.00 0.1891
6637.00 0.1746
6638.00 0.1611
6639.00 0.1484
6640.00 0.1358
6641.00 0.1231
6642.00 0.1111
6643.00 0.1004
6644.00 0.0897
6645.00 0.0796
6646.00 0.0708
6647.00 0.0630
6648.00 0.0557
6649.00 0.0488
6650.00 0.0426
6651.00 0.0374
6652.00 0.0325
6653.00 0.0281
6654.00 0.0244
6655.00 0.0214
6656.00 0.0187
6657.00 0.0163
6658.00 0.0142
6659.00 0.0124
6660.00 0.0109
6661.00 0.0095
6662.00 0.0084
6663.00 0.0074
6664.00 0.0066
6665.00 0.0059
6666.00 0.0052
6667.00 0.0046
6668.00 0.0041
6669.00 0.0037
6670.00 0.0033
6671.00 0.0030
6672.00 0.0027
6673.00 0.0024
6674.00 0.0022
6675.00 0.0020
6676.00 0.0018
6677.00 0.0016
6678.00 0.0015
6679.00 0.0014
6680.00 0.0013
6681.00 0.0011
6682.00 0.0011
6683.00 0.0010
6684.00 0.0009
