5041.50 0.0009
5042.00 0.0010
5042.50 0.0011
5043.00 0.0013
5043.50 0.0014
5044.00 0.0015
5044.50 0.0016
5045.00 0.0018
5045.50 0.0019
5046.00 0.0020
5046.50 0.0021
5047.00 0.0022
5047.50 0.0024
5048.00 0.0025
5048.50 0.0026
5049.00 0.0027
5049.50 0.0029
5050.00 0.0030
5050.50 0.0060
5051.00 0.0090
5051.50 0.0120
5052.00 0.0149
5052.50 0.0179
5053.00 0.0209
5053.50 0.0239
5054.00 0.0269
5054.50 0.0299
5055.00 0.0329
5055.50 0.0359
5056.00 0.0389
5056.50 0.0419
5057.00 0.0449
5057.50 0.0479
5058.00 0.0509
5058.50 0.0538
5059.00 0.0568
5059.50 0.0598
5060.00 0.0628
5060.50 0.0750
5061.00 0.0872
5061.50 0.0993
5062.00 0.1115
5062.50 0.1237
5063.00 0.1359
5063.50 0.1480
5064.00 0.1602
5064.50 0.1724
5065.00 0.1845
5065.50 0.1967
5066.00 0.2089
5066.50 0.2211
5067.00 0.2332
5067.50 0.2454
5068.00 0.2576
5068.50 0.2697
5069.00 0.2819
5069.50 0.2941
5070.00 0.3063
5070.50 0.3180
5071.00 0.3298
5071.50 0.3416
5072.00 0.3533
5072.50 0.3651
5073.00 0.3769
5073.50 0.3886
5074.00 0.4004
5074.50 0.4122
5075.00 0.4239
5075.50 0.4357
5076.00 0.4474
5076.50 0.4592
5077.00 0.4710
5077.50 0.4828
5078.00 0.4945
5078.50 0.5063
5079.00 0.5180
5079.50 0.5298
5080.00 0.5416
5080.50 0.5353
5081.00 0.5291
5081.50 0.5229
5082.00 0.5166
5082.50 0.5104
5083.00 0.5041
5083.50 0.4979
5084.00 0.4916
5084.50 0.4854
5085.00 0.4792
5085.50 0.4729
5086.00 0.4667
5086.50 0.4604
5087.00 0.4542
5087.50 0.4479
5088.00 0.4417
5088.50 0.4355
5089.00 0.4292
5089.50 0.4230
5090.00 0.4167
5090.50 0.4027
5091.00 0.3886
5091.50 0.3745
5092.00 0.3605
5092.50 0.3464
5093.00 0.3323
5093.50 0.3183
5094.00 0.3042
5094.50 0.2901
5095.00 0.2761
5095.50 0.2620
5096.00 0.2480
5096.50 0.2339
5097.00 0.2198
5097.50 0.2058
5098.00 0.1917
5098.50 0.1776
5099.00 0.1636
5099.50 0.1495
5100.00 0.1354
5100.50 0.1294
5101.00 0.1233
5101.50 0.1173
5102.00 0.1112
5102.50 0.1051
5103.00 0.0991
5103.50 0.0930
5104.00 0.0870
5104.50 0.0809
5105.00 0.0749
5105.50 0.0688
5106.00 0.0627
5106.50 0.0567
5107.00 0.0506
5107.50 0.0446
5108.00 0.0385
5108.50 0.0325
5109.00 0.0264
5109.50 0.0203
5110.00 0.0143
5110.50 0.0136
5111.00 0.0129
5111.50 0.0123
5112.00 0.0116
5112.50 0.0109
5113.00 0.0103
5113.50 0.0096
5114.00 0.0089
5114.50 0.0083
5115.00 0.0076
5115.50 0.0069
5116.00 0.0062
5116.50 0.0056
5117.00 0.0049
5117.50 0.0042
5118.00 0.0036
5118.50 0.0029
5119.00 0.0022
5119.50 0.0016
5120.00 0.0009
