11830.10 0.0008
11840.10 0.0010
11850.00 0.0013
11860.00 0.0018
11870.00 0.0024
11880.00 0.0032
11890.00 0.0044
11900.00 0.0061
11910.00 0.0090
11920.00 0.0131
11930.00 0.0201
11940.00 0.0302
11949.90 0.0472
11959.90 0.0768
11969.90 0.1210
11979.90 0.1838
11989.90 0.2772
11999.90 0.3726
12009.90 0.4643
12019.90 0.5408
12029.90 0.5901
12039.90 0.6152
12049.90 0.6258
12059.80 0.6237
12069.80 0.6138
12079.80 0.5968
12089.80 0.5784
12099.80 0.5638
12109.80 0.5570
12119.80 0.5628
12129.80 0.5786
12139.80 0.5963
12149.80 0.5904
12159.80 0.5368
12169.70 0.4318
12179.70 0.2941
12189.70 0.1881
12199.70 0.1144
12209.70 0.0674
12219.70 0.0411
12229.70 0.0268
12239.70 0.0172
12249.70 0.0115
12259.70 0.0081
12269.60 0.0059
12279.60 0.0043
12289.60 0.0032
12299.60 0.0024
12309.60 0.0018
12319.60 0.0014
12329.60 0.0011
12339.60 0.0009
