6826.00 0.0009
6827.00 0.0011
6828.00 0.0015
6829.00 0.0021
6830.00 0.0029
6831.00 0.0039
6832.00 0.0055
6833.00 0.0076
6834.00 0.0106
6835.00 0.0146
6836.00 0.0196
6837.00 0.0261
6838.00 0.0343
6839.00 0.0435
6840.00 0.0536
6841.00 0.0658
6842.00 0.0801
6843.00 0.0956
6844.00 0.1121
6845.00 0.1302
6846.00 0.1505
6847.00 0.1700
6848.00 0.1899
6849.00 0.2109
6850.00 0.2322
6851.00 0.2536
6852.00 0.2731
6853.00 0.2925
6854.00 0.3116
6855.00 0.3271
6856.00 0.3400
6857.00 0.3512
6858.00 0.3601
6859.00 0.3657
6860.00 0.3679
6861.00 0.3683
6862.00 0.3646
6863.00 0.3589
6864.00 0.3512
6865.00 0.3404
6866.00 0.3270
6867.00 0.3120
6868.00 0.2950
6869.00 0.2763
6870.00 0.2557
6871.00 0.2357
6872.00 0.2150
6873.00 0.1947
6874.00 0.1742
6875.00 0.1541
6876.00 0.1357
6877.00 0.1174
6878.00 0.0998
6879.00 0.0863
6880.00 0.0733
6881.00 0.0610
6882.00 0.0500
6883.00 0.0402
6884.00 0.0322
6885.00 0.0251
6886.00 0.0189
6887.00 0.0144
6888.00 0.0109
6889.00 0.0082
6890.00 0.0060
6891.00 0.0044
6892.00 0.0033
6893.00 0.0025
6894.00 0.0019
6895.00 0.0015
6896.00 0.0012
6897.00 0.0009
