3565.00 0.0008
3570.00 0.0010
3575.00 0.0015
3580.00 0.0019
3585.00 0.0025
3590.00 0.0031
3595.00 0.0039
3600.00 0.0047
3605.00 0.0058
3610.00 0.0069
3615.00 0.0081
3620.00 0.0094
3625.00 0.0110
3630.00 0.0127
3635.00 0.0151
3640.00 0.0174
3645.00 0.0206
3650.00 0.0237
3655.00 0.0282
3660.00 0.0327
3665.00 0.0388
3670.00 0.0448
3675.00 0.0474
3680.00 0.0500
3685.00 0.0621
3690.00 0.0742
3695.00 0.0826
3700.00 0.0910
3705.00 0.0998
3710.00 0.1086
3715.00 0.1182
3720.00 0.1277
3725.00 0.1386
3730.00 0.1494
3735.00 0.1615
3740.00 0.1736
3745.00 0.1869
3750.00 0.2002
3755.00 0.2138
3760.00 0.2275
3765.00 0.2405
3770.00 0.2534
3775.00 0.2651
3780.00 0.2768
3785.00 0.2870
3790.00 0.2972
3795.00 0.3067
3800.00 0.3162
3805.00 0.3251
3810.00 0.3340
3815.00 0.3439
3820.00 0.3539
3825.00 0.3650
3830.00 0.3761
3835.00 0.3885
3840.00 0.4009
3845.00 0.4138
3850.00 0.4268
3855.00 0.4401
3860.00 0.4534
3865.00 0.4655
3870.00 0.4777
3875.00 0.4887
3880.00 0.4998
3885.00 0.5094
3890.00 0.5189
3895.00 0.5266
3900.00 0.5343
3905.00 0.5414
3910.00 0.5485
3915.00 0.5554
3920.00 0.5622
3925.00 0.5691
3930.00 0.5761
3935.00 0.5827
3940.00 0.5893
3945.00 0.5965
3950.00 0.6036
3955.00 0.6100
3960.00 0.6164
3965.00 0.6222
3970.00 0.6281
3975.00 0.6327
3980.00 0.6374
3985.00 0.6404
3990.00 0.6434
3995.00 0.6457
4000.00 0.6480
4005.00 0.6497
4010.00 0.6515
4015.00 0.6534
4020.00 0.6552
4025.00 0.6578
4030.00 0.6604
4035.00 0.6644
4040.00 0.6684
4045.00 0.6734
4050.00 0.6783
4055.00 0.6835
4060.00 0.6886
4065.00 0.6953
4070.00 0.7020
4075.00 0.7086
4080.00 0.7151
4085.00 0.7203
4090.00 0.7255
4095.00 0.7297
4100.00 0.7340
4105.00 0.7353
4110.00 0.7367
4115.00 0.7360
4120.00 0.7353
4125.00 0.7337
4130.00 0.7322
4135.00 0.7284
4140.00 0.7247
4145.00 0.7211
4150.00 0.7175
4155.00 0.7143
4160.00 0.7111
4165.00 0.7081
4170.00 0.7052
4175.00 0.7034
4180.00 0.7016
4185.00 0.7021
4190.00 0.7025
4195.00 0.7048
4200.00 0.7071
4205.00 0.7100
4210.00 0.7129
4215.00 0.7179
4220.00 0.7229
4225.00 0.7281
4230.00 0.7332
4235.00 0.7390
4240.00 0.7448
4245.00 0.7510
4250.00 0.7573
4255.00 0.7623
4260.00 0.7674
4265.00 0.7716
4270.00 0.7758
4275.00 0.7797
4280.00 0.7837
4285.00 0.7863
4290.00 0.7888
4295.00 0.7896
4300.00 0.7905
4305.00 0.7917
4310.00 0.7931
4315.00 0.7927
4320.00 0.7924
4325.00 0.7915
4330.00 0.7906
4335.00 0.7905
4340.00 0.7904
4345.00 0.7898
4350.00 0.7893
4355.00 0.7881
4360.00 0.7868
4365.00 0.7861
4370.00 0.7854
4375.00 0.7846
4380.00 0.7838
4385.00 0.7823
4390.00 0.7808
4395.00 0.7807
4400.00 0.7806
4405.00 0.7803
4410.00 0.7800
4415.00 0.7786
4420.00 0.7773
4425.00 0.7777
4430.00 0.7781
4435.00 0.7787
4440.00 0.7793
4445.00 0.7796
4450.00 0.7799
4455.00 0.7812
4460.00 0.7826
4465.00 0.7848
4470.00 0.7871
4475.00 0.7890
4480.00 0.7910
4485.00 0.7941
4490.00 0.7973
4495.00 0.8001
4500.00 0.8030
4505.00 0.8053
4510.00 0.8075
4515.00 0.8098
4520.00 0.8120
4525.00 0.8135
4530.00 0.8150
4535.00 0.8149
4540.00 0.8148
4545.00 0.8146
4550.00 0.8144
4555.00 0.8122
4560.00 0.8101
4565.00 0.8065
4570.00 0.8029
4575.00 0.7995
4580.00 0.7961
4585.00 0.7912
4590.00 0.7864
4595.00 0.7812
4600.00 0.7760
4605.00 0.7714
4610.00 0.7669
4615.00 0.7628
4620.00 0.7588
4625.00 0.7548
4630.00 0.7508
4635.00 0.7485
4640.00 0.7461
4645.00 0.7450
4650.00 0.7438
4655.00 0.7429
4660.00 0.7420
4665.00 0.7427
4670.00 0.7433
4675.00 0.7447
4680.00 0.7460
4685.00 0.7471
4690.00 0.7483
4695.00 0.7510
4700.00 0.7537
4705.00 0.7553
4710.00 0.7569
4715.00 0.7581
4720.00 0.7594
4725.00 0.7605
4730.00 0.7616
4735.00 0.7622
4740.00 0.7629
4745.00 0.7617
4750.00 0.7606
4755.00 0.7603
4760.00 0.7599
4765.00 0.7599
4770.00 0.7599
4775.00 0.7592
4780.00 0.7586
4785.00 0.7598
4790.00 0.7610
4795.00 0.7638
4800.00 0.7665
4805.00 0.7701
4810.00 0.7736
4815.00 0.7790
4820.00 0.7844
4825.00 0.7901
4830.00 0.7958
4835.00 0.8001
4840.00 0.8045
4845.00 0.8052
4850.00 0.8060
4855.00 0.8002
4860.00 0.7945
4865.00 0.7785
4870.00 0.7626
4875.00 0.7353
4880.00 0.7080
4885.00 0.6712
4890.00 0.6344
4895.00 0.5904
4900.00 0.5463
4905.00 0.5017
4910.00 0.4570
4915.00 0.4154
4920.00 0.3737
4925.00 0.3374
4930.00 0.3010
4935.00 0.2715
4940.00 0.2419
4945.00 0.2184
4950.00 0.1949
4955.00 0.1759
4960.00 0.1570
4965.00 0.1426
4970.00 0.1282
4975.00 0.1169
4980.00 0.1056
4985.00 0.0968
4990.00 0.0880
4995.00 0.0810
5000.00 0.0740
5005.00 0.0685
5010.00 0.0631
5015.00 0.0586
5020.00 0.0542
5025.00 0.0507
5030.00 0.0471
5035.00 0.0442
5040.00 0.0412
5045.00 0.0388
5050.00 0.0363
5055.00 0.0343
5060.00 0.0322
5065.00 0.0305
5070.00 0.0287
5075.00 0.0271
5080.00 0.0256
5085.00 0.0242
5090.00 0.0229
5095.00 0.0217
5100.00 0.0205
5105.00 0.0194
5110.00 0.0183
5115.00 0.0173
5120.00 0.0163
5125.00 0.0154
5130.00 0.0145
5135.00 0.0137
5140.00 0.0128
5145.00 0.0121
5150.00 0.0113
5155.00 0.0106
5160.00 0.0099
5165.00 0.0093
5170.00 0.0086
5175.00 0.0081
5180.00 0.0075
5185.00 0.0070
5190.00 0.0066
5195.00 0.0061
5200.00 0.0057
5205.00 0.0053
5210.00 0.0049
5215.00 0.0046
5220.00 0.0043
5225.00 0.0040
5230.00 0.0037
5235.00 0.0035
5240.00 0.0032
5245.00 0.0030
5250.00 0.0028
5255.00 0.0027
5260.00 0.0025
5265.00 0.0023
5270.00 0.0022
5275.00 0.0021
5280.00 0.0020
5285.00 0.0018
5290.00 0.0017
5295.00 0.0016
5300.00 0.0016
5305.00 0.0015
5310.00 0.0014
5315.00 0.0013
5320.00 0.0013
5325.00 0.0012
5330.00 0.0012
5335.00 0.0011
5340.00 0.0011
5345.00 0.0010
5350.00 0.0010
5355.00 0.0009
