3000.00 0.0000
3005.00 0.0000
3010.00 0.0000
3015.00 0.0000
3020.00 -0.0000
3025.00 0.0000
3030.00 0.0000
3035.00 0.0000
3040.00 0.0000
3045.00 -0.0000
3050.00 -0.0000
3055.00 0.0000
3060.00 0.0000
3065.00 0.0000
3070.00 -0.0000
3075.00 -0.0000
3080.00 -0.0000
3085.00 -0.0000
3090.00 -0.0000
3095.00 -0.0000
3100.00 -0.0000
3105.00 -0.0000
3110.00 -0.0000
3115.00 -0.0000
3120.00 -0.0000
3125.00 -0.0000
3130.00 -0.0000
3135.00 -0.0000
3140.00 -0.0000
3145.00 -0.0000
3150.00 -0.0000
3155.00 -0.0000
3160.00 -0.0000
3165.00 -0.0000
3170.00 -0.0000
3175.00 -0.0000
3180.00 -0.0000
3185.00 0.0000
3190.00 0.0000
3195.00 0.0000
3200.00 0.0000
3205.00 0.0000
3210.00 0.0000
3215.00 0.0000
3220.00 0.0000
3225.00 0.0000
3230.00 0.0000
3235.00 0.0000
3240.00 0.0000
3245.00 0.0000
3250.00 0.0000
3255.00 0.0000
3260.00 0.0000
3265.00 0.0000
3270.00 0.0000
3275.00 0.0000
3280.00 0.0000
3285.00 0.0000
3290.00 0.0000
3295.00 0.0000
3300.00 0.0000
3305.00 -0.0000
3310.00 -0.0000
3315.00 -0.0000
3320.00 -0.0000
3325.00 -0.0000
3330.00 0.0000
3335.00 -0.0000
3340.00 -0.0000
3345.00 -0.0000
3350.00 0.0000
3355.00 0.0000
3360.00 0.0000
3365.00 -0.0000
3370.00 -0.0000
3375.00 -0.0000
3380.00 -0.0000
3385.00 -0.0000
3390.00 -0.0000
3395.00 -0.0000
3400.00 -0.0000
3405.00 -0.0000
3410.00 0.0000
3415.00 -0.0000
3420.00 -0.0000
3425.00 -0.0000
3430.00 -0.0000
3435.00 -0.0000
3440.00 -0.0000
3445.00 0.0000
3450.00 0.0000
3455.00 0.0000
3460.00 -0.0000
3465.00 -0.0000
3470.00 -0.0000
3475.00 -0.0000
3480.00 -0.0000
3485.00 -0.0000
3490.00 0.0000
3495.00 0.0000
3500.00 -0.0000
3505.00 0.0000
3510.00 0.0000
3515.00 0.0000
3520.00 0.0000
3525.00 0.0000
3530.00 0.0000
3535.00 0.0001
3540.00 0.0001
3545.00 0.0002
3550.00 0.0003
3555.00 0.0005
3560.00 0.0006
3565.00 0.0009
3570.00 0.0012
3575.00 0.0017
3580.00 0.0021
3585.00 0.0028
3590.00 0.0035
3595.00 0.0044
3600.00 0.0053
3605.00 0.0064
3610.00 0.0074
3615.00 0.0086
3620.00 0.0097
3625.00 0.0112
3630.00 0.0127
3635.00 0.0148
3640.00 0.0169
3645.00 0.0197
3650.00 0.0226
3655.00 0.0267
3660.00 0.0309
3665.00 0.0365
3670.00 0.0422
3675.00 0.0448
3680.00 0.0473
3685.00 0.0600
3690.00 0.0727
3695.00 0.0811
3700.00 0.0896
3705.00 0.0977
3710.00 0.1058
3715.00 0.1137
3720.00 0.1217
3725.00 0.1302
3730.00 0.1388
3735.00 0.1491
3740.00 0.1594
3745.00 0.1715
3750.00 0.1837
3755.00 0.1981
3760.00 0.2124
3765.00 0.2272
3770.00 0.2420
3775.00 0.2559
3780.00 0.2698
3785.00 0.2819
3790.00 0.2940
3795.00 0.3038
3800.00 0.3137
3805.00 0.3211
3810.00 0.3285
3815.00 0.3360
3820.00 0.3435
3825.00 0.3523
3830.00 0.3612
3835.00 0.3717
3840.00 0.3822
3845.00 0.3946
3850.00 0.4070
3855.00 0.4210
3860.00 0.4350
3865.00 0.4489
3870.00 0.4627
3875.00 0.4754
3880.00 0.4880
3885.00 0.4989
3890.00 0.5098
3895.00 0.5171
3900.00 0.5243
3905.00 0.5301
3910.00 0.5360
3915.00 0.5407
3920.00 0.5454
3925.00 0.5499
3930.00 0.5544
3935.00 0.5598
3940.00 0.5652
3945.00 0.5718
3950.00 0.5784
3955.00 0.5858
3960.00 0.5931
3965.00 0.6004
3970.00 0.6077
3975.00 0.6145
3980.00 0.6212
3985.00 0.6255
3990.00 0.6298
3995.00 0.6328
4000.00 0.6359
4005.00 0.6372
4010.00 0.6386
4015.00 0.6384
4020.00 0.6381
4025.00 0.6382
4030.00 0.6383
4035.00 0.6395
4040.00 0.6407
4045.00 0.6428
4050.00 0.6448
4055.00 0.6486
4060.00 0.6523
4065.00 0.6592
4070.00 0.6660
4075.00 0.6730
4080.00 0.6800
4085.00 0.6876
4090.00 0.6951
4095.00 0.7032
4100.00 0.7113
4105.00 0.7155
4110.00 0.7197
4115.00 0.7225
4120.00 0.7253
4125.00 0.7249
4130.00 0.7244
4135.00 0.7212
4140.00 0.7179
4145.00 0.7119
4150.00 0.7059
4155.00 0.7002
4160.00 0.6945
4165.00 0.6886
4170.00 0.6828
4175.00 0.6779
4180.00 0.6730
4185.00 0.6712
4190.00 0.6694
4195.00 0.6686
4200.00 0.6679
4205.00 0.6699
4210.00 0.6718
4215.00 0.6760
4220.00 0.6801
4225.00 0.6861
4230.00 0.6922
4235.00 0.6991
4240.00 0.7060
4245.00 0.7138
4250.00 0.7216
4255.00 0.7294
4260.00 0.7372
4265.00 0.7433
4270.00 0.7495
4275.00 0.7563
4280.00 0.7630
4285.00 0.7668
4290.00 0.7705
4295.00 0.7726
4300.00 0.7747
4305.00 0.7771
4310.00 0.7795
4315.00 0.7798
4320.00 0.7800
4325.00 0.7795
4330.00 0.7791
4335.00 0.7793
4340.00 0.7794
4345.00 0.7792
4350.00 0.7790
4355.00 0.7784
4360.00 0.7779
4365.00 0.7779
4370.00 0.7780
4375.00 0.7781
4380.00 0.7783
4385.00 0.7777
4390.00 0.7771
4395.00 0.7774
4400.00 0.7776
4405.00 0.7768
4410.00 0.7759
4415.00 0.7742
4420.00 0.7724
4425.00 0.7711
4430.00 0.7698
4435.00 0.7682
4440.00 0.7666
4445.00 0.7649
4450.00 0.7631
4455.00 0.7622
4460.00 0.7613
4465.00 0.7613
4470.00 0.7613
4475.00 0.7611
4480.00 0.7608
4485.00 0.7621
4490.00 0.7634
4495.00 0.7653
4500.00 0.7672
4505.00 0.7694
4510.00 0.7716
4515.00 0.7754
4520.00 0.7793
4525.00 0.7824
4530.00 0.7856
4535.00 0.7879
4540.00 0.7902
4545.00 0.7922
4550.00 0.7941
4555.00 0.7952
4560.00 0.7964
4565.00 0.7954
4570.00 0.7944
4575.00 0.7919
4580.00 0.7893
4585.00 0.7860
4590.00 0.7827
4595.00 0.7773
4600.00 0.7719
4605.00 0.7664
4610.00 0.7609
4615.00 0.7550
4620.00 0.7491
4625.00 0.7433
4630.00 0.7374
4635.00 0.7325
4640.00 0.7276
4645.00 0.7240
4650.00 0.7203
4655.00 0.7173
4660.00 0.7143
4665.00 0.7126
4670.00 0.7108
4675.00 0.7113
4680.00 0.7117
4685.00 0.7125
4690.00 0.7132
4695.00 0.7149
4700.00 0.7166
4705.00 0.7194
4710.00 0.7223
4715.00 0.7247
4720.00 0.7272
4725.00 0.7294
4730.00 0.7316
4735.00 0.7338
4740.00 0.7360
4745.00 0.7366
4750.00 0.7371
4755.00 0.7373
4760.00 0.7375
4765.00 0.7376
4770.00 0.7377
4775.00 0.7369
4780.00 0.7362
4785.00 0.7356
4790.00 0.7350
4795.00 0.7362
4800.00 0.7373
4805.00 0.7384
4810.00 0.7395
4815.00 0.7426
4820.00 0.7456
4825.00 0.7505
4830.00 0.7554
4835.00 0.7610
4840.00 0.7666
4845.00 0.7718
4850.00 0.7770
4855.00 0.7808
4860.00 0.7846
4865.00 0.7814
4870.00 0.7781
4875.00 0.7663
4880.00 0.7544
4885.00 0.7319
4890.00 0.7094
4895.00 0.6749
4900.00 0.6405
4905.00 0.5988
4910.00 0.5571
4915.00 0.5120
4920.00 0.4668
4925.00 0.4247
4930.00 0.3826
4935.00 0.3450
4940.00 0.3074
4945.00 0.2765
4950.00 0.2456
4955.00 0.2208
4960.00 0.1960
4965.00 0.1769
4970.00 0.1577
4975.00 0.1429
4980.00 0.1281
4985.00 0.1165
4990.00 0.1050
4995.00 0.0959
5000.00 0.0867
5005.00 0.0799
5010.00 0.0730
5015.00 0.0675
5020.00 0.0619
5025.00 0.0575
5030.00 0.0531
5035.00 0.0496
5040.00 0.0460
5045.00 0.0432
5050.00 0.0404
5055.00 0.0380
5060.00 0.0356
5065.00 0.0336
5070.00 0.0316
5075.00 0.0299
5080.00 0.0281
5085.00 0.0267
5090.00 0.0253
5095.00 0.0240
5100.00 0.0228
5105.00 0.0217
5110.00 0.0206
5115.00 0.0195
5120.00 0.0185
5125.00 0.0176
5130.00 0.0167
5135.00 0.0159
5140.00 0.0150
5145.00 0.0142
5150.00 0.0135
5155.00 0.0127
5160.00 0.0120
5165.00 0.0114
5170.00 0.0107
5175.00 0.0101
5180.00 0.0095
5185.00 0.0089
5190.00 0.0084
5195.00 0.0079
5200.00 0.0074
5205.00 0.0069
5210.00 0.0065
5215.00 0.0061
5220.00 0.0057
5225.00 0.0053
5230.00 0.0050
5235.00 0.0047
5240.00 0.0044
5245.00 0.0041
5250.00 0.0039
5255.00 0.0036
5260.00 0.0034
5265.00 0.0032
5270.00 0.0030
5275.00 0.0028
5280.00 0.0027
5285.00 0.0025
5290.00 0.0024
5295.00 0.0022
5300.00 0.0021
5305.00 0.0020
5310.00 0.0019
5315.00 0.0018
5320.00 0.0017
5325.00 0.0016
5330.00 0.0016
5335.00 0.0015
5340.00 0.0014
5345.00 0.0014
5350.00 0.0013
5355.00 0.0013
5360.00 0.0012
5365.00 0.0012
5370.00 0.0011
5375.00 0.0011
5380.00 0.0011
5385.00 0.0010
5390.00 0.0010
5395.00 0.0010
5400.00 0.0010
5405.00 0.0009
5410.00 0.0009
5415.00 0.0009
5420.00 0.0009
5425.00 0.0009
5430.00 0.0009
5435.00 0.0008
5440.00 0.0008
5445.00 0.0008
5450.00 0.0008
5455.00 0.0008
5460.00 0.0008
5465.00 0.0008
5470.00 0.0008
5475.00 0.0008
5480.00 0.0008
5485.00 0.0008
5490.00 0.0008
5495.00 0.0008
5500.00 0.0008
5505.00 0.0008
5510.00 0.0009
5515.00 0.0009
5520.00 0.0009
5525.00 0.0009
5530.00 0.0009
5535.00 0.0010
5540.00 0.0010
5545.00 0.0010
5550.00 0.0011
5555.00 0.0011
5560.00 0.0012
5565.00 0.0012
5570.00 0.0013
5575.00 0.0013
5580.00 0.0014
5585.00 0.0015
5590.00 0.0016
5595.00 0.0017
5600.00 0.0018
5605.00 0.0020
5610.00 0.0021
5615.00 0.0022
5620.00 0.0023
5625.00 0.0024
5630.00 0.0025
5635.00 0.0026
5640.00 0.0026
5645.00 0.0026
5650.00 0.0025
5655.00 0.0024
5660.00 0.0023
5665.00 0.0021
5670.00 0.0019
5675.00 0.0018
5680.00 0.0017
5685.00 0.0015
5690.00 0.0012
5695.00 0.0011
5700.00 0.0010
5705.00 0.0009
5710.00 0.0008
5715.00 0.0007
5720.00 0.0006
5725.00 0.0006
5730.00 0.0005
5735.00 0.0005
5740.00 0.0004
5745.00 0.0004
5750.00 0.0003
5755.00 0.0003
5760.00 0.0003
5765.00 0.0003
5770.00 0.0002
5775.00 0.0002
5780.00 0.0002
5785.00 0.0002
5790.00 0.0002
5795.00 0.0002
5800.00 0.0002
5805.00 0.0002
5810.00 0.0001
5815.00 0.0001
5820.00 0.0001
5825.00 0.0001
5830.00 0.0001
5835.00 0.0001
5840.00 0.0001
5845.00 0.0001
5850.00 0.0001
5855.00 0.0001
5860.00 0.0001
5865.00 0.0001
5870.00 0.0001
5875.00 0.0001
5880.00 0.0001
5885.00 0.0001
5890.00 0.0001
5895.00 0.0001
5900.00 0.0001
5905.00 0.0001
5910.00 0.0000
5915.00 0.0000
5920.00 0.0000
5925.00 0.0000
5930.00 0.0000
5935.00 0.0000
5940.00 0.0000
5945.00 0.0000
5950.00 0.0000
5955.00 0.0000
5960.00 0.0000
5965.00 0.0000
5970.00 0.0000
5975.00 0.0000
5980.00 0.0000
5985.00 0.0000
5990.00 0.0000
5995.00 0.0000
6000.00 0.0000
