5108.50 0.0009
5109.00 0.0010
5109.50 0.0011
5110.00 0.0012
5110.50 0.0018
5111.00 0.0024
5111.50 0.0030
5112.00 0.0036
5112.50 0.0043
5113.00 0.0049
5113.50 0.0055
5114.00 0.0061
5114.50 0.0067
5115.00 0.0074
5115.50 0.0111
5116.00 0.0148
5116.50 0.0185
5117.00 0.0222
5117.50 0.0260
5118.00 0.0297
5118.50 0.0334
5119.00 0.0371
5119.50 0.0408
5120.00 0.0446
5120.50 0.0523
5121.00 0.0601
5121.50 0.0679
5122.00 0.0757
5122.50 0.0835
5123.00 0.0912
5123.50 0.0990
5124.00 0.1068
5124.50 0.1146
5125.00 0.1224
5125.50 0.1339
5126.00 0.1455
5126.50 0.1570
5127.00 0.1686
5127.50 0.1802
5128.00 0.1917
5128.50 0.2033
5129.00 0.2148
5129.50 0.2264
5130.00 0.2379
5130.50 0.2471
5131.00 0.2562
5131.50 0.2653
5132.00 0.2744
5132.50 0.2835
5133.00 0.2926
5133.50 0.3017
5134.00 0.3108
5134.50 0.3199
5135.00 0.3291
5135.50 0.3311
5136.00 0.3332
5136.50 0.3352
5137.00 0.3373
5137.50 0.3393
5138.00 0.3414
5138.50 0.3434
5139.00 0.3455
5139.50 0.3475
5140.00 0.3496
5140.50 0.3440
5141.00 0.3384
5141.50 0.3328
5142.00 0.3272
5142.50 0.3216
5143.00 0.3160
5143.50 0.3104
5144.00 0.3048
5144.50 0.2992
5145.00 0.2936
5145.50 0.2827
5146.00 0.2717
5146.50 0.2608
5147.00 0.2498
5147.50 0.2389
5148.00 0.2280
5148.50 0.2170
5149.00 0.2061
5149.50 0.1952
5150.00 0.1842
5150.50 0.1749
5151.00 0.1655
5151.50 0.1562
5152.00 0.1469
5152.50 0.1376
5153.00 0.1282
5153.50 0.1189
5154.00 0.1096
5154.50 0.1003
5155.00 0.0909
5155.50 0.0849
5156.00 0.0789
5156.50 0.0730
5157.00 0.0670
5157.50 0.0610
5158.00 0.0550
5158.50 0.0490
5159.00 0.0430
5159.50 0.0370
5160.00 0.0310
5160.50 0.0287
5161.00 0.0263
5161.50 0.0239
5162.00 0.0215
5162.50 0.0191
5163.00 0.0167
5163.50 0.0143
5164.00 0.0119
5164.50 0.0095
5165.00 0.0071
5165.50 0.0065
5166.00 0.0059
5166.50 0.0053
5167.00 0.0047
5167.50 0.0041
5168.00 0.0035
5168.50 0.0029
5169.00 0.0023
5169.50 0.0017
5170.00 0.0011
5170.50 0.0011
5171.00 0.0010
5171.50 0.0009
