4995.00 0.0009
4995.50 0.0014
4996.00 0.0018
4996.50 0.0022
4997.00 0.0026
4997.50 0.0031
4998.00 0.0035
4998.50 0.0039
4999.00 0.0043
4999.50 0.0048
5000.00 0.0052
5000.50 0.0080
5001.00 0.0109
5001.50 0.0138
5002.00 0.0166
5002.50 0.0195
5003.00 0.0223
5003.50 0.0252
5004.00 0.0280
5004.50 0.0309
5005.00 0.0338
5005.50 0.0423
5006.00 0.0508
5006.50 0.0594
5007.00 0.0679
5007.50 0.0765
5008.00 0.0850
5008.50 0.0936
5009.00 0.1021
5009.50 0.1107
5010.00 0.1192
5010.50 0.1311
5011.00 0.1430
5011.50 0.1550
5012.00 0.1669
5012.50 0.1788
5013.00 0.1907
5013.50 0.2026
5014.00 0.2145
5014.50 0.2264
5015.00 0.2384
5015.50 0.2517
5016.00 0.2650
5016.50 0.2784
5017.00 0.2917
5017.50 0.3050
5018.00 0.3184
5018.50 0.3317
5019.00 0.3451
5019.50 0.3584
5020.00 0.3717
5020.50 0.3768
5021.00 0.3818
5021.50 0.3868
5022.00 0.3919
5022.50 0.3969
5023.00 0.4019
5023.50 0.4070
5024.00 0.4120
5024.50 0.4171
5025.00 0.4221
5025.50 0.4171
5026.00 0.4121
5026.50 0.4072
5027.00 0.4022
5027.50 0.3972
5028.00 0.3922
5028.50 0.3873
5029.00 0.3823
5029.50 0.3773
5030.00 0.3723
5030.50 0.3613
5031.00 0.3502
5031.50 0.3392
5032.00 0.3281
5032.50 0.3171
5033.00 0.3060
5033.50 0.2950
5034.00 0.2839
5034.50 0.2728
5035.00 0.2618
5035.50 0.2490
5036.00 0.2362
5036.50 0.2234
5037.00 0.2107
5037.50 0.1979
5038.00 0.1851
5038.50 0.1723
5039.00 0.1595
5039.50 0.1467
5040.00 0.1339
5040.50 0.1260
5041.00 0.1180
5041.50 0.1100
5042.00 0.1021
5042.50 0.0941
5043.00 0.0861
5043.50 0.0781
5044.00 0.0702
5044.50 0.0622
5045.00 0.0542
5045.50 0.0501
5046.00 0.0460
5046.50 0.0420
5047.00 0.0379
5047.50 0.0338
5048.00 0.0297
5048.50 0.0256
5049.00 0.0215
5049.50 0.0175
5050.00 0.0134
5050.50 0.0123
5051.00 0.0111
5051.50 0.0100
5052.00 0.0089
5052.50 0.0078
5053.00 0.0067
5053.50 0.0056
5054.00 0.0045
5054.50 0.0034
5055.00 0.0022
5055.50 0.0021
5056.00 0.0019
5056.50 0.0017
5057.00 0.0015
5057.50 0.0014
5058.00 0.0012
5058.50 0.0010
5059.00 0.0008
