8120.00 0.0009
8125.00 0.0011
8130.00 0.0012
8135.00 0.0014
8140.00 0.0016
8145.00 0.0018
8150.00 0.0020
8155.00 0.0022
8160.00 0.0025
8165.00 0.0028
8170.00 0.0031
8175.00 0.0035
8180.00 0.0039
8185.00 0.0044
8190.00 0.0050
8195.00 0.0056
8200.00 0.0062
8205.00 0.0070
8210.00 0.0078
8215.00 0.0088
8220.00 0.0097
8225.00 0.0109
8230.00 0.0121
8235.00 0.0135
8240.00 0.0149
8245.00 0.0166
8250.00 0.0183
8255.00 0.0206
8260.00 0.0228
8265.00 0.0254
8270.00 0.0281
8275.00 0.0312
8280.00 0.0342
8285.00 0.0379
8290.00 0.0415
8295.00 0.0458
8300.00 0.0501
8305.00 0.0549
8310.00 0.0597
8315.00 0.0654
8320.00 0.0712
8325.00 0.0774
8330.00 0.0836
8335.00 0.0914
8340.00 0.0991
8345.00 0.1075
8350.00 0.1158
8355.00 0.1248
8360.00 0.1339
8365.00 0.1434
8370.00 0.1528
8375.00 0.1642
8380.00 0.1755
8385.00 0.1866
8390.00 0.1978
8395.00 0.2096
8400.00 0.2215
8405.00 0.2343
8410.00 0.2471
8415.00 0.2592
8420.00 0.2714
8425.00 0.2849
8430.00 0.2984
8435.00 0.3124
8440.00 0.3263
8445.00 0.3389
8450.00 0.3514
8455.00 0.3665
8460.00 0.3816
8465.00 0.3950
8470.00 0.4083
8475.00 0.4209
8480.00 0.4336
8485.00 0.4475
8490.00 0.4614
8495.00 0.4745
8500.00 0.4876
8505.00 0.5005
8510.00 0.5134
8515.00 0.5244
8520.00 0.5353
8525.00 0.5459
8530.00 0.5564
8535.00 0.5659
8540.00 0.5753
8545.00 0.5893
8550.00 0.6032
8555.00 0.6148
8560.00 0.6265
8565.00 0.6344
8570.00 0.6423
8575.00 0.6502
8580.00 0.6581
8585.00 0.6669
8590.00 0.6757
8595.00 0.6852
8600.00 0.6947
8605.00 0.7001
8610.00 0.7054
8615.00 0.7164
8620.00 0.7274
8625.00 0.7296
8630.00 0.7318
8635.00 0.7392
8640.00 0.7465
8645.00 0.7534
8650.00 0.7602
8655.00 0.7619
8660.00 0.7637
8665.00 0.7723
8670.00 0.7810
8675.00 0.7865
8680.00 0.7920
8685.00 0.7901
8690.00 0.7881
8695.00 0.7999
8700.00 0.8118
8705.00 0.8570
8710.00 0.9022
8715.00 0.8667
8720.00 0.8312
8725.00 0.8266
8730.00 0.8219
8735.00 0.8265
8740.00 0.8311
8745.00 0.8305
8750.00 0.8299
8755.00 0.8313
8760.00 0.8326
8765.00 0.8469
8770.00 0.8612
8775.00 0.9140
8780.00 0.9668
8785.00 0.9283
8790.00 0.8897
8795.00 0.8817
8800.00 0.8736
8805.00 0.8689
8810.00 0.8642
8815.00 0.8630
8820.00 0.8617
8825.00 0.8769
8830.00 0.8922
8835.00 0.8804
8840.00 0.8686
8845.00 0.9101
8850.00 0.9516
8855.00 0.9222
8860.00 0.8928
8865.00 0.8832
8870.00 0.8737
8875.00 0.8652
8880.00 0.8567
8885.00 0.8717
8890.00 0.8866
8895.00 0.8927
8900.00 0.8987
8905.00 0.8957
8910.00 0.8927
8915.00 0.9410
8920.00 0.9894
8925.00 0.9490
8930.00 0.9086
8935.00 0.9039
8940.00 0.8993
8945.00 0.9162
8950.00 0.9330
8955.00 0.9284
8960.00 0.9238
8965.00 0.9039
8970.00 0.8839
8975.00 0.8856
8980.00 0.8874
8985.00 0.9156
8990.00 0.9438
8995.00 0.9218
9000.00 0.8999
