3925.00 0.0009
3930.00 0.0011
3935.00 0.0014
3940.00 0.0017
3945.00 0.0022
3950.00 0.0026
3955.00 0.0034
3960.00 0.0042
3965.00 0.0054
3970.00 0.0067
3975.00 0.0090
3980.00 0.0113
3985.00 0.0155
3990.00 0.0198
3995.00 0.0282
4000.00 0.0367
4005.00 0.0535
4010.00 0.0703
4015.00 0.1033
4020.00 0.1364
4025.00 0.1918
4030.00 0.2472
4035.00 0.3161
4040.00 0.3849
4045.00 0.4384
4050.00 0.4919
4055.00 0.5181
4060.00 0.5443
4065.00 0.5522
4070.00 0.5601
4075.00 0.5663
4080.00 0.5726
4085.00 0.5814
4090.00 0.5902
4095.00 0.5978
4100.00 0.6053
4105.00 0.6071
4110.00 0.6090
4115.00 0.6017
4120.00 0.5943
4125.00 0.5811
4130.00 0.5678
4135.00 0.5544
4140.00 0.5409
4145.00 0.5331
4150.00 0.5253
4155.00 0.5249
4160.00 0.5245
4165.00 0.5278
4170.00 0.5312
4175.00 0.5266
4180.00 0.5220
4185.00 0.4919
4190.00 0.4618
4195.00 0.4063
4200.00 0.3509
4205.00 0.2909
4210.00 0.2309
4215.00 0.1841
4220.00 0.1373
4225.00 0.1088
4230.00 0.0803
4235.00 0.0639
4240.00 0.0476
4245.00 0.0385
4250.00 0.0295
4255.00 0.0242
4260.00 0.0190
4265.00 0.0159
4270.00 0.0128
4275.00 0.0108
4280.00 0.0088
4285.00 0.0076
4290.00 0.0063
4295.00 0.0055
4300.00 0.0047
4305.00 0.0041
4310.00 0.0035
4315.00 0.0031
4320.00 0.0027
4325.00 0.0024
4330.00 0.0021
4335.00 0.0019
4340.00 0.0017
4345.00 0.0015
4350.00 0.0014
4355.00 0.0012
4360.00 0.0011
4365.00 0.0010
4370.00 0.0009
