2920.00 0.0008
2925.00 0.0010
2930.00 0.0013
2935.00 0.0016
2940.00 0.0020
2945.00 0.0025
2950.00 0.0030
2955.00 0.0037
2960.00 0.0044
2965.00 0.0054
2970.00 0.0065
2975.00 0.0078
2980.00 0.0093
2985.00 0.0111
2990.00 0.0131
2995.00 0.0154
3000.00 0.0179
3005.00 0.0209
3010.00 0.0241
3015.00 0.0279
3020.00 0.0317
3025.00 0.0359
3030.00 0.0404
3035.00 0.0454
3040.00 0.0506
3045.00 0.0566
3050.00 0.0623
3055.00 0.0685
3060.00 0.0751
3065.00 0.0821
3070.00 0.0891
3075.00 0.0971
3080.00 0.1048
3085.00 0.1131
3090.00 0.1164
3095.00 0.1316
3100.00 0.1404
3105.00 0.1500
3110.00 0.1592
3115.00 0.1683
3120.00 0.1781
3125.00 0.1883
3130.00 0.1975
3135.00 0.2074
3140.00 0.2180
3145.00 0.2274
3150.00 0.2373
3155.00 0.2468
3160.00 0.2563
3165.00 0.2658
3170.00 0.2755
3175.00 0.2848
3180.00 0.2949
3185.00 0.3042
3190.00 0.3122
3195.00 0.3211
3200.00 0.3303
3205.00 0.3397
3210.00 0.3481
3215.00 0.3577
3220.00 0.3670
3225.00 0.3742
3230.00 0.3834
3235.00 0.3914
3240.00 0.3988
3245.00 0.4074
3250.00 0.4161
3255.00 0.4229
3260.00 0.4315
3265.00 0.4385
3270.00 0.4449
3275.00 0.4526
3280.00 0.4607
3285.00 0.4676
3290.00 0.4746
3295.00 0.4816
3300.00 0.4872
3305.00 0.4947
3310.00 0.5007
3315.00 0.5067
3320.00 0.5135
3325.00 0.5194
3330.00 0.5244
3335.00 0.5304
3340.00 0.5369
3345.00 0.5427
3350.00 0.5483
3355.00 0.5544
3360.00 0.5577
3365.00 0.5633
3370.00 0.5689
3375.00 0.5736
3380.00 0.5794
3385.00 0.5840
3390.00 0.5878
3395.00 0.5925
3400.00 0.5970
3405.00 0.6011
3410.00 0.6060
3415.00 0.6116
3420.00 0.6150
3425.00 0.6183
3430.00 0.6222
3435.00 0.6261
3440.00 0.6300
3445.00 0.6348
3450.00 0.6375
3455.00 0.6414
3460.00 0.6463
3465.00 0.6490
3470.00 0.6523
3475.00 0.6566
3480.00 0.6599
3485.00 0.6632
3490.00 0.6669
3495.00 0.6694
3500.00 0.6728
3505.00 0.6758
3510.00 0.6796
3515.00 0.6828
3520.00 0.6854
3525.00 0.6887
3530.00 0.6898
3535.00 0.6951
3540.00 0.6966
3545.00 0.6993
3550.00 0.7034
3555.00 0.7043
3560.00 0.7066
3565.00 0.7095
3570.00 0.7110
3575.00 0.7127
3580.00 0.7154
3585.00 0.7172
3590.00 0.7168
3595.00 0.7186
3600.00 0.7206
3605.00 0.7213
3610.00 0.7230
3615.00 0.7238
3620.00 0.7241
3625.00 0.7247
3630.00 0.7256
3635.00 0.7257
3640.00 0.7260
3645.00 0.7264
3650.00 0.7261
3655.00 0.7271
3660.00 0.7269
3665.00 0.7264
3670.00 0.7262
3675.00 0.7260
3680.00 0.7237
3685.00 0.7234
3690.00 0.7221
3695.00 0.7210
3700.00 0.7189
3705.00 0.7178
3710.00 0.7143
3715.00 0.7107
3720.00 0.7079
3725.00 0.7050
3730.00 0.7007
3735.00 0.6971
3740.00 0.6936
3745.00 0.6878
3750.00 0.6833
3755.00 0.6787
3760.00 0.6725
3765.00 0.6677
3770.00 0.6621
3775.00 0.6547
3780.00 0.6484
3785.00 0.6405
3790.00 0.6330
3795.00 0.6252
3800.00 0.6182
3805.00 0.6090
3810.00 0.6003
3815.00 0.5917
3820.00 0.5798
3825.00 0.5701
3830.00 0.5605
3835.00 0.5486
3840.00 0.5375
3845.00 0.5256
3850.00 0.5122
3855.00 0.5000
3860.00 0.4871
3865.00 0.4729
3870.00 0.4597
3875.00 0.4455
3880.00 0.4300
3885.00 0.4153
3890.00 0.4012
3895.00 0.3858
3900.00 0.3705
3905.00 0.3557
3910.00 0.3397
3915.00 0.3239
3920.00 0.3092
3925.00 0.2935
3930.00 0.2786
3935.00 0.2643
3940.00 0.2490
3945.00 0.2345
3950.00 0.2207
3955.00 0.2071
3960.00 0.1937
3965.00 0.1805
3970.00 0.1683
3975.00 0.1561
3980.00 0.1445
3985.00 0.1335
3990.00 0.1230
3995.00 0.1134
4000.00 0.1037
4005.00 0.0943
4010.00 0.0863
4015.00 0.0783
4020.00 0.0708
4025.00 0.0641
4030.00 0.0579
4035.00 0.0521
4040.00 0.0467
4045.00 0.0417
4050.00 0.0372
4055.00 0.0331
4060.00 0.0294
4065.00 0.0259
4070.00 0.0229
4075.00 0.0201
4080.00 0.0178
4085.00 0.0155
4090.00 0.0136
4095.00 0.0119
4100.00 0.0103
4105.00 0.0089
4110.00 0.0078
4115.00 0.0067
4120.00 0.0058
4125.00 0.0050
4130.00 0.0043
4135.00 0.0037
4140.00 0.0032
4145.00 0.0027
4150.00 0.0023
4155.00 0.0020
4160.00 0.0017
4165.00 0.0014
4170.00 0.0012
4175.00 0.0010
4180.00 0.0009
