4401.00 0.0009
4401.50 0.0010
4402.00 0.0010
4402.50 0.0010
4403.00 0.0010
4403.50 0.0010
4404.00 0.0011
4404.50 0.0011
4405.00 0.0011
4405.50 0.0011
4406.00 0.0012
4406.50 0.0012
4407.00 0.0012
4407.50 0.0013
4408.00 0.0013
4408.50 0.0013
4409.00 0.0014
4409.50 0.0014
4410.00 0.0014
4410.50 0.0015
4411.00 0.0015
4411.50 0.0016
4412.00 0.0016
4412.50 0.0016
4413.00 0.0017
4413.50 0.0017
4414.00 0.0018
4414.50 0.0018
4415.00 0.0019
4415.50 0.0019
4416.00 0.0020
4416.50 0.0020
4417.00 0.0021
4417.50 0.0022
4418.00 0.0022
4418.50 0.0023
4419.00 0.0023
4419.50 0.0024
4420.00 0.0024
4420.50 0.0025
4421.00 0.0026
4421.50 0.0027
4422.00 0.0028
4422.50 0.0028
4423.00 0.0029
4423.50 0.0030
4424.00 0.0031
4424.50 0.0032
4425.00 0.0032
4425.50 0.0034
4426.00 0.0035
4426.50 0.0036
4427.00 0.0037
4427.50 0.0038
4428.00 0.0039
4428.50 0.0040
4429.00 0.0041
4429.50 0.0042
4430.00 0.0044
4430.50 0.0045
4431.00 0.0047
4431.50 0.0048
4432.00 0.0050
4432.50 0.0052
4433.00 0.0053
4433.50 0.0055
4434.00 0.0056
4434.50 0.0058
4435.00 0.0060
4435.50 0.0062
4436.00 0.0064
4436.50 0.0066
4437.00 0.0069
4437.50 0.0071
4438.00 0.0073
4438.50 0.0075
4439.00 0.0078
4439.50 0.0080
4440.00 0.0082
4440.50 0.0085
4441.00 0.0089
4441.50 0.0092
4442.00 0.0095
4442.50 0.0099
4443.00 0.0102
4443.50 0.0105
4444.00 0.0108
4444.50 0.0112
4445.00 0.0115
4445.50 0.0120
4446.00 0.0124
4446.50 0.0129
4447.00 0.0134
4447.50 0.0139
4448.00 0.0143
4448.50 0.0148
4449.00 0.0153
4449.50 0.0158
4450.00 0.0162
4450.50 0.0169
4451.00 0.0176
4451.50 0.0184
4452.00 0.0191
4452.50 0.0198
4453.00 0.0205
4453.50 0.0212
4454.00 0.0219
4454.50 0.0226
4455.00 0.0233
4455.50 0.0244
4456.00 0.0255
4456.50 0.0265
4457.00 0.0276
4457.50 0.0287
4458.00 0.0297
4458.50 0.0308
4459.00 0.0319
4459.50 0.0329
4460.00 0.0340
4460.50 0.0355
4461.00 0.0370
4461.50 0.0385
4462.00 0.0401
4462.50 0.0416
4463.00 0.0431
4463.50 0.0446
4464.00 0.0461
4464.50 0.0476
4465.00 0.0491
4465.50 0.0513
4466.00 0.0535
4466.50 0.0557
4467.00 0.0579
4467.50 0.0601
4468.00 0.0623
4468.50 0.0645
4469.00 0.0667
4469.50 0.0689
4470.00 0.0711
4470.50 0.0742
4471.00 0.0772
4471.50 0.0803
4472.00 0.0834
4472.50 0.0865
4473.00 0.0895
4473.50 0.0926
4474.00 0.0957
4474.50 0.0988
4475.00 0.1018
4475.50 0.1058
4476.00 0.1098
4476.50 0.1138
4477.00 0.1178
4477.50 0.1217
4478.00 0.1257
4478.50 0.1297
4479.00 0.1337
4479.50 0.1377
4480.00 0.1417
4480.50 0.1467
4481.00 0.1517
4481.50 0.1568
4482.00 0.1618
4482.50 0.1669
4483.00 0.1719
4483.50 0.1770
4484.00 0.1820
4484.50 0.1871
4485.00 0.1921
4485.50 0.1979
4486.00 0.2036
4486.50 0.2093
4487.00 0.2151
4487.50 0.2208
4488.00 0.2265
4488.50 0.2323
4489.00 0.2380
4489.50 0.2437
4490.00 0.2495
4490.50 0.2555
4491.00 0.2615
4491.50 0.2675
4492.00 0.2735
4492.50 0.2796
4493.00 0.2856
4493.50 0.2916
4494.00 0.2976
4494.50 0.3036
4495.00 0.3097
4495.50 0.3156
4496.00 0.3216
4496.50 0.3276
4497.00 0.3336
4497.50 0.3396
4498.00 0.3456
4498.50 0.3515
4499.00 0.3575
4499.50 0.3635
4500.00 0.3695
4500.50 0.3748
4501.00 0.3801
4501.50 0.3853
4502.00 0.3906
4502.50 0.3959
4503.00 0.4012
4503.50 0.4065
4504.00 0.4118
4504.50 0.4170
4505.00 0.4223
4505.50 0.4267
4506.00 0.4311
4506.50 0.4356
4507.00 0.4400
4507.50 0.4444
4508.00 0.4488
4508.50 0.4532
4509.00 0.4576
4509.50 0.4621
4510.00 0.4665
4510.50 0.4699
4511.00 0.4733
4511.50 0.4768
4512.00 0.4802
4512.50 0.4836
4513.00 0.4870
4513.50 0.4905
4514.00 0.4939
4514.50 0.4973
4515.00 0.5007
4515.50 0.5031
4516.00 0.5055
4516.50 0.5080
4517.00 0.5104
4517.50 0.5128
4518.00 0.5152
4518.50 0.5176
4519.00 0.5200
4519.50 0.5224
4520.00 0.5248
4520.50 0.5263
4521.00 0.5279
4521.50 0.5294
4522.00 0.5310
4522.50 0.5325
4523.00 0.5341
4523.50 0.5356
4524.00 0.5372
4524.50 0.5387
4525.00 0.5403
4525.50 0.5411
4526.00 0.5419
4526.50 0.5428
4527.00 0.5436
4527.50 0.5445
4528.00 0.5453
4528.50 0.5461
4529.00 0.5470
4529.50 0.5478
4530.00 0.5487
4530.50 0.5490
4531.00 0.5494
4531.50 0.5498
4532.00 0.5501
4532.50 0.5505
4533.00 0.5509
4533.50 0.5513
4534.00 0.5516
4534.50 0.5520
4535.00 0.5524
4535.50 0.5522
4536.00 0.5521
4536.50 0.5519
4537.00 0.5518
4537.50 0.5516
4538.00 0.5515
4538.50 0.5513
4539.00 0.5512
4539.50 0.5510
4540.00 0.5509
4540.50 0.5504
4541.00 0.5500
4541.50 0.5496
4542.00 0.5491
4542.50 0.5487
4543.00 0.5483
4543.50 0.5478
4544.00 0.5474
4544.50 0.5469
4545.00 0.5465
4545.50 0.5460
4546.00 0.5455
4546.50 0.5450
4547.00 0.5444
4547.50 0.5439
4548.00 0.5434
4548.50 0.5429
4549.00 0.5424
4549.50 0.5418
4550.00 0.5413
4550.50 0.5407
4551.00 0.5400
4551.50 0.5394
4552.00 0.5388
4552.50 0.5381
4553.00 0.5375
4553.50 0.5369
4554.00 0.5362
4554.50 0.5356
4555.00 0.5350
4555.50 0.5344
4556.00 0.5338
4556.50 0.5332
4557.00 0.5326
4557.50 0.5320
4558.00 0.5314
4558.50 0.5309
4559.00 0.5303
4559.50 0.5297
4560.00 0.5291
4560.50 0.5286
4561.00 0.5282
4561.50 0.5277
4562.00 0.5273
4562.50 0.5268
4563.00 0.5264
4563.50 0.5259
4564.00 0.5254
4564.50 0.5250
4565.00 0.5245
4565.50 0.5242
4566.00 0.5238
4566.50 0.5234
4567.00 0.5231
4567.50 0.5227
4568.00 0.5223
4568.50 0.5220
4569.00 0.5216
4569.50 0.5213
4570.00 0.5209
4570.50 0.5204
4571.00 0.5200
4571.50 0.5195
4572.00 0.5191
4572.50 0.5186
4573.00 0.5181
4573.50 0.5177
4574.00 0.5172
4574.50 0.5168
4575.00 0.5163
4575.50 0.5157
4576.00 0.5150
4576.50 0.5144
4577.00 0.5138
4577.50 0.5131
4578.00 0.5125
4578.50 0.5119
4579.00 0.5112
4579.50 0.5106
4580.00 0.5100
4580.50 0.5087
4581.00 0.5075
4581.50 0.5063
4582.00 0.5050
4582.50 0.5038
4583.00 0.5026
4583.50 0.5013
4584.00 0.5001
4584.50 0.4989
4585.00 0.4976
4585.50 0.4955
4586.00 0.4933
4586.50 0.4912
4587.00 0.4890
4587.50 0.4869
4588.00 0.4847
4588.50 0.4826
4589.00 0.4804
4589.50 0.4783
4590.00 0.4762
4590.50 0.4727
4591.00 0.4693
4591.50 0.4658
4592.00 0.4624
4592.50 0.4589
4593.00 0.4555
4593.50 0.4520
4594.00 0.4486
4594.50 0.4451
4595.00 0.4417
4595.50 0.4370
4596.00 0.4324
4596.50 0.4278
4597.00 0.4232
4597.50 0.4185
4598.00 0.4139
4598.50 0.4093
4599.00 0.4047
4599.50 0.4001
4600.00 0.3954
4600.50 0.3898
4601.00 0.3842
4601.50 0.3786
4602.00 0.3730
4602.50 0.3674
4603.00 0.3617
4603.50 0.3561
4604.00 0.3505
4604.50 0.3449
4605.00 0.3393
4605.50 0.3332
4606.00 0.3271
4606.50 0.3210
4607.00 0.3148
4607.50 0.3087
4608.00 0.3026
4608.50 0.2965
4609.00 0.2904
4609.50 0.2843
4610.00 0.2782
4610.50 0.2723
4611.00 0.2664
4611.50 0.2606
4612.00 0.2547
4612.50 0.2488
4613.00 0.2430
4613.50 0.2371
4614.00 0.2312
4614.50 0.2253
4615.00 0.2195
4615.50 0.2142
4616.00 0.2089
4616.50 0.2036
4617.00 0.1983
4617.50 0.1930
4618.00 0.1877
4618.50 0.1824
4619.00 0.1771
4619.50 0.1718
4620.00 0.1665
4620.50 0.1622
4621.00 0.1580
4621.50 0.1538
4622.00 0.1495
4622.50 0.1453
4623.00 0.1410
4623.50 0.1368
4624.00 0.1325
4624.50 0.1283
4625.00 0.1241
4625.50 0.1207
4626.00 0.1174
4626.50 0.1141
4627.00 0.1108
4627.50 0.1075
4628.00 0.1041
4628.50 0.1008
4629.00 0.0975
4629.50 0.0942
4630.00 0.0909
4630.50 0.0884
4631.00 0.0859
4631.50 0.0835
4632.00 0.0810
4632.50 0.0786
4633.00 0.0761
4633.50 0.0737
4634.00 0.0712
4634.50 0.0687
4635.00 0.0663
4635.50 0.0645
4636.00 0.0628
4636.50 0.0610
4637.00 0.0592
4637.50 0.0575
4638.00 0.0557
4638.50 0.0539
4639.00 0.0522
4639.50 0.0504
4640.00 0.0486
4640.50 0.0474
4641.00 0.0461
4641.50 0.0449
4642.00 0.0436
4642.50 0.0424
4643.00 0.0411
4643.50 0.0398
4644.00 0.0386
4644.50 0.0373
4645.00 0.0361
4645.50 0.0352
4646.00 0.0342
4646.50 0.0333
4647.00 0.0324
4647.50 0.0315
4648.00 0.0306
4648.50 0.0297
4649.00 0.0288
4649.50 0.0279
4650.00 0.0269
4650.50 0.0263
4651.00 0.0256
4651.50 0.0250
4652.00 0.0243
4652.50 0.0237
4653.00 0.0230
4653.50 0.0224
4654.00 0.0217
4654.50 0.0211
4655.00 0.0204
4655.50 0.0199
4656.00 0.0194
4656.50 0.0190
4657.00 0.0185
4657.50 0.0180
4658.00 0.0175
4658.50 0.0170
4659.00 0.0165
4659.50 0.0161
4660.00 0.0156
4660.50 0.0152
4661.00 0.0149
4661.50 0.0145
4662.00 0.0142
4662.50 0.0138
4663.00 0.0135
4663.50 0.0132
4664.00 0.0128
4664.50 0.0125
4665.00 0.0121
4665.50 0.0119
4666.00 0.0116
4666.50 0.0113
4667.00 0.0111
4667.50 0.0108
4668.00 0.0105
4668.50 0.0103
4669.00 0.0100
4669.50 0.0097
4670.00 0.0095
4670.50 0.0093
4671.00 0.0091
4671.50 0.0089
4672.00 0.0087
4672.50 0.0085
4673.00 0.0083
4673.50 0.0081
4674.00 0.0079
4674.50 0.0077
4675.00 0.0075
4675.50 0.0073
4676.00 0.0072
4676.50 0.0070
4677.00 0.0069
4677.50 0.0067
4678.00 0.0066
4678.50 0.0064
4679.00 0.0063
4679.50 0.0061
4680.00 0.0060
4680.50 0.0059
4681.00 0.0058
4681.50 0.0056
4682.00 0.0055
4682.50 0.0054
4683.00 0.0053
4683.50 0.0052
4684.00 0.0051
4684.50 0.0049
4685.00 0.0048
4685.50 0.0047
4686.00 0.0047
4686.50 0.0046
4687.00 0.0045
4687.50 0.0044
4688.00 0.0043
4688.50 0.0042
4689.00 0.0041
4689.50 0.0040
4690.00 0.0039
4690.50 0.0039
4691.00 0.0038
4691.50 0.0037
4692.00 0.0037
4692.50 0.0036
4693.00 0.0035
4693.50 0.0034
4694.00 0.0034
4694.50 0.0033
4695.00 0.0032
4695.50 0.0032
4696.00 0.0031
4696.50 0.0031
4697.00 0.0030
4697.50 0.0030
4698.00 0.0029
4698.50 0.0028
4699.00 0.0028
4699.50 0.0027
4700.00 0.0027
4700.50 0.0026
4701.00 0.0026
4701.50 0.0025
4702.00 0.0025
4702.50 0.0024
4703.00 0.0024
4703.50 0.0023
4704.00 0.0023
4704.50 0.0023
4705.00 0.0022
4705.50 0.0022
4706.00 0.0021
4706.50 0.0021
4707.00 0.0021
4707.50 0.0020
4708.00 0.0020
4708.50 0.0020
4709.00 0.0019
4709.50 0.0019
4710.00 0.0018
4710.50 0.0018
4711.00 0.0018
4711.50 0.0018
4712.00 0.0017
4712.50 0.0017
4713.00 0.0017
4713.50 0.0016
4714.00 0.0016
4714.50 0.0016
4715.00 0.0016
4715.50 0.0015
4716.00 0.0015
4716.50 0.0015
4717.00 0.0015
4717.50 0.0014
4718.00 0.0014
4718.50 0.0014
4719.00 0.0014
4719.50 0.0013
4720.00 0.0013
4720.50 0.0013
4721.00 0.0013
4721.50 0.0012
4722.00 0.0012
4722.50 0.0012
4723.00 0.0012
4723.50 0.0012
4724.00 0.0011
4724.50 0.0011
4725.00 0.0011
4725.50 0.0011
4726.00 0.0011
4726.50 0.0011
4727.00 0.0010
4727.50 0.0010
4728.00 0.0010
4728.50 0.0010
4729.00 0.0010
4729.50 0.0010
4730.00 0.0009
