4830.00 0.0009
4835.00 0.0015
4840.00 0.0024
4845.00 0.0037
4850.00 0.0055
4855.00 0.0081
4860.00 0.0118
4865.00 0.0163
4870.00 0.0226
4875.00 0.0303
4880.00 0.0400
4885.00 0.0517
4890.00 0.0656
4895.00 0.0812
4900.00 0.1002
4905.00 0.1201
4910.00 0.1430
4915.00 0.1669
4920.00 0.1935
4925.00 0.2206
4930.00 0.2491
4935.00 0.2781
4940.00 0.3091
4945.00 0.3381
4950.00 0.3689
4955.00 0.3977
4960.00 0.4272
4965.00 0.4559
4970.00 0.4837
4975.00 0.5092
4980.00 0.5368
4985.00 0.5602
4990.00 0.5835
4995.00 0.6049
5000.00 0.6263
5005.00 0.6454
5010.00 0.6639
5015.00 0.6813
5020.00 0.6979
5025.00 0.7125
5030.00 0.7275
5035.00 0.7395
5040.00 0.7527
5045.00 0.7637
5050.00 0.7738
5055.00 0.7841
5060.00 0.7931
5065.00 0.8011
5070.00 0.8093
5075.00 0.8164
5080.00 0.8231
5085.00 0.8291
5090.00 0.8348
5095.00 0.8396
5100.00 0.8454
5105.00 0.8495
5110.00 0.8538
5115.00 0.8577
5120.00 0.8621
5125.00 0.8650
5130.00 0.8676
5135.00 0.8714
5140.00 0.8732
5145.00 0.8756
5150.00 0.8784
5155.00 0.8796
5160.00 0.8819
5165.00 0.8834
5170.00 0.8855
5175.00 0.8870
5180.00 0.8889
5185.00 0.8900
5190.00 0.8893
5195.00 0.8918
5200.00 0.8919
5205.00 0.8923
5210.00 0.8944
5215.00 0.8940
5220.00 0.8953
5225.00 0.8956
5230.00 0.8956
5235.00 0.8961
5240.00 0.8968
5245.00 0.8964
5250.00 0.8959
5255.00 0.8971
5260.00 0.8971
5265.00 0.8962
5270.00 0.8966
5275.00 0.8954
5280.00 0.8946
5285.00 0.8949
5290.00 0.8949
5295.00 0.8942
5300.00 0.8942
5305.00 0.8935
5310.00 0.8925
5315.00 0.8923
5320.00 0.8912
5325.00 0.8900
5330.00 0.8897
5335.00 0.8888
5340.00 0.8881
5345.00 0.8886
5350.00 0.8870
5355.00 0.8848
5360.00 0.8848
5365.00 0.8830
5370.00 0.8810
5375.00 0.8814
5380.00 0.8800
5385.00 0.8787
5390.00 0.8774
5395.00 0.8767
5400.00 0.8739
5405.00 0.8728
5410.00 0.8719
5415.00 0.8688
5420.00 0.8690
5425.00 0.8677
5430.00 0.8654
5435.00 0.8647
5440.00 0.8631
5445.00 0.8602
5450.00 0.8585
5455.00 0.8572
5460.00 0.8544
5465.00 0.8532
5470.00 0.8519
5475.00 0.8485
5480.00 0.8472
5485.00 0.8450
5490.00 0.8420
5495.00 0.8409
5500.00 0.8390
5505.00 0.8361
5510.00 0.8332
5515.00 0.8324
5520.00 0.8300
5525.00 0.8273
5530.00 0.8256
5535.00 0.8216
5540.00 0.8203
5545.00 0.8176
5550.00 0.8138
5555.00 0.8116
5560.00 0.8094
5565.00 0.8058
5570.00 0.8024
5575.00 0.8005
5580.00 0.7967
5585.00 0.7941
5590.00 0.7916
5595.00 0.7870
5600.00 0.7843
5605.00 0.7815
5610.00 0.7778
5615.00 0.7746
5620.00 0.7714
5625.00 0.7679
5630.00 0.7632
5635.00 0.7606
5640.00 0.7570
5645.00 0.7531
5650.00 0.7501
5655.00 0.7456
5660.00 0.7422
5665.00 0.7380
5670.00 0.7341
5675.00 0.7299
5680.00 0.7268
5685.00 0.7228
5690.00 0.7208
5695.00 0.7149
5700.00 0.7094
5705.00 0.7056
5710.00 0.7016
5715.00 0.6970
5720.00 0.6931
5725.00 0.6889
5730.00 0.6838
5735.00 0.6791
5740.00 0.6752
5745.00 0.6699
5750.00 0.6655
5755.00 0.6620
5760.00 0.6563
5765.00 0.6519
5770.00 0.6473
5775.00 0.6421
5780.00 0.6373
5785.00 0.6329
5790.00 0.6275
5795.00 0.6228
5800.00 0.6184
5805.00 0.6130
5810.00 0.6080
5815.00 0.6033
5820.00 0.5976
5825.00 0.5928
5830.00 0.5877
5835.00 0.5826
5840.00 0.5774
5845.00 0.5727
5850.00 0.5670
5855.00 0.5616
5860.00 0.5572
5865.00 0.5510
5870.00 0.5453
5875.00 0.5415
5880.00 0.5351
5885.00 0.5298
5890.00 0.5249
5895.00 0.5194
5900.00 0.5138
5905.00 0.5085
5910.00 0.5029
5915.00 0.4973
5920.00 0.4923
5925.00 0.4865
5930.00 0.4807
5935.00 0.4759
5940.00 0.4698
5945.00 0.4643
5950.00 0.4589
5955.00 0.4533
5960.00 0.4480
5965.00 0.4427
5970.00 0.4372
5975.00 0.4317
5980.00 0.4262
5985.00 0.4210
5990.00 0.4148
5995.00 0.4097
6000.00 0.4045
6005.00 0.3989
6010.00 0.3937
6015.00 0.3882
6020.00 0.3824
6025.00 0.3775
6030.00 0.3722
6035.00 0.3670
6040.00 0.3617
6045.00 0.3566
6050.00 0.3510
6055.00 0.3458
6060.00 0.3406
6065.00 0.3350
6070.00 0.3301
6075.00 0.3253
6080.00 0.3197
6085.00 0.3148
6090.00 0.3098
6095.00 0.3045
6100.00 0.2997
6105.00 0.2948
6110.00 0.2898
6115.00 0.2849
6120.00 0.2801
6125.00 0.2752
6130.00 0.2702
6135.00 0.2659
6140.00 0.2604
6145.00 0.2560
6150.00 0.2514
6155.00 0.2469
6160.00 0.2423
6165.00 0.2380
6170.00 0.2333
6175.00 0.2287
6180.00 0.2244
6185.00 0.2200
6190.00 0.2155
6195.00 0.2118
6200.00 0.2074
6205.00 0.2033
6210.00 0.1993
6215.00 0.1948
6220.00 0.1907
6225.00 0.1870
6230.00 0.1828
6235.00 0.1791
6240.00 0.1753
6245.00 0.1717
6250.00 0.1678
6255.00 0.1643
6260.00 0.1604
6265.00 0.1569
6270.00 0.1533
6275.00 0.1499
6280.00 0.1465
6285.00 0.1431
6290.00 0.1398
6295.00 0.1364
6300.00 0.1332
6305.00 0.1299
6310.00 0.1266
6315.00 0.1238
6320.00 0.1208
6325.00 0.1177
6330.00 0.1148
6335.00 0.1118
6340.00 0.1090
6345.00 0.1061
6350.00 0.1035
6355.00 0.1008
6360.00 0.0981
6365.00 0.0956
6370.00 0.0930
6375.00 0.0905
6380.00 0.0882
6385.00 0.0857
6390.00 0.0834
6395.00 0.0813
6400.00 0.0787
6405.00 0.0766
6410.00 0.0745
6415.00 0.0724
6420.00 0.0703
6425.00 0.0683
6430.00 0.0664
6435.00 0.0645
6440.00 0.0626
6445.00 0.0606
6450.00 0.0589
6455.00 0.0572
6460.00 0.0554
6465.00 0.0537
6470.00 0.0521
6475.00 0.0504
6480.00 0.0489
6485.00 0.0474
6490.00 0.0459
6495.00 0.0444
6500.00 0.0429
6505.00 0.0417
6510.00 0.0403
6515.00 0.0390
6520.00 0.0376
6525.00 0.0364
6530.00 0.0353
6535.00 0.0340
6540.00 0.0328
6545.00 0.0318
6550.00 0.0307
6555.00 0.0297
6560.00 0.0286
6565.00 0.0276
6570.00 0.0266
6575.00 0.0258
6580.00 0.0247
6585.00 0.0240
6590.00 0.0231
6595.00 0.0222
6600.00 0.0215
6605.00 0.0207
6610.00 0.0199
6615.00 0.0193
6620.00 0.0185
6625.00 0.0178
6630.00 0.0172
6635.00 0.0165
6640.00 0.0159
6645.00 0.0153
6650.00 0.0147
6655.00 0.0142
6660.00 0.0136
6665.00 0.0131
6670.00 0.0126
6675.00 0.0121
6680.00 0.0116
6685.00 0.0112
6690.00 0.0107
6695.00 0.0103
6700.00 0.0098
6705.00 0.0094
6710.00 0.0090
6715.00 0.0086
6720.00 0.0083
6725.00 0.0079
6730.00 0.0076
6735.00 0.0073
6740.00 0.0070
6745.00 0.0067
6750.00 0.0064
6755.00 0.0061
6760.00 0.0059
6765.00 0.0057
6770.00 0.0054
6775.00 0.0051
6780.00 0.0049
6785.00 0.0047
6790.00 0.0045
6795.00 0.0043
6800.00 0.0041
6805.00 0.0039
6810.00 0.0038
6815.00 0.0036
6820.00 0.0034
6825.00 0.0033
6830.00 0.0032
6835.00 0.0030
6840.00 0.0029
6845.00 0.0028
6850.00 0.0026
6855.00 0.0025
6860.00 0.0024
6865.00 0.0023
6870.00 0.0022
6875.00 0.0021
6880.00 0.0020
6885.00 0.0019
6890.00 0.0018
6895.00 0.0017
6900.00 0.0016
6905.00 0.0016
6910.00 0.0015
6915.00 0.0014
6920.00 0.0013
6925.00 0.0013
6930.00 0.0012
6935.00 0.0011
6940.00 0.0011
6945.00 0.0010
6950.00 0.0010
6955.00 0.0009
