2930.00 0.0007
2940.00 0.0012
2950.00 0.0019
2960.00 0.0030
2970.00 0.0046
2980.00 0.0068
2990.00 0.0097
3000.00 0.0135
3010.00 0.0183
3020.00 0.0241
3030.00 0.0313
3040.00 0.0398
3050.00 0.0495
3060.00 0.0608
3070.00 0.0736
3080.00 0.0844
3090.00 0.1021
3100.00 0.1182
3110.00 0.1355
3120.00 0.1528
3130.00 0.1720
3140.00 0.1912
3150.00 0.2118
3160.00 0.2303
3170.00 0.2501
3180.00 0.2712
3190.00 0.2906
3200.00 0.3102
3210.00 0.3296
3220.00 0.3483
3230.00 0.3664
3240.00 0.3846
3250.00 0.4014
3260.00 0.4204
3270.00 0.4376
3280.00 0.4536
3290.00 0.4684
3300.00 0.4849
3310.00 0.4979
3320.00 0.5112
3330.00 0.5269
3340.00 0.5380
3350.00 0.5510
3360.00 0.5609
3370.00 0.5734
3380.00 0.5836
3390.00 0.5931
3400.00 0.6024
3410.00 0.6130
3420.00 0.6194
3430.00 0.6298
3440.00 0.6370
3450.00 0.6472
3460.00 0.6527
3470.00 0.6596
3480.00 0.6635
3490.00 0.6745
3500.00 0.6795
3510.00 0.6861
3520.00 0.6910
3530.00 0.6955
3540.00 0.7009
3550.00 0.7043
3560.00 0.7074
3570.00 0.7105
3580.00 0.7138
3590.00 0.7166
3600.00 0.7189
3610.00 0.7202
3620.00 0.7215
3630.00 0.7223
3640.00 0.7215
3650.00 0.7217
3660.00 0.7194
3670.00 0.7182
3680.00 0.7167
3690.00 0.7116
3700.00 0.7080
3710.00 0.7038
3720.00 0.6972
3730.00 0.6901
3740.00 0.6815
3750.00 0.6725
3760.00 0.6620
3770.00 0.6496
3780.00 0.6357
3790.00 0.6205
3800.00 0.6039
3810.00 0.5856
3820.00 0.5654
3830.00 0.5443
3840.00 0.5208
3850.00 0.4957
3860.00 0.4697
3870.00 0.4417
3880.00 0.4129
3890.00 0.3829
3900.00 0.3523
3910.00 0.3213
3920.00 0.2912
3930.00 0.2610
3940.00 0.2315
3950.00 0.2033
3960.00 0.1768
3970.00 0.1518
3980.00 0.1292
3990.00 0.1086
4000.00 0.0903
4010.00 0.0741
4020.00 0.0601
4030.00 0.0482
4040.00 0.0382
4050.00 0.0299
4060.00 0.0231
4070.00 0.0176
4080.00 0.0133
4090.00 0.0099
4100.00 0.0073
4110.00 0.0054
4120.00 0.0039
4130.00 0.0028
4140.00 0.0020
4150.00 0.0014
4160.00 0.0010
4170.00 0.0007
