7775.00 0.0008
7780.00 0.0011
7785.00 0.0013
7790.00 0.0017
7795.00 0.0022
7800.00 0.0030
7805.00 0.0040
7810.00 0.0053
7815.00 0.0074
7820.00 0.0101
7825.00 0.0145
7830.00 0.0205
7835.00 0.0298
7840.00 0.0439
7845.00 0.0661
7850.00 0.1008
7855.00 0.1535
7860.00 0.2314
7865.00 0.3374
7870.00 0.4661
7875.00 0.5907
7880.00 0.6962
7885.00 0.7699
7890.00 0.8067
7895.00 0.8218
7900.00 0.8266
7905.00 0.8247
7910.00 0.8271
7915.00 0.8280
7920.00 0.8321
7925.00 0.8304
7930.00 0.8349
7935.00 0.8355
7940.00 0.8343
7945.00 0.8341
7950.00 0.8283
7955.00 0.8212
7960.00 0.8131
7965.00 0.8036
7970.00 0.7947
7975.00 0.7861
7980.00 0.7811
7985.00 0.7814
7990.00 0.7798
7995.00 0.7865
8000.00 0.7839
8005.00 0.7680
8010.00 0.7232
8015.00 0.6369
8020.00 0.5208
8025.00 0.3922
8030.00 0.2758
8035.00 0.1874
8040.00 0.1247
8045.00 0.0823
8050.00 0.0550
8055.00 0.0370
8060.00 0.0250
8065.00 0.0176
8070.00 0.0125
8075.00 0.0090
8080.00 0.0065
8085.00 0.0049
8090.00 0.0037
8095.00 0.0028
8100.00 0.0021
8105.00 0.0017
8110.00 0.0013
8115.00 0.0010
8120.00 0.0008
