6715.00 0.0008
6716.00 0.0011
6717.00 0.0014
6718.00 0.0019
6719.00 0.0027
6720.00 0.0038
6721.00 0.0054
6722.00 0.0078
6723.00 0.0112
6724.00 0.0153
6725.00 0.0209
6726.00 0.0278
6727.00 0.0353
6728.00 0.0442
6729.00 0.0548
6730.00 0.0670
6731.00 0.0803
6732.00 0.0951
6733.00 0.1110
6734.00 0.1284
6735.00 0.1466
6736.00 0.1646
6737.00 0.1844
6738.00 0.2058
6739.00 0.2262
6740.00 0.2466
6741.00 0.2665
6742.00 0.2849
6743.00 0.3005
6744.00 0.3143
6745.00 0.3253
6746.00 0.3349
6747.00 0.3415
6748.00 0.3461
6749.00 0.3470
6750.00 0.3452
6751.00 0.3412
6752.00 0.3343
6753.00 0.3249
6754.00 0.3128
6755.00 0.2994
6756.00 0.2831
6757.00 0.2656
6758.00 0.2465
6759.00 0.2262
6760.00 0.2078
6761.00 0.1884
6762.00 0.1683
6763.00 0.1491
6764.00 0.1305
6765.00 0.1139
6766.00 0.0973
6767.00 0.0840
6768.00 0.0713
6769.00 0.0593
6770.00 0.0495
6771.00 0.0402
6772.00 0.0323
6773.00 0.0255
6774.00 0.0194
6775.00 0.0152
6776.00 0.0115
6777.00 0.0085
6778.00 0.0062
6779.00 0.0045
6780.00 0.0033
6781.00 0.0024
6782.00 0.0018
6783.00 0.0014
6784.00 0.0011
6785.00 0.0009
