5400.00 0.0006
5410.00 0.0015
5420.00 0.0037
5430.00 0.0082
5440.00 0.0163
5450.00 0.0300
5460.00 0.0507
5470.00 0.0794
5480.00 0.1157
5490.00 0.1571
5500.00 0.1997
5510.00 0.2407
5520.00 0.2796
5530.00 0.3140
5540.00 0.3463
5550.00 0.3766
5560.00 0.4044
5570.00 0.4280
5580.00 0.4469
5590.00 0.4617
5600.00 0.4753
5610.00 0.4899
5620.00 0.5076
5630.00 0.5300
5640.00 0.5571
5650.00 0.5877
5660.00 0.6202
5670.00 0.6527
5680.00 0.6776
5690.00 0.7136
5700.00 0.7398
5710.00 0.7635
5720.00 0.7841
5730.00 0.8020
5740.00 0.8161
5750.00 0.8268
5760.00 0.8352
5770.00 0.8418
5780.00 0.8487
5790.00 0.8560
5800.00 0.8638
5810.00 0.8718
5820.00 0.8790
5830.00 0.8840
5840.00 0.8865
5850.00 0.8861
5860.00 0.8841
5870.00 0.8816
5880.00 0.8795
5890.00 0.8798
5900.00 0.8822
5910.00 0.8865
5920.00 0.8923
5930.00 0.8978
5940.00 0.9016
5950.00 0.9034
5960.00 0.9025
5970.00 0.8982
5980.00 0.8933
5990.00 0.8875
6000.00 0.8819
6010.00 0.8773
6020.00 0.8734
6030.00 0.8717
6040.00 0.8714
6050.00 0.8721
6060.00 0.8729
6070.00 0.8745
6080.00 0.8764
6090.00 0.8769
6100.00 0.8761
6110.00 0.8749
6120.00 0.8724
6130.00 0.8703
6140.00 0.8692
6150.00 0.8704
6160.00 0.8729
6170.00 0.8765
6180.00 0.8803
6190.00 0.8829
6200.00 0.8835
6210.00 0.8811
6220.00 0.8754
6230.00 0.8673
6240.00 0.8580
6250.00 0.8487
6260.00 0.8404
6270.00 0.8338
6280.00 0.8285
6290.00 0.8251
6300.00 0.8229
6310.00 0.8223
6320.00 0.8237
6330.00 0.8255
6340.00 0.8294
6350.00 0.8346
6360.00 0.8403
6370.00 0.8452
6380.00 0.8485
6390.00 0.8479
6400.00 0.8427
6410.00 0.8336
6420.00 0.8203
6430.00 0.8051
6440.00 0.7904
6450.00 0.7769
6460.00 0.7662
6470.00 0.7599
6480.00 0.7566
6490.00 0.7574
6500.00 0.7616
6510.00 0.7680
6520.00 0.7770
6530.00 0.7859
6540.00 0.7946
6550.00 0.8022
6560.00 0.8079
6570.00 0.8110
6580.00 0.8113
6590.00 0.8088
6600.00 0.8039
6610.00 0.7966
6620.00 0.7886
6630.00 0.7814
6640.00 0.7736
6650.00 0.7684
6660.00 0.7644
6670.00 0.7624
6680.00 0.7622
6690.00 0.7623
6700.00 0.7622
6710.00 0.7610
6720.00 0.7594
6730.00 0.7560
6740.00 0.7495
6750.00 0.7404
6760.00 0.7278
6770.00 0.7111
6780.00 0.6912
6790.00 0.6662
6800.00 0.6390
6810.00 0.6102
6820.00 0.5823
6830.00 0.5569
6840.00 0.5358
6850.00 0.5198
6860.00 0.5093
6870.00 0.5034
6880.00 0.4993
6890.00 0.4944
6900.00 0.4854
6910.00 0.4696
6920.00 0.4457
6930.00 0.4134
6940.00 0.3714
6950.00 0.3171
6960.00 0.2529
6970.00 0.1851
6980.00 0.1263
6990.00 0.0805
7000.00 0.0514
7010.00 0.0326
7020.00 0.0214
7030.00 0.0145
7040.00 0.0102
7050.00 0.0075
7060.00 0.0057
7070.00 0.0045
7080.00 0.0036
7090.00 0.0030
7100.00 0.0024
7110.00 0.0020
7120.00 0.0016
7130.00 0.0013
7140.00 0.0011
7150.00 0.0008
