2920.00 0.0008
2925.00 0.0010
2930.00 0.0012
2935.00 0.0015
2940.00 0.0019
2945.00 0.0023
2950.00 0.0029
2955.00 0.0035
2960.00 0.0043
2965.00 0.0052
2970.00 0.0062
2975.00 0.0074
2980.00 0.0090
2985.00 0.0106
2990.00 0.0126
2995.00 0.0149
3000.00 0.0175
3005.00 0.0205
3010.00 0.0236
3015.00 0.0272
3020.00 0.0313
3025.00 0.0352
3030.00 0.0399
3035.00 0.0448
3040.00 0.0502
3045.00 0.0555
3050.00 0.0617
3055.00 0.0676
3060.00 0.0744
3065.00 0.0813
3070.00 0.0887
3075.00 0.0964
3080.00 0.1049
3085.00 0.1134
3090.00 0.1171
3095.00 0.1325
3100.00 0.1419
3105.00 0.1510
3110.00 0.1612
3115.00 0.1709
3120.00 0.1808
3125.00 0.1910
3130.00 0.2008
3135.00 0.2102
3140.00 0.2211
3145.00 0.2302
3150.00 0.2414
3155.00 0.2509
3160.00 0.2608
3165.00 0.2699
3170.00 0.2807
3175.00 0.2892
3180.00 0.2994
3185.00 0.3085
3190.00 0.3177
3195.00 0.3268
3200.00 0.3368
3205.00 0.3454
3210.00 0.3542
3215.00 0.3624
3220.00 0.3711
3225.00 0.3794
3230.00 0.3893
3235.00 0.3974
3240.00 0.4057
3245.00 0.4140
3250.00 0.4218
3255.00 0.4295
3260.00 0.4377
3265.00 0.4450
3270.00 0.4522
3275.00 0.4598
3280.00 0.4669
3285.00 0.4740
3290.00 0.4820
3295.00 0.4886
3300.00 0.4952
3305.00 0.5020
3310.00 0.5076
3315.00 0.5135
3320.00 0.5206
3325.00 0.5272
3330.00 0.5331
3335.00 0.5387
3340.00 0.5451
3345.00 0.5498
3350.00 0.5557
3355.00 0.5603
3360.00 0.5662
3365.00 0.5720
3370.00 0.5768
3375.00 0.5823
3380.00 0.5877
3385.00 0.5922
3390.00 0.5967
3395.00 0.6011
3400.00 0.6066
3405.00 0.6098
3410.00 0.6155
3415.00 0.6189
3420.00 0.6233
3425.00 0.6286
3430.00 0.6313
3435.00 0.6357
3440.00 0.6400
3445.00 0.6434
3450.00 0.6471
3455.00 0.6507
3460.00 0.6557
3465.00 0.6578
3470.00 0.6621
3475.00 0.6654
3480.00 0.6689
3485.00 0.6729
3490.00 0.6769
3495.00 0.6785
3500.00 0.6824
3505.00 0.6857
3510.00 0.6887
3515.00 0.6916
3520.00 0.6949
3525.00 0.6980
3530.00 0.7014
3535.00 0.7042
3540.00 0.7069
3545.00 0.7094
3550.00 0.7120
3555.00 0.7136
3560.00 0.7156
3565.00 0.7183
3570.00 0.7198
3575.00 0.7222
3580.00 0.7242
3585.00 0.7253
3590.00 0.7273
3595.00 0.7291
3600.00 0.7291
3605.00 0.7307
3610.00 0.7322
3615.00 0.7323
3620.00 0.7338
3625.00 0.7350
3630.00 0.7348
3635.00 0.7352
3640.00 0.7360
3645.00 0.7361
3650.00 0.7350
3655.00 0.7360
3660.00 0.7349
3665.00 0.7342
3670.00 0.7351
3675.00 0.7333
3680.00 0.7325
3685.00 0.7314
3690.00 0.7303
3695.00 0.7270
3700.00 0.7264
3705.00 0.7244
3710.00 0.7216
3715.00 0.7193
3720.00 0.7168
3725.00 0.7129
3730.00 0.7084
3735.00 0.7049
3740.00 0.6999
3745.00 0.6956
3750.00 0.6912
3755.00 0.6859
3760.00 0.6807
3765.00 0.6745
3770.00 0.6683
3775.00 0.6616
3780.00 0.6558
3785.00 0.6481
3790.00 0.6401
3795.00 0.6332
3800.00 0.6241
3805.00 0.6154
3810.00 0.6068
3815.00 0.5968
3820.00 0.5871
3825.00 0.5773
3830.00 0.5666
3835.00 0.5555
3840.00 0.5438
3845.00 0.5316
3850.00 0.5187
3855.00 0.5062
3860.00 0.4928
3865.00 0.4791
3870.00 0.4650
3875.00 0.4509
3880.00 0.4358
3885.00 0.4218
3890.00 0.4064
3895.00 0.3913
3900.00 0.3756
3905.00 0.3606
3910.00 0.3449
3915.00 0.3297
3920.00 0.3141
3925.00 0.2987
3930.00 0.2833
3935.00 0.2687
3940.00 0.2536
3945.00 0.2396
3950.00 0.2249
3955.00 0.2110
3960.00 0.1973
3965.00 0.1842
3970.00 0.1714
3975.00 0.1595
3980.00 0.1475
3985.00 0.1365
3990.00 0.1259
3995.00 0.1156
4000.00 0.1058
4005.00 0.0969
4010.00 0.0883
4015.00 0.0805
4020.00 0.0728
4025.00 0.0660
4030.00 0.0594
4035.00 0.0535
4040.00 0.0480
4045.00 0.0429
4050.00 0.0383
4055.00 0.0342
4060.00 0.0302
4065.00 0.0269
4070.00 0.0237
4075.00 0.0209
4080.00 0.0183
4085.00 0.0162
4090.00 0.0140
4095.00 0.0123
4100.00 0.0107
4105.00 0.0093
4110.00 0.0081
4115.00 0.0070
4120.00 0.0061
4125.00 0.0052
4130.00 0.0045
4135.00 0.0039
4140.00 0.0033
4145.00 0.0029
4150.00 0.0024
4155.00 0.0021
4160.00 0.0018
4165.00 0.0015
4170.00 0.0013
4175.00 0.0011
4180.00 0.0009
