2840.00 0.0008
2845.00 0.0011
2850.00 0.0014
2855.00 0.0018
2860.00 0.0023
2865.00 0.0028
2870.00 0.0035
2875.00 0.0043
2880.00 0.0052
2885.00 0.0062
2890.00 0.0075
2895.00 0.0088
2900.00 0.0106
2905.00 0.0122
2910.00 0.0144
2915.00 0.0165
2920.00 0.0192
2925.00 0.0220
2930.00 0.0252
2935.00 0.0285
2940.00 0.0325
2945.00 0.0366
2950.00 0.0412
2955.00 0.0463
2960.00 0.0518
2965.00 0.0578
2970.00 0.0639
2975.00 0.0706
2980.00 0.0780
2985.00 0.0852
2990.00 0.0934
2995.00 0.1013
3000.00 0.1102
3005.00 0.1183
3010.00 0.1277
3015.00 0.1365
3020.00 0.1465
3025.00 0.1560
3030.00 0.1654
3035.00 0.1753
3040.00 0.1848
3045.00 0.1947
3050.00 0.2046
3055.00 0.2142
3060.00 0.2247
3065.00 0.2339
3070.00 0.2444
3075.00 0.2543
3080.00 0.2644
3085.00 0.2740
3090.00 0.2791
3095.00 0.2959
3100.00 0.3059
3105.00 0.3147
3110.00 0.3240
3115.00 0.3328
3120.00 0.3422
3125.00 0.3503
3130.00 0.3598
3135.00 0.3676
3140.00 0.3763
3145.00 0.3845
3150.00 0.3922
3155.00 0.3994
3160.00 0.4072
3165.00 0.4147
3170.00 0.4223
3175.00 0.4284
3180.00 0.4375
3185.00 0.4424
3190.00 0.4498
3195.00 0.4564
3200.00 0.4618
3205.00 0.4690
3210.00 0.4757
3215.00 0.4807
3220.00 0.4885
3225.00 0.4931
3230.00 0.4986
3235.00 0.5046
3240.00 0.5113
3245.00 0.5158
3250.00 0.5210
3255.00 0.5264
3260.00 0.5314
3265.00 0.5365
3270.00 0.5420
3275.00 0.5452
3280.00 0.5503
3285.00 0.5560
3290.00 0.5592
3295.00 0.5646
3300.00 0.5696
3305.00 0.5721
3310.00 0.5758
3315.00 0.5804
3320.00 0.5831
3325.00 0.5884
3330.00 0.5926
3335.00 0.5956
3340.00 0.5995
3345.00 0.6029
3350.00 0.6062
3355.00 0.6090
3360.00 0.6129
3365.00 0.6159
3370.00 0.6188
3375.00 0.6235
3380.00 0.6260
3385.00 0.6280
3390.00 0.6319
3395.00 0.6337
3400.00 0.6367
3405.00 0.6410
3410.00 0.6424
3415.00 0.6460
3420.00 0.6488
3425.00 0.6501
3430.00 0.6531
3435.00 0.6569
3440.00 0.6592
3445.00 0.6619
3450.00 0.6653
3455.00 0.6672
3460.00 0.6700
3465.00 0.6725
3470.00 0.6738
3475.00 0.6774
3480.00 0.6804
3485.00 0.6827
3490.00 0.6845
3495.00 0.6874
3500.00 0.6894
3505.00 0.6920
3510.00 0.6949
3515.00 0.6968
3520.00 0.6982
3525.00 0.7024
3530.00 0.7015
3535.00 0.7036
3540.00 0.7069
3545.00 0.7079
3550.00 0.7089
3555.00 0.7115
3560.00 0.7130
3565.00 0.7133
3570.00 0.7167
3575.00 0.7183
3580.00 0.7184
3585.00 0.7208
3590.00 0.7221
3595.00 0.7222
3600.00 0.7244
3605.00 0.7255
3610.00 0.7265
3615.00 0.7271
3620.00 0.7293
3625.00 0.7288
3630.00 0.7309
3635.00 0.7306
3640.00 0.7310
3645.00 0.7315
3650.00 0.7316
3655.00 0.7311
3660.00 0.7309
3665.00 0.7308
3670.00 0.7300
3675.00 0.7301
3680.00 0.7309
3685.00 0.7277
3690.00 0.7275
3695.00 0.7260
3700.00 0.7245
3705.00 0.7218
3710.00 0.7219
3715.00 0.7187
3720.00 0.7157
3725.00 0.7137
3730.00 0.7107
3735.00 0.7058
3740.00 0.7043
3745.00 0.7015
3750.00 0.6961
3755.00 0.6928
3760.00 0.6877
3765.00 0.6829
3770.00 0.6778
3775.00 0.6722
3780.00 0.6655
3785.00 0.6602
3790.00 0.6540
3795.00 0.6458
3800.00 0.6390
3805.00 0.6317
3810.00 0.6224
3815.00 0.6146
3820.00 0.6050
3825.00 0.5950
3830.00 0.5850
3835.00 0.5746
3840.00 0.5642
3845.00 0.5531
3850.00 0.5413
3855.00 0.5291
3860.00 0.5169
3865.00 0.5046
3870.00 0.4902
3875.00 0.4775
3880.00 0.4633
3885.00 0.4485
3890.00 0.4340
3895.00 0.4198
3900.00 0.4043
3905.00 0.3897
3910.00 0.3752
3915.00 0.3594
3920.00 0.3444
3925.00 0.3290
3930.00 0.3133
3935.00 0.2989
3940.00 0.2839
3945.00 0.2690
3950.00 0.2545
3955.00 0.2410
3960.00 0.2262
3965.00 0.2130
3970.00 0.1996
3975.00 0.1869
3980.00 0.1740
3985.00 0.1625
3990.00 0.1507
3995.00 0.1399
4000.00 0.1292
4005.00 0.1191
4010.00 0.1095
4015.00 0.1008
4020.00 0.0920
4025.00 0.0842
4030.00 0.0766
4035.00 0.0698
4040.00 0.0631
4045.00 0.0571
4050.00 0.0516
4055.00 0.0465
4060.00 0.0416
4065.00 0.0374
4070.00 0.0332
4075.00 0.0297
4080.00 0.0264
4085.00 0.0235
4090.00 0.0208
4095.00 0.0184
4100.00 0.0162
4105.00 0.0143
4110.00 0.0125
4115.00 0.0110
4120.00 0.0096
4125.00 0.0084
4130.00 0.0073
4135.00 0.0064
4140.00 0.0055
4145.00 0.0048
4150.00 0.0042
4155.00 0.0036
4160.00 0.0031
4165.00 0.0027
4170.00 0.0023
4175.00 0.0020
4180.00 0.0017
4185.00 0.0015
4190.00 0.0013
4195.00 0.0011
4200.00 0.0009
