14487.000000 0.004000
14494.000000 0.003900
14502.000000 0.003900
14509.000000 0.003800
14516.000000 0.004000
14523.000000 0.003800
14530.000000 0.003900
14538.000000 0.004000
14545.000000 0.004100
14552.000000 0.004200
14559.000000 0.004300
14567.000000 0.004400
14574.000000 0.002900
14581.000000 0.000100
14588.000000 0.002000
14595.000000 0.004700
14603.000000 0.004300
14610.000000 0.004300
14617.000000 0.004400
14624.000000 0.004600
14632.000000 0.004500
14639.000000 0.004400
14646.000000 0.004500
14653.000000 0.004400
14660.000000 0.004300
14668.000000 0.004400
14675.000000 0.004600
14682.000000 0.004600
14689.000000 0.004500
14697.000000 0.004700
14704.000000 0.004800
14711.000000 0.004700
14718.000000 0.004600
14725.000000 0.004700
14733.000000 0.004700
14740.000000 0.004800
14747.000000 0.005000
14754.000000 0.005000
14762.000000 0.004800
14769.000000 0.004900
14776.000000 0.005000
14783.000000 0.005000
14791.000000 0.005100
14798.000000 0.005100
14805.000000 0.005100
14812.000000 0.005200
14820.000000 0.005200
14827.000000 0.005200
14834.000000 0.005200
14841.000000 0.005000
14848.000000 0.005100
14856.000000 0.005300
14863.000000 0.005300
14870.000000 0.005400
14877.000000 0.005300
14885.000000 0.005300
14892.000000 0.005400
14899.000000 0.005200
14906.000000 0.005300
14914.000000 0.005500
14921.000000 0.005400
14928.000000 0.005300
14935.000000 0.005500
14943.000000 0.005500
14950.000000 0.005500
14957.000000 0.005600
14964.000000 0.005400
14972.000000 0.005500
14979.000000 0.005500
14986.000000 0.005600
14993.000000 0.005600
15000.000000 0.005600
15008.000000 0.005700
15015.000000 0.005700
15022.000000 0.005800
15029.000000 0.005700
15037.000000 0.005700
15044.000000 0.005600
15051.000000 0.005600
15058.000000 0.006000
15066.000000 0.005900
15073.000000 0.005900
15080.000000 0.005800
15087.000000 0.005900
15095.000000 0.005900
15102.000000 0.005900
15109.000000 0.006100
15116.000000 0.006100
15124.000000 0.005900
15131.000000 0.006000
15138.000000 0.006100
15145.000000 0.006200
15153.000000 0.006000
15160.000000 0.006100
15167.000000 0.006100
15174.000000 0.006000
15182.000000 0.006100
15189.000000 0.006200
15196.000000 0.006300
15203.000000 0.006500
15211.000000 0.006300
15218.000000 0.006300
15225.000000 0.006500
15232.000000 0.006400
15240.000000 0.006400
15247.000000 0.006400
15254.000000 0.006800
15261.000000 0.006700
15269.000000 0.006700
15276.000000 0.006800
15283.000000 0.006900
15290.000000 0.006800
15298.000000 0.006800
15305.000000 0.006800
15312.000000 0.006900
15320.000000 0.007000
15327.000000 0.007100
15334.000000 0.007200
15341.000000 0.007300
15349.000000 0.007300
15356.000000 0.007300
15363.000000 0.007300
15370.000000 0.007400
15378.000000 0.007500
15385.000000 0.007500
15392.000000 0.007700
15399.000000 0.007400
15407.000000 0.007400
15414.000000 0.008000
15421.000000 0.008000
15428.000000 0.008100
15436.000000 0.008100
15443.000000 0.008200
15450.000000 0.008600
15457.000000 0.008800
15465.000000 0.008000
15472.000000 0.008800
15479.000000 0.008600
15486.000000 0.008700
15494.000000 0.008900
15501.000000 0.008900
15508.000000 0.009000
15516.000000 0.009200
15523.000000 0.009200
15530.000000 0.009300
15537.000000 0.009400
15545.000000 0.009700
15552.000000 0.009600
15559.000000 0.009600
15566.000000 0.009700
15574.000000 0.009900
15581.000000 0.010100
15588.000000 0.010100
15595.000000 0.009200
15603.000000 0.010500
15610.000000 0.012900
15617.000000 0.012200
15624.000000 0.011000
15632.000000 0.011200
15639.000000 0.011300
15646.000000 0.011400
15654.000000 0.011600
15661.000000 0.012000
15668.000000 0.012100
15675.000000 0.012200
15683.000000 0.012400
15690.000000 0.012900
15697.000000 0.012900
15704.000000 0.013100
15712.000000 0.013600
15719.000000 0.013600
15726.000000 0.013900
15734.000000 0.014200
15741.000000 0.014500
15748.000000 0.014900
15755.000000 0.015100
15763.000000 0.015400
15770.000000 0.015800
15777.000000 0.016300
15784.000000 0.016400
15792.000000 0.017000
15799.000000 0.017500
15806.000000 0.017900
15814.000000 0.018400
15821.000000 0.018800
15828.000000 0.019600
15835.000000 0.020100
15843.000000 0.020700
15850.000000 0.021400
15857.000000 0.022000
15864.000000 0.022500
15872.000000 0.023400
15879.000000 0.024000
15886.000000 0.024900
15893.000000 0.025900
15901.000000 0.026600
15908.000000 0.027700
15915.000000 0.028800
15922.000000 0.029900
15930.000000 0.031100
15937.000000 0.032400
15944.000000 0.033500
15952.000000 0.035200
15959.000000 0.036900
15966.000000 0.038300
15973.000000 0.040200
15981.000000 0.042100
15988.000000 0.043900
15995.000000 0.046100
16003.000000 0.048300
16010.000000 0.050100
16017.000000 0.053600
16024.000000 0.056700
16032.000000 0.059500
16039.000000 0.063200
16046.000000 0.066700
16053.000000 0.070800
16061.000000 0.075100
16068.000000 0.079600
16075.000000 0.084600
16083.000000 0.090300
16090.000000 0.095800
16097.000000 0.102400
16104.000000 0.109400
16112.000000 0.116200
16119.000000 0.124400
16126.000000 0.132800
16133.000000 0.142300
16141.000000 0.152200
16148.000000 0.163300
16155.000000 0.175200
16162.000000 0.188700
16170.000000 0.201500
16177.000000 0.216700
16184.000000 0.233900
16191.000000 0.250800
16199.000000 0.269700
16206.000000 0.289500
16213.000000 0.311700
16221.000000 0.334000
16228.000000 0.358800
16235.000000 0.384000
16242.000000 0.411100
16250.000000 0.439900
16257.000000 0.468300
16264.000000 0.497900
16271.000000 0.529600
16279.000000 0.559100
16286.000000 0.589000
16293.000000 0.620900
16301.000000 0.651600
16308.000000 0.681000
16315.000000 0.709500
16322.000000 0.735000
16330.000000 0.761100
16337.000000 0.784800
16344.000000 0.805100
16351.000000 0.824400
16359.000000 0.841900
16366.000000 0.855400
16373.000000 0.867500
16380.000000 0.877700
16388.000000 0.884000
16395.000000 0.891300
16402.000000 0.895400
16410.000000 0.896300
16417.000000 0.899600
16424.000000 0.901400
16431.000000 0.897700
16439.000000 0.897400
16446.000000 0.896800
16453.000000 0.893300
16460.000000 0.891200
16468.000000 0.888500
16475.000000 0.885600
16482.000000 0.883700
16489.000000 0.881200
16497.000000 0.877700
16504.000000 0.876400
16511.000000 0.875200
16519.000000 0.872400
16526.000000 0.871500
16533.000000 0.871100
16540.000000 0.869400
16548.000000 0.870100
16555.000000 0.870000
16562.000000 0.870200
16569.000000 0.870500
16577.000000 0.871800
16584.000000 0.872600
16591.000000 0.874400
16598.000000 0.875900
16606.000000 0.877700
16613.000000 0.880800
16620.000000 0.882500
16628.000000 0.884400
16635.000000 0.887600
16642.000000 0.890100
16649.000000 0.891800
16657.000000 0.894300
16664.000000 0.897400
16671.000000 0.900000
16678.000000 0.903300
16686.000000 0.904800
16693.000000 0.905600
16700.000000 0.907200
16707.000000 0.908800
16715.000000 0.910500
16722.000000 0.911200
16729.000000 0.910900
16737.000000 0.910100
16744.000000 0.911200
16751.000000 0.910500
16758.000000 0.908700
16766.000000 0.908200
16773.000000 0.906400
16780.000000 0.902800
16787.000000 0.899700
16795.000000 0.895600
16802.000000 0.890900
16809.000000 0.886800
16816.000000 0.882500
16824.000000 0.877900
16831.000000 0.873400
16838.000000 0.868200
16845.000000 0.861800
16853.000000 0.856500
16860.000000 0.849200
16867.000000 0.842500
16874.000000 0.835600
16882.000000 0.829600
16889.000000 0.822900
16896.000000 0.816000
16903.000000 0.809100
16911.000000 0.801600
16918.000000 0.794700
16925.000000 0.788100
16932.000000 0.781700
16940.000000 0.775800
16947.000000 0.770200
16954.000000 0.762800
16961.000000 0.756400
16969.000000 0.751000
16976.000000 0.746600
16983.000000 0.740700
16990.000000 0.734800
16998.000000 0.730900
17005.000000 0.725900
17012.000000 0.720000
17020.000000 0.717400
17027.000000 0.713200
17034.000000 0.710000
17041.000000 0.706500
17048.000000 0.703900
17056.000000 0.701600
17063.000000 0.699800
17070.000000 0.698400
17077.000000 0.698200
17085.000000 0.696600
17092.000000 0.694100
17099.000000 0.693400
17106.000000 0.693800
17114.000000 0.693700
17121.000000 0.692500
17128.000000 0.692600
17135.000000 0.694300
17143.000000 0.693500
17150.000000 0.695400
17157.000000 0.696100
17164.000000 0.696800
17172.000000 0.702900
17179.000000 0.701400
17186.000000 0.700300
17193.000000 0.700700
17201.000000 0.702800
17208.000000 0.702400
17215.000000 0.701900
17222.000000 0.702300
17230.000000 0.700300
17237.000000 0.700100
17244.000000 0.697400
17251.000000 0.696500
17258.000000 0.690700
17266.000000 0.685600
17273.000000 0.681200
17280.000000 0.674200
17287.000000 0.667200
17295.000000 0.658900
17302.000000 0.648000
17309.000000 0.636800
17316.000000 0.625100
17324.000000 0.611400
17331.000000 0.597300
17338.000000 0.582900
17345.000000 0.566600
17353.000000 0.548700
17360.000000 0.532700
17367.000000 0.514600
17374.000000 0.495300
17382.000000 0.475700
17389.000000 0.458700
17396.000000 0.437400
17403.000000 0.419600
17411.000000 0.401100
17418.000000 0.382400
17425.000000 0.364700
17432.000000 0.347800
17439.000000 0.330300
17447.000000 0.312800
17454.000000 0.297100
17461.000000 0.281800
17468.000000 0.267100
17475.000000 0.252800
17483.000000 0.239800
17490.000000 0.227000
17497.000000 0.214500
17504.000000 0.203600
17512.000000 0.192100
17519.000000 0.182200
17526.000000 0.173000
17533.000000 0.163900
17541.000000 0.154800
17548.000000 0.146800
17555.000000 0.139400
17562.000000 0.132100
17569.000000 0.124600
17577.000000 0.118700
17584.000000 0.112900
17591.000000 0.106700
17598.000000 0.101400
17605.000000 0.096600
17613.000000 0.091800
17620.000000 0.087400
17627.000000 0.083200
17634.000000 0.079400
17642.000000 0.076000
17649.000000 0.072500
17656.000000 0.069200
17663.000000 0.066100
17670.000000 0.063000
17678.000000 0.060300
17685.000000 0.058000
17692.000000 0.055600
17699.000000 0.052800
17707.000000 0.050600
17714.000000 0.048700
17721.000000 0.046700
17728.000000 0.044900
17735.000000 0.042900
17743.000000 0.041200
17750.000000 0.039700
17757.000000 0.038100
17764.000000 0.037000
17771.000000 0.032400
17779.000000 0.030100
17786.000000 0.032100
17793.000000 0.031900
17800.000000 0.030800
17807.000000 0.029900
17815.000000 0.028700
17822.000000 0.027500
17829.000000 0.026500
17836.000000 0.025900
17844.000000 0.025200
17851.000000 0.024400
17858.000000 0.023400
17865.000000 0.023600
17872.000000 0.022800
17880.000000 0.021200
17887.000000 0.020700
17894.000000 0.020300
17901.000000 0.019500
17908.000000 0.018900
17915.000000 0.018500
17923.000000 0.018000
17930.000000 0.017500
17937.000000 0.017100
17944.000000 0.016500
17951.000000 0.016000
17959.000000 0.015600
17966.000000 0.015200
17973.000000 0.015000
17980.000000 0.014300
17987.000000 0.014100
17994.000000 0.013700
18002.000000 0.013200
18009.000000 0.012900
18016.000000 0.012500
18023.000000 0.012000
18030.000000 0.012000
18038.000000 0.011700
18045.000000 0.011400
18052.000000 0.011300
18059.000000 0.011200
18066.000000 0.010700
18074.000000 0.010400
18081.000000 0.010300
18088.000000 0.010200
18095.000000 0.010000
18102.000000 0.009700
18109.000000 0.009600
18117.000000 0.009800
18124.000000 0.009400
18131.000000 0.008700
18138.000000 0.009200
18145.000000 0.008300
