2925.0000 0.0000
2930.0000 0.0000
2935.0000 0.0000
2940.0000 0.0001
2945.0000 0.0002
2950.0000 0.0006
2955.0000 0.0013
2960.0000 0.0027
2965.0000 0.0049
2970.0000 0.0083
2975.0000 0.0131
2980.0000 0.0195
2985.0000 0.0274
2990.0000 0.0362
2995.0000 0.0458
3000.0000 0.0559
3005.0000 0.0660
3010.0000 0.0769
3015.0000 0.0885
3020.0000 0.1013
3025.0000 0.1152
3030.0000 0.1291
3035.0000 0.1432
3040.0000 0.1565
3045.0000 0.1683
3050.0000 0.1797
3055.0000 0.1907
3060.0000 0.2019
3065.0000 0.2140
3070.0000 0.2260
3075.0000 0.2381
3080.0000 0.2496
3085.0000 0.2601
3090.0000 0.2698
3095.0000 0.2789
3100.0000 0.2877
3105.0000 0.2971
3110.0000 0.3073
3115.0000 0.3182
3120.0000 0.3305
3125.0000 0.3430
3130.0000 0.3558
3135.0000 0.3680
3140.0000 0.3795
3145.0000 0.3900
3150.0000 0.3995
3155.0000 0.4077
3160.0000 0.4154
3165.0000 0.4221
3170.0000 0.4288
3175.0000 0.4347
3180.0000 0.4414
3185.0000 0.4478
3190.0000 0.4546
3195.0000 0.4627
3200.0000 0.4722
3205.0000 0.4823
3210.0000 0.4937
3215.0000 0.5060
3220.0000 0.5188
3225.0000 0.5313
3230.0000 0.5432
3235.0000 0.5540
3240.0000 0.5632
3245.0000 0.5709
3250.0000 0.5774
3255.0000 0.5832
3260.0000 0.5880
3265.0000 0.5929
3270.0000 0.5983
3275.0000 0.6042
3280.0000 0.6111
3285.0000 0.6186
3290.0000 0.6274
3295.0000 0.6352
3300.0000 0.6441
3305.0000 0.6517
3310.0000 0.6594
3315.0000 0.6653
3320.0000 0.6714
3325.0000 0.6757
3330.0000 0.6810
3335.0000 0.6848
3340.0000 0.6892
3345.0000 0.6938
3350.0000 0.6979
3355.0000 0.7031
3360.0000 0.7076
3365.0000 0.7127
3370.0000 0.7163
3375.0000 0.7206
3380.0000 0.7237
3385.0000 0.7270
3390.0000 0.7292
3395.0000 0.7316
3400.0000 0.7329
3405.0000 0.7352
3410.0000 0.7375
3415.0000 0.7404
3420.0000 0.7429
3425.0000 0.7456
3430.0000 0.7482
3435.0000 0.7524
3440.0000 0.7541
3445.0000 0.7577
3450.0000 0.7589
3455.0000 0.7599
3460.0000 0.7632
3465.0000 0.7624
3470.0000 0.7644
3475.0000 0.7661
3480.0000 0.7657
3485.0000 0.7669
3490.0000 0.7702
3495.0000 0.7693
3500.0000 0.7729
3505.0000 0.7759
3510.0000 0.7787
3515.0000 0.7824
3520.0000 0.7856
3525.0000 0.7881
3530.0000 0.7903
3535.0000 0.7917
3540.0000 0.7926
3545.0000 0.7924
3550.0000 0.7917
3555.0000 0.7912
3560.0000 0.7897
3565.0000 0.7885
3570.0000 0.7870
3575.0000 0.7858
3580.0000 0.7850
3585.0000 0.7848
3590.0000 0.7840
3595.0000 0.7844
3600.0000 0.7844
3605.0000 0.7845
3610.0000 0.7844
3615.0000 0.7832
3620.0000 0.7825
3625.0000 0.7808
3630.0000 0.7778
3635.0000 0.7752
3640.0000 0.7712
3645.0000 0.7668
3650.0000 0.7624
3655.0000 0.7577
3660.0000 0.7521
3665.0000 0.7471
3670.0000 0.7419
3675.0000 0.7372
3680.0000 0.7319
3685.0000 0.7266
3690.0000 0.7216
3695.0000 0.7161
3700.0000 0.7107
3705.0000 0.7044
3710.0000 0.6976
3715.0000 0.6905
3720.0000 0.6824
3725.0000 0.6736
3730.0000 0.6641
3735.0000 0.6536
3740.0000 0.6426
3745.0000 0.6307
3750.0000 0.6183
3755.0000 0.6055
3760.0000 0.5922
3765.0000 0.5785
3770.0000 0.5642
3775.0000 0.5495
3780.0000 0.5350
3785.0000 0.5200
3790.0000 0.5043
3795.0000 0.4884
3800.0000 0.4717
3805.0000 0.4555
3810.0000 0.4381
3815.0000 0.4205
3820.0000 0.4028
3825.0000 0.3846
3830.0000 0.3660
3835.0000 0.3475
3840.0000 0.3288
3845.0000 0.3101
3850.0000 0.2917
3855.0000 0.2729
3860.0000 0.2550
3865.0000 0.2373
3870.0000 0.2198
3875.0000 0.2032
3880.0000 0.1870
3885.0000 0.1715
3890.0000 0.1566
3895.0000 0.1421
3900.0000 0.1286
3905.0000 0.1157
3910.0000 0.1037
3915.0000 0.0926
3920.0000 0.0821
3925.0000 0.0724
3930.0000 0.0634
3935.0000 0.0552
3940.0000 0.0479
3945.0000 0.0412
3950.0000 0.0353
3955.0000 0.0300
3960.0000 0.0253
3965.0000 0.0213
3970.0000 0.0178
3975.0000 0.0148
3980.0000 0.0122
3985.0000 0.0100
3990.0000 0.0082
3995.0000 0.0066
4000.0000 0.0053
4005.0000 0.0043
4010.0000 0.0034
4015.0000 0.0027
4020.0000 0.0021
4025.0000 0.0017
4030.0000 0.0013
4035.0000 0.0010
4040.0000 0.0008
4045.0000 0.0006
4050.0000 0.0005
4055.0000 0.0003
4060.0000 0.0003
4065.0000 0.0002
4070.0000 0.0001
4075.0000 0.0001
4080.0000 0.0001
4085.0000 0.0001
4090.0000 0.0000
4095.0000 0.0000
4100.0000 0.0000
4105.0000 0.0000
4110.0000 0.0000
