3760.0000 0.0000
3765.0000 0.0000
3770.0000 0.0000
3775.0000 0.0000
3780.0000 0.0000
3785.0000 0.0000
3790.0000 0.0000
3795.0000 0.0000
3800.0000 0.0000
3805.0000 0.0000
3810.0000 0.0000
3815.0000 0.0000
3820.0000 0.0000
3825.0000 0.0000
3830.0000 0.0000
3835.0000 0.0000
3840.0000 0.0000
3845.0000 0.0000
3850.0000 0.0001
3855.0000 0.0001
3860.0000 0.0002
3865.0000 0.0003
3870.0000 0.0005
3875.0000 0.0008
3880.0000 0.0014
3885.0000 0.0023
3890.0000 0.0036
3895.0000 0.0055
3900.0000 0.0083
3905.0000 0.0122
3910.0000 0.0173
3915.0000 0.0237
3920.0000 0.0319
3925.0000 0.0421
3930.0000 0.0543
3935.0000 0.0689
3940.0000 0.0853
3945.0000 0.1041
3950.0000 0.1252
3955.0000 0.1479
3960.0000 0.1727
3965.0000 0.1989
3970.0000 0.2256
3975.0000 0.2536
3980.0000 0.2814
3985.0000 0.3098
3990.0000 0.3384
3995.0000 0.3660
4000.0000 0.3940
4005.0000 0.4213
4010.0000 0.4473
4015.0000 0.4730
4020.0000 0.4969
4025.0000 0.5193
4030.0000 0.5403
4035.0000 0.5586
4040.0000 0.5753
4045.0000 0.5898
4050.0000 0.6023
4055.0000 0.6138
4060.0000 0.6238
4065.0000 0.6330
4070.0000 0.6414
4075.0000 0.6495
4080.0000 0.6573
4085.0000 0.6650
4090.0000 0.6727
4095.0000 0.6805
4100.0000 0.6878
4105.0000 0.6952
4110.0000 0.7028
4115.0000 0.7097
4120.0000 0.7168
4125.0000 0.7239
4130.0000 0.7305
4135.0000 0.7369
4140.0000 0.7426
4145.0000 0.7479
4150.0000 0.7530
4155.0000 0.7566
4160.0000 0.7597
4165.0000 0.7617
4170.0000 0.7628
4175.0000 0.7632
4180.0000 0.7628
4185.0000 0.7622
4190.0000 0.7607
4195.0000 0.7599
4200.0000 0.7590
4205.0000 0.7590
4210.0000 0.7598
4215.0000 0.7614
4220.0000 0.7643
4225.0000 0.7678
4230.0000 0.7729
4235.0000 0.7774
4240.0000 0.7833
4245.0000 0.7895
4250.0000 0.7947
4255.0000 0.7994
4260.0000 0.8041
4265.0000 0.8071
4270.0000 0.8097
4275.0000 0.8116
4280.0000 0.8123
4285.0000 0.8120
4290.0000 0.8119
4295.0000 0.8116
4300.0000 0.8112
4305.0000 0.8110
4310.0000 0.8113
4315.0000 0.8125
4320.0000 0.8143
4325.0000 0.8163
4330.0000 0.8193
4335.0000 0.8218
4340.0000 0.8252
4345.0000 0.8275
4350.0000 0.8311
4355.0000 0.8331
4360.0000 0.8346
4365.0000 0.8362
4370.0000 0.8367
4375.0000 0.8369
4380.0000 0.8366
4385.0000 0.8358
4390.0000 0.8351
4395.0000 0.8347
4400.0000 0.8341
4405.0000 0.8339
4410.0000 0.8345
4415.0000 0.8351
4420.0000 0.8369
4425.0000 0.8390
4430.0000 0.8410
4435.0000 0.8438
4440.0000 0.8467
4445.0000 0.8496
4450.0000 0.8519
4455.0000 0.8546
4460.0000 0.8569
4465.0000 0.8586
4470.0000 0.8600
4475.0000 0.8608
4480.0000 0.8616
4485.0000 0.8615
4490.0000 0.8616
4495.0000 0.8617
4500.0000 0.8613
4505.0000 0.8614
4510.0000 0.8615
4515.0000 0.8621
4520.0000 0.8626
4525.0000 0.8636
4530.0000 0.8647
4535.0000 0.8661
4540.0000 0.8675
4545.0000 0.8687
4550.0000 0.8702
4555.0000 0.8713
4560.0000 0.8721
4565.0000 0.8726
4570.0000 0.8731
4575.0000 0.8728
4580.0000 0.8721
4585.0000 0.8719
4590.0000 0.8708
4595.0000 0.8693
4600.0000 0.8682
4605.0000 0.8671
4610.0000 0.8658
4615.0000 0.8652
4620.0000 0.8649
4625.0000 0.8642
4630.0000 0.8652
4635.0000 0.8656
4640.0000 0.8669
4645.0000 0.8687
4650.0000 0.8705
4655.0000 0.8726
4660.0000 0.8756
4665.0000 0.8776
4670.0000 0.8802
4675.0000 0.8834
4680.0000 0.8856
4685.0000 0.8881
4690.0000 0.8901
4695.0000 0.8919
4700.0000 0.8937
4705.0000 0.8946
4710.0000 0.8955
4715.0000 0.8964
4720.0000 0.8969
4725.0000 0.8968
4730.0000 0.8978
4735.0000 0.8974
4740.0000 0.8974
4745.0000 0.8979
4750.0000 0.8979
4755.0000 0.8983
4760.0000 0.8983
4765.0000 0.8988
4770.0000 0.8995
4775.0000 0.8998
4780.0000 0.9004
4785.0000 0.9013
4790.0000 0.9021
4795.0000 0.9025
4800.0000 0.9033
4805.0000 0.9038
4810.0000 0.9043
4815.0000 0.9044
4820.0000 0.9047
4825.0000 0.9048
4830.0000 0.9045
4835.0000 0.9044
4840.0000 0.9043
4845.0000 0.9037
4850.0000 0.9032
4855.0000 0.9026
4860.0000 0.9020
4865.0000 0.9017
4870.0000 0.9010
4875.0000 0.9008
4880.0000 0.9006
4885.0000 0.9003
4890.0000 0.9000
4895.0000 0.9005
4900.0000 0.9004
4905.0000 0.9009
4910.0000 0.9009
4915.0000 0.9017
4920.0000 0.9025
4925.0000 0.9030
4930.0000 0.9039
4935.0000 0.9050
4940.0000 0.9061
4945.0000 0.9071
4950.0000 0.9084
4955.0000 0.9096
4960.0000 0.9103
4965.0000 0.9117
4970.0000 0.9128
4975.0000 0.9140
4980.0000 0.9146
4985.0000 0.9155
4990.0000 0.9170
4995.0000 0.9173
5000.0000 0.9179
5005.0000 0.9189
5010.0000 0.9197
5015.0000 0.9200
5020.0000 0.9205
5025.0000 0.9214
5030.0000 0.9220
5035.0000 0.9216
5040.0000 0.9222
5045.0000 0.9229
5050.0000 0.9227
5055.0000 0.9237
5060.0000 0.9230
5065.0000 0.9236
5070.0000 0.9234
5075.0000 0.9237
5080.0000 0.9239
5085.0000 0.9237
5090.0000 0.9237
5095.0000 0.9235
5100.0000 0.9235
5105.0000 0.9231
5110.0000 0.9226
5115.0000 0.9224
5120.0000 0.9221
5125.0000 0.9216
5130.0000 0.9210
5135.0000 0.9205
5140.0000 0.9197
5145.0000 0.9189
5150.0000 0.9179
5155.0000 0.9171
5160.0000 0.9161
5165.0000 0.9151
5170.0000 0.9138
5175.0000 0.9127
5180.0000 0.9115
5185.0000 0.9100
5190.0000 0.9088
5195.0000 0.9079
5200.0000 0.9064
5205.0000 0.9048
5210.0000 0.9042
5215.0000 0.9032
5220.0000 0.9021
5225.0000 0.9016
5230.0000 0.9007
5235.0000 0.9002
5240.0000 0.8997
5245.0000 0.8996
5250.0000 0.8998
5255.0000 0.9000
5260.0000 0.8998
5265.0000 0.9009
5270.0000 0.9015
5275.0000 0.9016
5280.0000 0.9031
5285.0000 0.9037
5290.0000 0.9044
5295.0000 0.9054
5300.0000 0.9063
5305.0000 0.9070
5310.0000 0.9075
5315.0000 0.9084
5320.0000 0.9088
5325.0000 0.9086
5330.0000 0.9086
5335.0000 0.9089
5340.0000 0.9084
5345.0000 0.9080
5350.0000 0.9079
5355.0000 0.9070
5360.0000 0.9066
5365.0000 0.9059
5370.0000 0.9053
5375.0000 0.9044
5380.0000 0.9040
5385.0000 0.9031
5390.0000 0.9024
5395.0000 0.9018
5400.0000 0.9008
5405.0000 0.8989
5410.0000 0.8972
5415.0000 0.8943
5420.0000 0.8904
5425.0000 0.8852
5430.0000 0.8779
5435.0000 0.8687
5440.0000 0.8567
5445.0000 0.8407
5450.0000 0.8218
5455.0000 0.7992
5460.0000 0.7705
5465.0000 0.7376
5470.0000 0.7002
5475.0000 0.6579
5480.0000 0.6129
5485.0000 0.5640
5490.0000 0.5141
5495.0000 0.4640
5500.0000 0.4136
5505.0000 0.3659
5510.0000 0.3209
5515.0000 0.2782
5520.0000 0.2403
5525.0000 0.2057
5530.0000 0.1751
5535.0000 0.1492
5540.0000 0.1264
5545.0000 0.1072
5550.0000 0.0908
5555.0000 0.0766
5560.0000 0.0649
5565.0000 0.0550
5570.0000 0.0466
5575.0000 0.0398
5580.0000 0.0339
5585.0000 0.0290
5590.0000 0.0249
5595.0000 0.0214
5600.0000 0.0184
5605.0000 0.0160
5610.0000 0.0138
5615.0000 0.0120
5620.0000 0.0105
5625.0000 0.0092
5630.0000 0.0081
5635.0000 0.0071
5640.0000 0.0063
5645.0000 0.0056
5650.0000 0.0049
5655.0000 0.0044
5660.0000 0.0039
5665.0000 0.0035
5670.0000 0.0032
5675.0000 0.0029
5680.0000 0.0026
5685.0000 0.0024
5690.0000 0.0021
5695.0000 0.0019
5700.0000 0.0018
5705.0000 0.0016
5710.0000 0.0015
5715.0000 0.0014
5720.0000 0.0013
5725.0000 0.0012
5730.0000 0.0011
5735.0000 0.0010
5740.0000 0.0009
5745.0000 0.0009
5750.0000 0.0008
5755.0000 0.0008
5760.0000 0.0007
5765.0000 0.0007
5770.0000 0.0006
5775.0000 0.0006
5780.0000 0.0005
5785.0000 0.0005
5790.0000 0.0005
5795.0000 0.0005
5800.0000 0.0004
5805.0000 0.0004
5810.0000 0.0004
5815.0000 0.0003
5820.0000 0.0003
5825.0000 0.0003
5830.0000 0.0003
5835.0000 0.0003
5840.0000 0.0002
5845.0000 0.0002
5850.0000 0.0002
5855.0000 0.0002
5860.0000 0.0002
5865.0000 0.0002
5870.0000 0.0002
5875.0000 0.0002
5880.0000 0.0001
5885.0000 0.0001
5890.0000 0.0001
5895.0000 0.0001
5900.0000 0.0001
