6500.0000 0.0001
6505.0000 0.0001
6510.0000 0.0001
6515.0000 0.0001
6520.0000 0.0001
6525.0000 0.0002
6530.0000 0.0002
6535.0000 0.0003
6540.0000 0.0004
6545.0000 0.0005
6550.0000 0.0007
6555.0000 0.0009
6560.0000 0.0011
6565.0000 0.0013
6570.0000 0.0017
6575.0000 0.0022
6580.0000 0.0029
6585.0000 0.0041
6590.0000 0.0059
6595.0000 0.0090
6600.0000 0.0146
6605.0000 0.0255
6610.0000 0.0481
6615.0000 0.0967
6620.0000 0.1958
6625.0000 0.3593
6630.0000 0.5566
6635.0000 0.7259
6640.0000 0.8244
6645.0000 0.8594
6650.0000 0.8678
6655.0000 0.8713
6660.0000 0.8729
6665.0000 0.8728
6670.0000 0.8681
6675.0000 0.8435
6680.0000 0.7704
6685.0000 0.6357
6690.0000 0.4625
6695.0000 0.2971
6700.0000 0.1748
6705.0000 0.0993
6710.0000 0.0568
6715.0000 0.0331
6720.0000 0.0198
6725.0000 0.0120
6730.0000 0.0075
6735.0000 0.0048
6740.0000 0.0032
6745.0000 0.0022
6750.0000 0.0016
6755.0000 0.0012
6760.0000 0.0009
6765.0000 0.0008
6770.0000 0.0007
6775.0000 0.0006
6780.0000 0.0006
6785.0000 0.0006
6790.0000 0.0006
6795.0000 0.0005
6800.0000 0.0005
