4180.0000 0.0013
4200.0000 0.0006
4220.0000 0.0018
4240.0000 0.0059
4260.0000 0.0019
4280.0000 0.0009
4300.0000 0.0019
4320.0000 0.0019
4340.0000 0.0021
4360.0000 0.0038
4380.0000 0.0041
4400.0000 0.0037
4420.0000 0.0037
4440.0000 0.0039
4460.0000 0.0037
4480.0000 0.0034
4500.0000 0.0024
4520.0000 0.0009
4540.0000 0.0009
4560.0000 0.0026
4580.0000 0.0060
4600.0000 0.0129
4620.0000 0.0275
4640.0000 0.0529
4660.0000 0.0903
4680.0000 0.1414
4700.0000 0.2035
4720.0000 0.2728
4740.0000 0.3451
4760.0000 0.4159
4780.0000 0.4811
4800.0000 0.5389
4820.0000 0.5891
4840.0000 0.6320
4860.0000 0.6681
4880.0000 0.6974
4900.0000 0.7211
4920.0000 0.7396
4940.0000 0.7535
4960.0000 0.7641
4980.0000 0.7708
5000.0000 0.7748
5020.0000 0.7768
5040.0000 0.7774
5060.0000 0.7773
5080.0000 0.7772
5100.0000 0.7784
5120.0000 0.7807
5140.0000 0.7844
5160.0000 0.7885
5180.0000 0.7968
5200.0000 0.8008
5220.0000 0.8097
5240.0000 0.8189
5260.0000 0.8242
5280.0000 0.8234
5300.0000 0.8152
5320.0000 0.7995
5340.0000 0.7763
5360.0000 0.7466
5380.0000 0.7125
5400.0000 0.6757
5420.0000 0.6377
5440.0000 0.6017
5460.0000 0.5697
5480.0000 0.5423
5500.0000 0.5198
5520.0000 0.5029
5540.0000 0.4915
5560.0000 0.4846
5580.0000 0.4805
5600.0000 0.4742
5620.0000 0.4603
5640.0000 0.4339
5660.0000 0.3902
5680.0000 0.3302
5700.0000 0.2622
5720.0000 0.1976
5740.0000 0.1435
5760.0000 0.1019
5780.0000 0.0716
5800.0000 0.0500
5820.0000 0.0352
5840.0000 0.0253
5860.0000 0.0183
5880.0000 0.0129
5900.0000 0.0092
5920.0000 0.0072
5940.0000 0.0057
5960.0000 0.0044
5980.0000 0.0030
6000.0000 0.0021
6020.0000 0.0019
6040.0000 0.0018
6060.0000 0.0015
6080.0000 0.0006
6100.0000 0.0002
6120.0000 0.0006
6140.0000 0.0004
