0.0000 0.0000
0.0000 0.0000
0.0000 0.0000
0.0000 0.0000
7740.0000 0.0000
7745.0000 0.0000
7750.0000 0.0000
7755.0000 0.0000
7760.0000 0.0000
7765.0000 0.0000
7770.0000 0.0000
7775.0000 0.0000
7780.0000 0.0000
7785.0000 0.0000
7790.0000 0.0000
7795.0000 0.0000
7800.0000 0.0000
7805.0000 0.0000
7810.0000 0.0000
7815.0000 0.0000
7820.0000 0.0000
7825.0000 0.0000
7830.0000 0.0000
7835.0000 0.0000
7840.0000 0.0000
7845.0000 0.0000
7850.0000 0.0000
7855.0000 0.0000
7860.0000 0.0000
7865.0000 0.0000
7870.0000 0.0000
7875.0000 0.0000
7880.0000 0.0000
7885.0000 0.0001
7890.0000 0.0001
7895.0000 0.0000
7900.0000 0.0001
7905.0000 0.0001
7910.0000 0.0001
7915.0000 0.0001
7920.0000 0.0001
7925.0000 0.0001
7930.0000 0.0001
7935.0000 0.0001
7940.0000 0.0001
7945.0000 0.0001
7950.0000 0.0001
7955.0000 0.0001
7960.0000 0.0002
7965.0000 0.0002
7970.0000 0.0002
7975.0000 0.0002
7980.0000 0.0002
7985.0000 0.0003
7990.0000 0.0003
7995.0000 0.0003
8000.0000 0.0003
8005.0000 0.0004
8010.0000 0.0004
8015.0000 0.0005
8020.0000 0.0005
8025.0000 0.0006
8030.0000 0.0006
8035.0000 0.0007
8040.0000 0.0008
8045.0000 0.0009
8050.0000 0.0010
8055.0000 0.0011
8060.0000 0.0012
8065.0000 0.0013
8070.0000 0.0015
8075.0000 0.0017
8080.0000 0.0019
8085.0000 0.0021
8090.0000 0.0024
8095.0000 0.0026
8100.0000 0.0030
8105.0000 0.0033
8110.0000 0.0038
8115.0000 0.0043
8120.0000 0.0048
8125.0000 0.0055
8130.0000 0.0062
8135.0000 0.0071
8140.0000 0.0081
8145.0000 0.0092
8150.0000 0.0105
8155.0000 0.0121
8160.0000 0.0139
8165.0000 0.0159
8170.0000 0.0183
8175.0000 0.0211
8180.0000 0.0244
8185.0000 0.0282
8190.0000 0.0326
8195.0000 0.0379
8200.0000 0.0442
8205.0000 0.0514
8210.0000 0.0600
8215.0000 0.0702
8220.0000 0.0820
8225.0000 0.0961
8230.0000 0.1122
8235.0000 0.1312
8240.0000 0.1538
8245.0000 0.1795
8250.0000 0.2098
8255.0000 0.2428
8260.0000 0.2807
8265.0000 0.3228
8270.0000 0.3684
8275.0000 0.4179
8280.0000 0.4709
8285.0000 0.5237
8290.0000 0.5786
8295.0000 0.6309
8300.0000 0.6808
8305.0000 0.7280
8310.0000 0.7702
8315.0000 0.8074
8320.0000 0.8389
8325.0000 0.8650
8330.0000 0.8870
8335.0000 0.9033
8340.0000 0.9169
8345.0000 0.9263
8350.0000 0.9335
8355.0000 0.9394
8360.0000 0.9428
8365.0000 0.9448
8370.0000 0.9472
8375.0000 0.9485
8380.0000 0.9493
8385.0000 0.9504
8390.0000 0.9500
8395.0000 0.9514
8400.0000 0.9523
8405.0000 0.9526
8410.0000 0.9544
8415.0000 0.9565
8420.0000 0.9565
8425.0000 0.9575
8430.0000 0.9597
8435.0000 0.9610
8440.0000 0.9622
8445.0000 0.9629
8450.0000 0.9639
8455.0000 0.9662
8460.0000 0.9663
8465.0000 0.9683
8470.0000 0.9681
8475.0000 0.9694
8480.0000 0.9698
8485.0000 0.9708
8490.0000 0.9709
8495.0000 0.9710
8500.0000 0.9704
8505.0000 0.9707
8510.0000 0.9707
8515.0000 0.9706
8520.0000 0.9704
8525.0000 0.9706
8530.0000 0.9706
8535.0000 0.9705
8540.0000 0.9703
8545.0000 0.9710
8550.0000 0.9702
8555.0000 0.9711
8560.0000 0.9702
8565.0000 0.9703
8570.0000 0.9709
8575.0000 0.9703
8580.0000 0.9698
8585.0000 0.9709
8590.0000 0.9704
8595.0000 0.9710
8600.0000 0.9704
8605.0000 0.9709
8610.0000 0.9711
8615.0000 0.9711
8620.0000 0.9706
8625.0000 0.9716
8630.0000 0.9707
8635.0000 0.9724
8640.0000 0.9716
8645.0000 0.9720
8650.0000 0.9715
8655.0000 0.9738
8660.0000 0.9729
8665.0000 0.9718
8670.0000 0.9740
8675.0000 0.9738
8680.0000 0.9734
8685.0000 0.9730
8690.0000 0.9735
8695.0000 0.9731
8700.0000 0.9723
8705.0000 0.9719
8710.0000 0.9741
8715.0000 0.9719
8720.0000 0.9726
8725.0000 0.9728
8730.0000 0.9712
8735.0000 0.9706
8740.0000 0.9720
8745.0000 0.9707
8750.0000 0.9727
8755.0000 0.9704
8760.0000 0.9712
8765.0000 0.9696
8770.0000 0.9696
8775.0000 0.9682
8780.0000 0.9676
8785.0000 0.9706
8790.0000 0.9678
8795.0000 0.9674
8800.0000 0.9660
8805.0000 0.9690
8810.0000 0.9654
8815.0000 0.9707
8820.0000 0.9675
8825.0000 0.9673
8830.0000 0.9641
8835.0000 0.9667
8840.0000 0.9698
8845.0000 0.9639
8850.0000 0.9677
8855.0000 0.9683
8860.0000 0.9704
8865.0000 0.9702
8870.0000 0.9695
8875.0000 0.9747
8880.0000 0.9699
8885.0000 0.9692
8890.0000 0.9695
8895.0000 0.9723
8900.0000 0.9745
8905.0000 0.9749
8910.0000 0.9735
8915.0000 0.9732
8920.0000 0.9735
8925.0000 0.9748
8930.0000 0.9748
8935.0000 0.9749
8940.0000 0.9760
8945.0000 0.9747
8950.0000 0.9749
8955.0000 0.9721
8960.0000 0.9766
8965.0000 0.9741
8970.0000 0.9779
8975.0000 0.9754
8980.0000 0.9763
8985.0000 0.9787
8990.0000 0.9814
8995.0000 0.9736
9000.0000 0.9743
9005.0000 0.9736
9010.0000 0.9740
9015.0000 0.9731
9020.0000 0.9744
9025.0000 0.9729
9030.0000 0.9734
9035.0000 0.9728
9040.0000 0.9731
9045.0000 0.9721
9050.0000 0.9723
9055.0000 0.9711
9060.0000 0.9717
9065.0000 0.9702
9070.0000 0.9706
9075.0000 0.9696
9080.0000 0.9691
9085.0000 0.9687
9090.0000 0.9683
9095.0000 0.9674
9100.0000 0.9673
9105.0000 0.9667
9110.0000 0.9655
9115.0000 0.9661
9120.0000 0.9640
9125.0000 0.9649
9130.0000 0.9632
9135.0000 0.9637
9140.0000 0.9621
9145.0000 0.9627
9150.0000 0.9612
9155.0000 0.9616
9160.0000 0.9608
9165.0000 0.9606
9170.0000 0.9602
9175.0000 0.9595
9180.0000 0.9595
9185.0000 0.9591
9190.0000 0.9589
9195.0000 0.9580
9200.0000 0.9596
9205.0000 0.9573
9210.0000 0.9589
9215.0000 0.9576
9220.0000 0.9585
9225.0000 0.9578
9230.0000 0.9586
9235.0000 0.9575
9240.0000 0.9590
9245.0000 0.9584
9250.0000 0.9587
9255.0000 0.9589
9260.0000 0.9588
9265.0000 0.9600
9270.0000 0.9595
9275.0000 0.9606
9280.0000 0.9598
9285.0000 0.9616
9290.0000 0.9604
9295.0000 0.9625
9300.0000 0.9614
9305.0000 0.9634
9310.0000 0.9627
9315.0000 0.9637
9320.0000 0.9640
9325.0000 0.9652
9330.0000 0.9646
9335.0000 0.9658
9340.0000 0.9661
9345.0000 0.9669
9350.0000 0.9673
9355.0000 0.9673
9360.0000 0.9688
9365.0000 0.9686
9370.0000 0.9694
9375.0000 0.9693
9380.0000 0.9705
9385.0000 0.9704
9390.0000 0.9714
9395.0000 0.9708
9400.0000 0.9724
9405.0000 0.9721
9410.0000 0.9726
9415.0000 0.9724
9420.0000 0.9737
9425.0000 0.9730
9430.0000 0.9740
9435.0000 0.9733
9440.0000 0.9742
9445.0000 0.9743
9450.0000 0.9746
9455.0000 0.9744
9460.0000 0.9749
9465.0000 0.9740
9470.0000 0.9748
9475.0000 0.9746
9480.0000 0.9745
9485.0000 0.9748
9490.0000 0.9743
9495.0000 0.9746
9500.0000 0.9742
9505.0000 0.9739
9510.0000 0.9736
9515.0000 0.9742
9520.0000 0.9731
9525.0000 0.9731
9530.0000 0.9724
9535.0000 0.9733
9540.0000 0.9715
9545.0000 0.9727
9550.0000 0.9718
9555.0000 0.9715
9560.0000 0.9705
9565.0000 0.9720
9570.0000 0.9694
9575.0000 0.9703
9580.0000 0.9695
9585.0000 0.9692
9590.0000 0.9697
9595.0000 0.9681
9600.0000 0.9686
9605.0000 0.9680
9610.0000 0.9688
9615.0000 0.9671
9620.0000 0.9680
9625.0000 0.9665
9630.0000 0.9673
9635.0000 0.9664
9640.0000 0.9672
9645.0000 0.9657
9650.0000 0.9668
9655.0000 0.9659
9660.0000 0.9659
9665.0000 0.9662
9670.0000 0.9656
9675.0000 0.9660
9680.0000 0.9660
9685.0000 0.9657
9690.0000 0.9656
9695.0000 0.9659
9700.0000 0.9658
9705.0000 0.9665
9710.0000 0.9659
9715.0000 0.9667
9720.0000 0.9665
9725.0000 0.9669
9730.0000 0.9668
9735.0000 0.9677
9740.0000 0.9667
9745.0000 0.9677
9750.0000 0.9682
9755.0000 0.9683
9760.0000 0.9684
9765.0000 0.9692
9770.0000 0.9688
9775.0000 0.9699
9780.0000 0.9703
9785.0000 0.9701
9790.0000 0.9715
9795.0000 0.9721
9800.0000 0.9717
9805.0000 0.9719
9810.0000 0.9731
9815.0000 0.9725
9820.0000 0.9738
9825.0000 0.9734
9830.0000 0.9749
9835.0000 0.9740
9840.0000 0.9750
9845.0000 0.9755
9850.0000 0.9762
9855.0000 0.9762
9860.0000 0.9760
9865.0000 0.9770
9870.0000 0.9769
9875.0000 0.9774
9880.0000 0.9770
9885.0000 0.9783
9890.0000 0.9779
9895.0000 0.9784
9900.0000 0.9777
9905.0000 0.9792
9910.0000 0.9784
9915.0000 0.9788
9920.0000 0.9790
9925.0000 0.9785
9930.0000 0.9783
9935.0000 0.9788
9940.0000 0.9782
9945.0000 0.9782
9950.0000 0.9782
9955.0000 0.9780
9960.0000 0.9779
9965.0000 0.9768
9970.0000 0.9772
9975.0000 0.9768
9980.0000 0.9761
9985.0000 0.9759
9990.0000 0.9756
9995.0000 0.9751
10000.0000 0.9744
10005.0000 0.9737
10010.0000 0.9734
10015.0000 0.9727
10020.0000 0.9722
10025.0000 0.9714
10030.0000 0.9710
10035.0000 0.9702
10040.0000 0.9690
10045.0000 0.9688
10050.0000 0.9674
10055.0000 0.9667
10060.0000 0.9664
10065.0000 0.9652
10070.0000 0.9644
10075.0000 0.9632
10080.0000 0.9630
10085.0000 0.9614
10090.0000 0.9609
10095.0000 0.9596
10100.0000 0.9591
10105.0000 0.9580
10110.0000 0.9573
10115.0000 0.9561
10120.0000 0.9554
10125.0000 0.9547
10130.0000 0.9532
10135.0000 0.9533
10140.0000 0.9516
10145.0000 0.9517
10150.0000 0.9498
10155.0000 0.9500
10160.0000 0.9479
10165.0000 0.9480
10170.0000 0.9468
10175.0000 0.9461
10180.0000 0.9459
10185.0000 0.9443
10190.0000 0.9443
10195.0000 0.9432
10200.0000 0.9432
10205.0000 0.9415
10210.0000 0.9426
10215.0000 0.9403
10220.0000 0.9410
10225.0000 0.9399
10230.0000 0.9392
10235.0000 0.9393
10240.0000 0.9387
10245.0000 0.9387
10250.0000 0.9378
10255.0000 0.9380
10260.0000 0.9375
10265.0000 0.9381
10270.0000 0.9369
10275.0000 0.9381
10280.0000 0.9366
10285.0000 0.9377
10290.0000 0.9370
10295.0000 0.9368
10300.0000 0.9371
10305.0000 0.9372
10310.0000 0.9377
10315.0000 0.9372
10320.0000 0.9380
10325.0000 0.9378
10330.0000 0.9387
10335.0000 0.9386
10340.0000 0.9390
10345.0000 0.9391
10350.0000 0.9405
10355.0000 0.9400
10360.0000 0.9413
10365.0000 0.9415
10370.0000 0.9420
10375.0000 0.9426
10380.0000 0.9436
10385.0000 0.9431
10390.0000 0.9449
10395.0000 0.9445
10400.0000 0.9461
10405.0000 0.9465
10410.0000 0.9470
10415.0000 0.9480
10420.0000 0.9490
10425.0000 0.9493
10430.0000 0.9508
10435.0000 0.9513
10440.0000 0.9525
10445.0000 0.9534
10450.0000 0.9536
10455.0000 0.9550
10460.0000 0.9555
10465.0000 0.9567
10470.0000 0.9575
10475.0000 0.9587
10480.0000 0.9589
10485.0000 0.9606
10490.0000 0.9606
10495.0000 0.9625
10500.0000 0.9624
10505.0000 0.9646
10510.0000 0.9641
10515.0000 0.9663
10520.0000 0.9656
10525.0000 0.9669
10530.0000 0.9674
10535.0000 0.9699
10540.0000 0.9688
10545.0000 0.9709
10550.0000 0.9707
10555.0000 0.9720
10560.0000 0.9718
10565.0000 0.9742
10570.0000 0.9730
10575.0000 0.9747
10580.0000 0.9749
10585.0000 0.9757
10590.0000 0.9765
10595.0000 0.9762
10600.0000 0.9769
10605.0000 0.9779
10610.0000 0.9780
10615.0000 0.9782
10620.0000 0.9793
10625.0000 0.9781
10630.0000 0.9802
10635.0000 0.9789
10640.0000 0.9801
10645.0000 0.9797
10650.0000 0.9807
10655.0000 0.9800
10660.0000 0.9807
10665.0000 0.9801
10670.0000 0.9813
10675.0000 0.9802
10680.0000 0.9804
10685.0000 0.9804
10690.0000 0.9802
10695.0000 0.9798
10700.0000 0.9802
10705.0000 0.9796
10710.0000 0.9797
10715.0000 0.9794
10720.0000 0.9780
10725.0000 0.9794
10730.0000 0.9777
10735.0000 0.9782
10740.0000 0.9772
10745.0000 0.9775
10750.0000 0.9764
10755.0000 0.9765
10760.0000 0.9754
10765.0000 0.9748
10770.0000 0.9752
10775.0000 0.9742
10780.0000 0.9740
10785.0000 0.9731
10790.0000 0.9729
10795.0000 0.9712
10800.0000 0.9722
10805.0000 0.9704
10810.0000 0.9705
10815.0000 0.9695
10820.0000 0.9691
10825.0000 0.9680
10830.0000 0.9678
10835.0000 0.9672
10840.0000 0.9667
10845.0000 0.9660
10850.0000 0.9644
10855.0000 0.9654
10860.0000 0.9635
10865.0000 0.9635
10870.0000 0.9626
10875.0000 0.9627
10880.0000 0.9609
10885.0000 0.9615
10890.0000 0.9604
10895.0000 0.9599
10900.0000 0.9599
10905.0000 0.9587
10910.0000 0.9590
10915.0000 0.9574
10920.0000 0.9582
10925.0000 0.9571
10930.0000 0.9569
10935.0000 0.9556
10940.0000 0.9573
10945.0000 0.9547
10950.0000 0.9559
10955.0000 0.9546
10960.0000 0.9547
10965.0000 0.9542
10970.0000 0.9539
10975.0000 0.9536
10980.0000 0.9534
10985.0000 0.9535
10990.0000 0.9528
10995.0000 0.9537
11000.0000 0.9524
11005.0000 0.9536
11010.0000 0.9523
11015.0000 0.9532
11020.0000 0.9517
11025.0000 0.9532
11030.0000 0.9523
11035.0000 0.9528
11040.0000 0.9525
11045.0000 0.9530
11050.0000 0.9531
11055.0000 0.9531
11060.0000 0.9529
11065.0000 0.9538
11070.0000 0.9533
11075.0000 0.9538
11080.0000 0.9543
11085.0000 0.9538
11090.0000 0.9551
11095.0000 0.9545
11100.0000 0.9552
11105.0000 0.9553
11110.0000 0.9562
11115.0000 0.9559
11120.0000 0.9568
11125.0000 0.9563
11130.0000 0.9579
11135.0000 0.9573
11140.0000 0.9580
11145.0000 0.9590
11150.0000 0.9593
11155.0000 0.9594
11160.0000 0.9598
11165.0000 0.9606
11170.0000 0.9610
11175.0000 0.9613
11180.0000 0.9615
11185.0000 0.9633
11190.0000 0.9626
11195.0000 0.9639
11200.0000 0.9637
11205.0000 0.9653
11210.0000 0.9639
11215.0000 0.9654
11220.0000 0.9667
11225.0000 0.9666
11230.0000 0.9669
11235.0000 0.9667
11240.0000 0.9683
11245.0000 0.9687
11250.0000 0.9675
11255.0000 0.9688
11260.0000 0.9697
11265.0000 0.9706
11270.0000 0.9700
11275.0000 0.9707
11280.0000 0.9715
11285.0000 0.9706
11290.0000 0.9710
11295.0000 0.9723
11300.0000 0.9713
11305.0000 0.9728
11310.0000 0.9728
11315.0000 0.9737
11320.0000 0.9718
11325.0000 0.9733
11330.0000 0.9736
11335.0000 0.9735
11340.0000 0.9738
11345.0000 0.9731
11350.0000 0.9738
11355.0000 0.9738
11360.0000 0.9738
11365.0000 0.9728
11370.0000 0.9754
11375.0000 0.9731
11380.0000 0.9733
11385.0000 0.9732
11390.0000 0.9742
11395.0000 0.9724
11400.0000 0.9733
11405.0000 0.9731
11410.0000 0.9731
11415.0000 0.9726
11420.0000 0.9720
11425.0000 0.9719
11430.0000 0.9717
11435.0000 0.9718
11440.0000 0.9711
11445.0000 0.9711
11450.0000 0.9699
11455.0000 0.9703
11460.0000 0.9695
11465.0000 0.9694
11470.0000 0.9682
11475.0000 0.9684
11480.0000 0.9670
11485.0000 0.9673
11490.0000 0.9663
11495.0000 0.9655
11500.0000 0.9652
11505.0000 0.9646
11510.0000 0.9634
11515.0000 0.9633
11520.0000 0.9623
11525.0000 0.9620
11530.0000 0.9612
11535.0000 0.9600
11540.0000 0.9598
11545.0000 0.9584
11550.0000 0.9573
11555.0000 0.9574
11560.0000 0.9559
11565.0000 0.9552
11570.0000 0.9547
11575.0000 0.9530
11580.0000 0.9529
11585.0000 0.9520
11590.0000 0.9504
11595.0000 0.9500
11600.0000 0.9492
11605.0000 0.9479
11610.0000 0.9471
11615.0000 0.9459
11620.0000 0.9449
11625.0000 0.9445
11630.0000 0.9433
11635.0000 0.9430
11640.0000 0.9412
11645.0000 0.9413
11650.0000 0.9394
11655.0000 0.9394
11660.0000 0.9372
11665.0000 0.9377
11670.0000 0.9359
11675.0000 0.9356
11680.0000 0.9344
11685.0000 0.9335
11690.0000 0.9328
11695.0000 0.9315
11700.0000 0.9317
11705.0000 0.9298
11710.0000 0.9299
11715.0000 0.9280
11720.0000 0.9288
11725.0000 0.9264
11730.0000 0.9268
11735.0000 0.9255
11740.0000 0.9247
11745.0000 0.9240
11750.0000 0.9243
11755.0000 0.9224
11760.0000 0.9226
11765.0000 0.9217
11770.0000 0.9208
11775.0000 0.9207
11780.0000 0.9200
11785.0000 0.9193
11790.0000 0.9186
11795.0000 0.9185
11800.0000 0.9182
11805.0000 0.9176
11810.0000 0.9169
11815.0000 0.9170
11820.0000 0.9165
11825.0000 0.9156
11830.0000 0.9159
11835.0000 0.9151
11840.0000 0.9151
11845.0000 0.9147
11850.0000 0.9149
11855.0000 0.9143
11860.0000 0.9145
11865.0000 0.9135
11870.0000 0.9141
11875.0000 0.9140
11880.0000 0.9142
11885.0000 0.9132
11890.0000 0.9136
11895.0000 0.9139
11900.0000 0.9136
11905.0000 0.9137
11910.0000 0.9138
11915.0000 0.9145
11920.0000 0.9143
11925.0000 0.9146
11930.0000 0.9156
11935.0000 0.9147
11940.0000 0.9154
11945.0000 0.9161
11950.0000 0.9162
11955.0000 0.9165
11960.0000 0.9168
11965.0000 0.9174
11970.0000 0.9175
11975.0000 0.9185
11980.0000 0.9176
11985.0000 0.9195
11990.0000 0.9194
11995.0000 0.9204
12000.0000 0.9203
