11150.0000 0.0000
11160.0000 0.0000
11170.0000 0.0000
11180.0000 0.0000
11190.0000 0.0002
11200.0000 0.0002
11210.0000 0.0002
11220.0000 0.0003
11230.0000 0.0003
11240.0000 0.0003
11250.0000 0.0004
11260.0000 0.0006
11270.0000 0.0007
11280.0000 0.0009
11290.0000 0.0009
11300.0000 0.0011
11310.0000 0.0012
11320.0000 0.0013
11330.0000 0.0015
11340.0000 0.0016
11350.0000 0.0017
11360.0000 0.0019
11370.0000 0.0021
11380.0000 0.0022
11390.0000 0.0024
11400.0000 0.0027
11410.0000 0.0028
11420.0000 0.0032
11430.0000 0.0036
11440.0000 0.0041
11450.0000 0.0046
11460.0000 0.0052
11470.0000 0.0061
11480.0000 0.0073
11490.0000 0.0090
11500.0000 0.0108
11510.0000 0.0136
11520.0000 0.0171
11530.0000 0.0213
11540.0000 0.0268
11550.0000 0.0337
11560.0000 0.0419
11570.0000 0.0519
11580.0000 0.0643
11590.0000 0.0776
11600.0000 0.0928
11610.0000 0.1107
11620.0000 0.1293
11630.0000 0.1496
11640.0000 0.1729
11650.0000 0.1969
11660.0000 0.2221
11670.0000 0.2497
11680.0000 0.2779
11690.0000 0.3070
11700.0000 0.3387
11710.0000 0.3706
11720.0000 0.4029
11730.0000 0.4360
11740.0000 0.4707
11750.0000 0.5028
11760.0000 0.5363
11770.0000 0.5696
11780.0000 0.6007
11790.0000 0.6301
11800.0000 0.6598
11810.0000 0.6861
11820.0000 0.7095
11830.0000 0.7327
11840.0000 0.7517
11850.0000 0.7672
11860.0000 0.7813
11870.0000 0.7937
11880.0000 0.8022
11890.0000 0.8102
11900.0000 0.8156
11910.0000 0.8205
11920.0000 0.8236
11930.0000 0.8267
11940.0000 0.8287
11950.0000 0.8310
11960.0000 0.8323
11970.0000 0.8340
11980.0000 0.8355
11990.0000 0.8374
12000.0000 0.8391
12010.0000 0.8402
12020.0000 0.8425
12030.0000 0.8445
12040.0000 0.8459
12050.0000 0.8478
12060.0000 0.8489
12070.0000 0.8507
12080.0000 0.8524
12090.0000 0.8530
12100.0000 0.8549
12110.0000 0.8560
12120.0000 0.8572
12130.0000 0.8589
12140.0000 0.8608
12150.0000 0.8611
12160.0000 0.8624
12170.0000 0.8634
12180.0000 0.8646
12190.0000 0.8653
12200.0000 0.8659
12210.0000 0.8665
12220.0000 0.8665
12230.0000 0.8676
12240.0000 0.8670
12250.0000 0.8680
12260.0000 0.8674
12270.0000 0.8668
12280.0000 0.8665
12290.0000 0.8653
12300.0000 0.8653
12310.0000 0.8643
12320.0000 0.8645
12330.0000 0.8640
12340.0000 0.8632
12350.0000 0.8628
12360.0000 0.8626
12370.0000 0.8627
12380.0000 0.8620
12390.0000 0.8617
12400.0000 0.8623
12410.0000 0.8620
12420.0000 0.8623
12430.0000 0.8634
12440.0000 0.8639
12450.0000 0.8637
12460.0000 0.8643
12470.0000 0.8654
12480.0000 0.8665
12490.0000 0.8662
12500.0000 0.8680
12510.0000 0.8692
12520.0000 0.8701
12530.0000 0.8711
12540.0000 0.8726
12550.0000 0.8735
12560.0000 0.8739
12570.0000 0.8754
12580.0000 0.8768
12590.0000 0.8773
12600.0000 0.8785
12610.0000 0.8797
12620.0000 0.8815
12630.0000 0.8820
12640.0000 0.8830
12650.0000 0.8834
12660.0000 0.8845
12670.0000 0.8855
12680.0000 0.8865
12690.0000 0.8873
12700.0000 0.8879
12710.0000 0.8890
12720.0000 0.8891
12730.0000 0.8892
12740.0000 0.8903
12750.0000 0.8908
12760.0000 0.8910
12770.0000 0.8918
12780.0000 0.8922
12790.0000 0.8926
12800.0000 0.8924
12810.0000 0.8928
12820.0000 0.8927
12830.0000 0.8933
12840.0000 0.8934
12850.0000 0.8939
12860.0000 0.8941
12870.0000 0.8944
12880.0000 0.8950
12890.0000 0.8952
12900.0000 0.8956
12910.0000 0.8963
12920.0000 0.8968
12930.0000 0.8983
12940.0000 0.8983
12950.0000 0.8985
12960.0000 0.8998
12970.0000 0.9001
12980.0000 0.9008
12990.0000 0.9012
13000.0000 0.9017
13010.0000 0.9019
13020.0000 0.9027
13030.0000 0.9029
13040.0000 0.9028
13050.0000 0.9026
13060.0000 0.9027
13070.0000 0.9025
13080.0000 0.9024
13090.0000 0.9017
13100.0000 0.9008
13110.0000 0.9002
13120.0000 0.8989
13130.0000 0.8977
13140.0000 0.8944
13150.0000 0.8915
13160.0000 0.8884
13170.0000 0.8831
13180.0000 0.8754
13190.0000 0.8668
13200.0000 0.8567
13210.0000 0.8448
13220.0000 0.8287
13230.0000 0.8084
13240.0000 0.7869
13250.0000 0.7618
13260.0000 0.7305
13270.0000 0.7001
13280.0000 0.6637
13290.0000 0.6258
13300.0000 0.5865
13310.0000 0.5439
13320.0000 0.4998
13330.0000 0.4578
13340.0000 0.4157
13350.0000 0.3740
13360.0000 0.3339
13370.0000 0.2971
13380.0000 0.2605
13390.0000 0.2286
13400.0000 0.1995
13410.0000 0.1722
13420.0000 0.1490
13430.0000 0.1289
13440.0000 0.1104
13450.0000 0.0947
13460.0000 0.0817
13470.0000 0.0702
13480.0000 0.0604
13490.0000 0.0524
13500.0000 0.0454
13510.0000 0.0394
13520.0000 0.0343
13530.0000 0.0302
13540.0000 0.0263
13550.0000 0.0230
13560.0000 0.0204
13570.0000 0.0178
13580.0000 0.0159
13590.0000 0.0141
13600.0000 0.0123
13610.0000 0.0108
13620.0000 0.0098
13630.0000 0.0087
13640.0000 0.0076
13650.0000 0.0070
13660.0000 0.0062
13670.0000 0.0055
13680.0000 0.0049
13690.0000 0.0045
13700.0000 0.0040
13710.0000 0.0034
13720.0000 0.0030
13730.0000 0.0029
13740.0000 0.0025
13750.0000 0.0022
13760.0000 0.0020
13770.0000 0.0016
13780.0000 0.0014
13790.0000 0.0013
13800.0000 0.0011
13810.0000 0.0012
13820.0000 0.0009
13830.0000 0.0006
13840.0000 0.0006
13850.0000 0.0005
13860.0000 0.0004
13870.0000 0.0006
13880.0000 0.0005
13890.0000 0.0004
13900.0000 0.0002
13910.0000 0.0002
13920.0000 0.0003
13930.0000 0.0002
13940.0000 0.0002
13950.0000 0.0001
13960.0000 0.0002
13970.0000 0.0002
13980.0000 0.0002
13990.0000 0.0001
14000.0000 0.0001
14010.0000 0.0000
