3100.000000 0.005089
3120.000000 0.011361
3140.000000 0.021902
3160.000000 0.037808
3180.000000 0.059574
3200.000000 0.086515
3220.000000 0.118419
3240.000000 0.153672
3260.000000 0.190027
3280.000000 0.228002
3300.000000 0.265647
3320.000000 0.301330
3340.000000 0.335282
3360.000000 0.367292
3380.000000 0.395639
3400.000000 0.422627
3420.000000 0.447304
3440.000000 0.468777
3460.000000 0.489953
3480.000000 0.507757
3500.000000 0.523739
3520.000000 0.539153
3540.000000 0.551876
3560.000000 0.563397
3580.000000 0.573986
3600.000000 0.581876
3620.000000 0.587715
3640.000000 0.593858
3660.000000 0.596072
3680.000000 0.596498
3700.000000 0.596489
3720.000000 0.590019
3740.000000 0.582841
3760.000000 0.570874
3780.000000 0.553284
3800.000000 0.531696
3820.000000 0.503657
3840.000000 0.467999
3860.000000 0.429315
3880.000000 0.383947
3900.000000 0.333553
3920.000000 0.283195
3940.000000 0.232299
3960.000000 0.183616
3980.000000 0.141234
4000.000000 0.103527
4020.000000 0.073299
4040.000000 0.049991
4060.000000 0.032847
4080.000000 0.020931
4100.000000 0.012857
4120.000000 0.007533
4140.000000 0.004274
