4876.00 0.0003
4878.00 0.0003
4880.00 0.0004
4882.00 0.0004
4884.00 0.0004
4886.00 0.0004
4888.00 0.0005
4890.00 0.0005
4892.00 0.0005
4894.00 0.0005
4896.00 0.0006
4898.00 0.0006
4900.00 0.0006
4902.00 0.0007
4904.00 0.0007
4906.00 0.0008
4908.00 0.0009
4910.00 0.0009
4912.00 0.0010
4914.00 0.0011
4916.00 0.0012
4918.00 0.0013
4920.00 0.0014
4922.00 0.0015
4924.00 0.0017
4926.00 0.0018
4928.00 0.0020
4930.00 0.0021
4932.00 0.0023
4934.00 0.0026
4936.00 0.0028
4938.00 0.0030
4940.00 0.0033
4942.00 0.0036
4944.00 0.0039
4946.00 0.0042
4948.00 0.0046
4950.00 0.0050
4952.00 0.0054
4954.00 0.0059
4956.00 0.0063
4958.00 0.0068
4960.00 0.0073
4962.00 0.0079
4964.00 0.0085
4966.00 0.0091
4968.00 0.0098
4970.00 0.0105
4972.00 0.0112
4974.00 0.0120
4976.00 0.0129
4978.00 0.0139
4980.00 0.0149
4982.00 0.0161
4984.00 0.0173
4986.00 0.0187
4988.00 0.0202
4990.00 0.0218
4992.00 0.0240
4994.00 0.0261
4996.00 0.0287
4998.00 0.0316
5000.00 0.0346
5002.00 0.0389
5004.00 0.0431
5006.00 0.0484
5008.00 0.0548
5010.00 0.0611
5012.00 0.0705
5014.00 0.0799
5016.00 0.0922
5018.00 0.1073
5020.00 0.1225
5022.00 0.1438
5024.00 0.1652
5026.00 0.1912
5028.00 0.2219
5030.00 0.2526
5032.00 0.2910
5034.00 0.3295
5036.00 0.3694
5038.00 0.4107
5040.00 0.4520
5042.00 0.4895
5044.00 0.5270
5046.00 0.5603
5048.00 0.5894
5050.00 0.6185
5052.00 0.6359
5054.00 0.6533
5056.00 0.6656
5058.00 0.6727
5060.00 0.6799
5062.00 0.6769
5064.00 0.6739
5066.00 0.6655
5068.00 0.6515
5070.00 0.6375
5072.00 0.6115
5074.00 0.5855
5076.00 0.5537
5078.00 0.5163
5080.00 0.4789
5082.00 0.4371
5084.00 0.3954
5086.00 0.3543
5088.00 0.3136
5090.00 0.2730
5092.00 0.2395
5094.00 0.2060
5096.00 0.1766
5098.00 0.1512
5100.00 0.1259
5102.00 0.1095
5104.00 0.0932
5106.00 0.0794
5108.00 0.0683
5110.00 0.0572
5112.00 0.0502
5114.00 0.0433
5116.00 0.0375
5118.00 0.0329
5120.00 0.0283
5122.00 0.0253
5124.00 0.0222
5126.00 0.0197
5128.00 0.0175
5130.00 0.0154
5132.00 0.0140
5134.00 0.0125
5136.00 0.0112
5138.00 0.0101
5140.00 0.0090
5142.00 0.0082
5144.00 0.0074
5146.00 0.0067
5148.00 0.0061
5150.00 0.0055
5152.00 0.0051
5154.00 0.0046
5156.00 0.0042
5158.00 0.0038
5160.00 0.0035
5162.00 0.0032
5164.00 0.0029
5166.00 0.0027
5168.00 0.0025
5170.00 0.0022
5172.00 0.0021
5174.00 0.0019
5176.00 0.0017
5178.00 0.0016
5180.00 0.0014
5182.00 0.0013
5184.00 0.0012
5186.00 0.0011
5188.00 0.0010
5190.00 0.0009
5192.00 0.0009
5194.00 0.0008
5196.00 0.0007
5198.00 0.0007
5200.00 0.0006
5202.00 0.0006
5204.00 0.0005
5206.00 0.0005
5208.00 0.0004
5210.00 0.0004
5212.00 0.0004
5214.00 0.0003
