6854.00 0.0009
6856.00 0.0010
6858.00 0.0010
6860.00 0.0011
6862.00 0.0012
6864.00 0.0013
6866.00 0.0014
6868.00 0.0016
6870.00 0.0017
6872.00 0.0019
6874.00 0.0021
6876.00 0.0023
6878.00 0.0026
6880.00 0.0029
6882.00 0.0032
6884.00 0.0036
6886.00 0.0040
6888.00 0.0046
6890.00 0.0051
6892.00 0.0059
6894.00 0.0067
6896.00 0.0078
6898.00 0.0090
6900.00 0.0103
6902.00 0.0122
6904.00 0.0141
6906.00 0.0168
6908.00 0.0201
6910.00 0.0234
6912.00 0.0288
6914.00 0.0343
6916.00 0.0420
6918.00 0.0519
6920.00 0.0618
6922.00 0.0786
6924.00 0.0955
6926.00 0.1180
6928.00 0.1464
6930.00 0.1747
6932.00 0.2160
6934.00 0.2573
6936.00 0.3046
6938.00 0.3579
6940.00 0.4112
6942.00 0.4616
6944.00 0.5120
6946.00 0.5576
6948.00 0.5984
6950.00 0.6391
6952.00 0.6619
6954.00 0.6846
6956.00 0.6996
6958.00 0.7066
6960.00 0.7137
6962.00 0.7109
6964.00 0.7081
6966.00 0.7022
6968.00 0.6932
6970.00 0.6842
6972.00 0.6672
6974.00 0.6502
6976.00 0.6276
6978.00 0.5994
6980.00 0.5712
6982.00 0.5365
6984.00 0.5018
6986.00 0.4643
6988.00 0.4240
6990.00 0.3837
6992.00 0.3449
6994.00 0.3061
6996.00 0.2704
6998.00 0.2379
7000.00 0.2054
7002.00 0.1811
7004.00 0.1568
7006.00 0.1358
7008.00 0.1181
7010.00 0.1003
7012.00 0.0886
7014.00 0.0769
7016.00 0.0669
7018.00 0.0585
7020.00 0.0502
7022.00 0.0448
7024.00 0.0393
7026.00 0.0347
7028.00 0.0309
7030.00 0.0271
7032.00 0.0244
7034.00 0.0218
7036.00 0.0196
7038.00 0.0176
7040.00 0.0157
7042.00 0.0144
7044.00 0.0130
7046.00 0.0118
7048.00 0.0108
7050.00 0.0098
7052.00 0.0090
7054.00 0.0082
7056.00 0.0076
7058.00 0.0070
7060.00 0.0063
7062.00 0.0059
7064.00 0.0055
7066.00 0.0051
7068.00 0.0047
7070.00 0.0043
7072.00 0.0040
7074.00 0.0037
7076.00 0.0035
7078.00 0.0032
7080.00 0.0030
7082.00 0.0028
7084.00 0.0026
7086.00 0.0025
7088.00 0.0024
7090.00 0.0022
7092.00 0.0021
7094.00 0.0020
7096.00 0.0019
7098.00 0.0018
7100.00 0.0017
7102.00 0.0016
7104.00 0.0016
7106.00 0.0015
7108.00 0.0014
7110.00 0.0014
7112.00 0.0013
7114.00 0.0013
7116.00 0.0013
7118.00 0.0012
7120.00 0.0012
7122.00 0.0011
7124.00 0.0011
7126.00 0.0011
7128.00 0.0011
7130.00 0.0010
7132.00 0.0010
7134.00 0.0010
7136.00 0.0010
7138.00 0.0010
7140.00 0.0009
