3065.00 0.0008
3070.00 0.0010
3075.00 0.0013
3080.00 0.0017
3085.00 0.0021
3090.00 0.0023
3095.00 0.0033
3100.00 0.0040
3105.00 0.0048
3110.00 0.0058
3115.00 0.0070
3120.00 0.0082
3125.00 0.0097
3130.00 0.0114
3135.00 0.0133
3140.00 0.0154
3145.00 0.0178
3150.00 0.0205
3155.00 0.0235
3160.00 0.0266
3165.00 0.0301
3170.00 0.0340
3175.00 0.0380
3180.00 0.0427
3185.00 0.0476
3190.00 0.0526
3195.00 0.0581
3200.00 0.0638
3205.00 0.0702
3210.00 0.0768
3215.00 0.0836
3220.00 0.0909
3225.00 0.0981
3230.00 0.1065
3235.00 0.1146
3240.00 0.1232
3245.00 0.1322
3250.00 0.1415
3255.00 0.1508
3260.00 0.1608
3265.00 0.1703
3270.00 0.1806
3275.00 0.1910
3280.00 0.2017
3285.00 0.2123
3290.00 0.2225
3295.00 0.2339
3300.00 0.2454
3305.00 0.2566
3310.00 0.2679
3315.00 0.2796
3320.00 0.2909
3325.00 0.3028
3330.00 0.3145
3335.00 0.3255
3340.00 0.3371
3345.00 0.3483
3350.00 0.3597
3355.00 0.3711
3360.00 0.3821
3365.00 0.3936
3370.00 0.4043
3375.00 0.4163
3380.00 0.4265
3385.00 0.4375
3390.00 0.4481
3395.00 0.4579
3400.00 0.4685
3405.00 0.4790
3410.00 0.4884
3415.00 0.4987
3420.00 0.5077
3425.00 0.5176
3430.00 0.5274
3435.00 0.5362
3440.00 0.5445
3445.00 0.5551
3450.00 0.5628
3455.00 0.5713
3460.00 0.5802
3465.00 0.5883
3470.00 0.5959
3475.00 0.6041
3480.00 0.6115
3485.00 0.6186
3490.00 0.6263
3495.00 0.6332
3500.00 0.6406
3505.00 0.6488
3510.00 0.6542
3515.00 0.6602
3520.00 0.6667
3525.00 0.6735
3530.00 0.6794
3535.00 0.6849
3540.00 0.6907
3545.00 0.6954
3550.00 0.7017
3555.00 0.7069
3560.00 0.7115
3565.00 0.7167
3570.00 0.7206
3575.00 0.7251
3580.00 0.7306
3585.00 0.7335
3590.00 0.7378
3595.00 0.7417
3600.00 0.7454
3605.00 0.7496
3610.00 0.7529
3615.00 0.7560
3620.00 0.7595
3625.00 0.7631
3630.00 0.7655
3635.00 0.7675
3640.00 0.7707
3645.00 0.7739
3650.00 0.7768
3655.00 0.7797
3660.00 0.7813
3665.00 0.7831
3670.00 0.7862
3675.00 0.7881
3680.00 0.7896
3685.00 0.7929
3690.00 0.7929
3695.00 0.7969
3700.00 0.7980
3705.00 0.8006
3710.00 0.8020
3715.00 0.8036
3720.00 0.8054
3725.00 0.8063
3730.00 0.8087
3735.00 0.8103
3740.00 0.8120
3745.00 0.8136
3750.00 0.8148
3755.00 0.8152
3760.00 0.8173
3765.00 0.8180
3770.00 0.8190
3775.00 0.8207
3780.00 0.8219
3785.00 0.8229
3790.00 0.8242
3795.00 0.8257
3800.00 0.8259
3805.00 0.8269
3810.00 0.8281
3815.00 0.8289
3820.00 0.8301
3825.00 0.8311
3830.00 0.8317
3835.00 0.8311
3840.00 0.8328
3845.00 0.8337
3850.00 0.8350
3855.00 0.8347
3860.00 0.8359
3865.00 0.8360
3870.00 0.8365
3875.00 0.8373
3880.00 0.8382
3885.00 0.8386
3890.00 0.8389
3895.00 0.8386
3900.00 0.8388
3905.00 0.8397
3910.00 0.8393
3915.00 0.8392
3920.00 0.8386
3925.00 0.8384
3930.00 0.8391
3935.00 0.8381
3940.00 0.8381
3945.00 0.8375
3950.00 0.8370
3955.00 0.8369
3960.00 0.8352
3965.00 0.8345
3970.00 0.8335
3975.00 0.8332
3980.00 0.8319
3985.00 0.8303
3990.00 0.8295
3995.00 0.8289
4000.00 0.8278
4005.00 0.8270
4010.00 0.8238
4015.00 0.8235
4020.00 0.8220
4025.00 0.8203
4030.00 0.8189
4035.00 0.8175
4040.00 0.8165
4045.00 0.8146
4050.00 0.8132
4055.00 0.8121
4060.00 0.8113
4065.00 0.8093
4070.00 0.8079
4075.00 0.8070
4080.00 0.8057
4085.00 0.8040
4090.00 0.8028
4095.00 0.8012
4100.00 0.7990
4105.00 0.7982
4110.00 0.7955
4115.00 0.7944
4120.00 0.7922
4125.00 0.7897
4130.00 0.7876
4135.00 0.7863
4140.00 0.7840
4145.00 0.7815
4150.00 0.7809
4155.00 0.7785
4160.00 0.7762
4165.00 0.7755
4170.00 0.7726
4175.00 0.7708
4180.00 0.7701
4185.00 0.7679
4190.00 0.7656
4195.00 0.7645
4200.00 0.7613
4205.00 0.7597
4210.00 0.7577
4215.00 0.7544
4220.00 0.7521
4225.00 0.7496
4230.00 0.7478
4235.00 0.7447
4240.00 0.7416
4245.00 0.7388
4250.00 0.7353
4255.00 0.7329
4260.00 0.7297
4265.00 0.7271
4270.00 0.7245
4275.00 0.7214
4280.00 0.7185
4285.00 0.7159
4290.00 0.7126
4295.00 0.7097
4300.00 0.7069
4305.00 0.7033
4310.00 0.7002
4315.00 0.6971
4320.00 0.6934
4325.00 0.6900
4330.00 0.6869
4335.00 0.6837
4340.00 0.6804
4345.00 0.6771
4350.00 0.6738
4355.00 0.6704
4360.00 0.6672
4365.00 0.6640
4370.00 0.6605
4375.00 0.6577
4380.00 0.6541
4385.00 0.6511
4390.00 0.6479
4395.00 0.6446
4400.00 0.6416
4405.00 0.6384
4410.00 0.6349
4415.00 0.6320
4420.00 0.6282
4425.00 0.6243
4430.00 0.6201
4435.00 0.6164
4440.00 0.6132
4445.00 0.6083
4450.00 0.6046
4455.00 0.6005
4460.00 0.5959
4465.00 0.5909
4470.00 0.5866
4475.00 0.5817
4480.00 0.5769
4485.00 0.5721
4490.00 0.5672
4495.00 0.5625
4500.00 0.5580
4505.00 0.5531
4510.00 0.5474
4515.00 0.5436
4520.00 0.5390
4525.00 0.5340
4530.00 0.5299
4535.00 0.5249
4540.00 0.5201
4545.00 0.5158
4550.00 0.5107
4555.00 0.5061
4560.00 0.5012
4565.00 0.4952
4570.00 0.4903
4575.00 0.4851
4580.00 0.4791
4585.00 0.4738
4590.00 0.4682
4595.00 0.4618
4600.00 0.4562
4605.00 0.4500
4610.00 0.4436
4615.00 0.4374
4620.00 0.4310
4625.00 0.4242
4630.00 0.4177
4635.00 0.4110
4640.00 0.4035
4645.00 0.3962
4650.00 0.3892
4655.00 0.3812
4660.00 0.3738
4665.00 0.3659
4670.00 0.3579
4675.00 0.3497
4680.00 0.3413
4685.00 0.3331
4690.00 0.3248
4695.00 0.3164
4700.00 0.3082
4705.00 0.2997
4710.00 0.2916
4715.00 0.2835
4720.00 0.2753
4725.00 0.2669
4730.00 0.2590
4735.00 0.2512
4740.00 0.2435
4745.00 0.2358
4750.00 0.2283
4755.00 0.2207
4760.00 0.2138
4765.00 0.2066
4770.00 0.1996
4775.00 0.1927
4780.00 0.1859
4785.00 0.1793
4790.00 0.1728
4795.00 0.1663
4800.00 0.1599
4805.00 0.1537
4810.00 0.1477
4815.00 0.1418
4820.00 0.1360
4825.00 0.1303
4830.00 0.1249
4835.00 0.1194
4840.00 0.1143
4845.00 0.1092
4850.00 0.1044
4855.00 0.0997
4860.00 0.0951
4865.00 0.0908
4870.00 0.0867
4875.00 0.0827
4880.00 0.0788
4885.00 0.0751
4890.00 0.0716
4895.00 0.0683
4900.00 0.0651
4905.00 0.0620
4910.00 0.0591
4915.00 0.0563
4920.00 0.0538
4925.00 0.0513
4930.00 0.0491
4935.00 0.0468
4940.00 0.0447
4945.00 0.0428
4950.00 0.0410
4955.00 0.0393
4960.00 0.0376
4965.00 0.0360
4970.00 0.0346
4975.00 0.0332
4980.00 0.0318
4985.00 0.0305
4990.00 0.0293
4995.00 0.0280
5000.00 0.0267
5005.00 0.0255
5010.00 0.0243
5015.00 0.0231
5020.00 0.0219
5025.00 0.0207
5030.00 0.0195
5035.00 0.0184
5040.00 0.0172
5045.00 0.0162
5050.00 0.0151
5055.00 0.0141
5060.00 0.0132
5065.00 0.0122
5070.00 0.0114
5075.00 0.0106
5080.00 0.0099
5085.00 0.0092
5090.00 0.0086
5095.00 0.0080
5100.00 0.0075
5105.00 0.0070
5110.00 0.0065
5115.00 0.0061
5120.00 0.0057
5125.00 0.0053
5130.00 0.0050
5135.00 0.0046
5140.00 0.0043
5145.00 0.0040
5150.00 0.0038
5155.00 0.0035
5160.00 0.0032
5165.00 0.0030
5170.00 0.0028
5175.00 0.0026
5180.00 0.0024
5185.00 0.0022
5190.00 0.0020
5195.00 0.0019
5200.00 0.0017
5205.00 0.0016
5210.00 0.0014
5215.00 0.0013
5220.00 0.0012
5225.00 0.0011
5230.00 0.0010
5235.00 0.0009
