4614.00 0.0009
4616.00 0.0011
4618.00 0.0012
4620.00 0.0013
4622.00 0.0017
4624.00 0.0020
4626.00 0.0024
4628.00 0.0027
4630.00 0.0030
4632.00 0.0041
4634.00 0.0051
4636.00 0.0062
4638.00 0.0072
4640.00 0.0082
4642.00 0.0125
4644.00 0.0168
4646.00 0.0210
4648.00 0.0253
4650.00 0.0295
4652.00 0.0494
4654.00 0.0692
4656.00 0.0890
4658.00 0.1089
4660.00 0.1287
4662.00 0.1797
4664.00 0.2307
4666.00 0.2817
4668.00 0.3327
4670.00 0.3837
4672.00 0.4367
4674.00 0.4898
4676.00 0.5429
4678.00 0.5959
4680.00 0.6490
4682.00 0.6570
4684.00 0.6649
4686.00 0.6729
4688.00 0.6808
4690.00 0.6888
4692.00 0.6470
4694.00 0.6052
4696.00 0.5633
4698.00 0.5215
4700.00 0.4797
4702.00 0.4266
4704.00 0.3734
4706.00 0.3203
4708.00 0.2672
4710.00 0.2140
4712.00 0.1852
4714.00 0.1564
4716.00 0.1275
4718.00 0.0987
4720.00 0.0699
4722.00 0.0608
4724.00 0.0516
4726.00 0.0425
4728.00 0.0334
4730.00 0.0242
4732.00 0.0215
4734.00 0.0188
4736.00 0.0161
4738.00 0.0133
4740.00 0.0106
4742.00 0.0095
4744.00 0.0085
4746.00 0.0075
4748.00 0.0064
4750.00 0.0054
4752.00 0.0049
4754.00 0.0044
4756.00 0.0040
4758.00 0.0035
4760.00 0.0030
4762.00 0.0028
4764.00 0.0026
4766.00 0.0023
4768.00 0.0021
4770.00 0.0019
4772.00 0.0017
4774.00 0.0016
4776.00 0.0015
4778.00 0.0013
4780.00 0.0012
4782.00 0.0011
4784.00 0.0010
4786.00 0.0010
4788.00 0.0009
