6450.00 0.0003
6450.20 0.0003
6450.40 0.0003
6450.60 0.0003
6450.80 0.0003
6451.00 0.0003
6451.20 0.0004
6451.40 0.0003
6451.60 0.0003
6451.80 0.0003
6452.00 0.0004
6452.20 0.0003
6452.40 0.0003
6452.60 0.0004
6452.80 0.0004
6453.00 0.0003
6453.20 0.0004
6453.40 0.0004
6453.60 0.0004
6453.80 0.0004
6454.00 0.0004
6454.20 0.0004
6454.40 0.0004
6454.60 0.0004
6454.80 0.0004
6455.00 0.0004
6455.20 0.0004
6455.40 0.0004
6455.60 0.0004
6455.80 0.0004
6456.00 0.0004
6456.20 0.0004
6456.40 0.0004
6456.60 0.0004
6456.80 0.0004
6457.00 0.0004
6457.20 0.0004
6457.40 0.0004
6457.60 0.0004
6457.80 0.0004
6458.00 0.0004
6458.20 0.0004
6458.40 0.0004
6458.60 0.0004
6458.80 0.0004
6459.00 0.0004
6459.20 0.0004
6459.40 0.0005
6459.60 0.0005
6459.80 0.0005
6460.00 0.0005
6460.20 0.0005
6460.40 0.0005
6460.60 0.0005
6460.80 0.0005
6461.00 0.0005
6461.20 0.0005
6461.40 0.0005
6461.60 0.0005
6461.80 0.0005
6462.00 0.0005
6462.20 0.0005
6462.40 0.0005
6462.60 0.0005
6462.80 0.0005
6463.00 0.0005
6463.20 0.0005
6463.40 0.0005
6463.60 0.0005
6463.80 0.0005
6464.00 0.0005
6464.20 0.0005
6464.40 0.0005
6464.60 0.0006
6464.80 0.0006
6465.00 0.0006
6465.20 0.0006
6465.40 0.0006
6465.60 0.0006
6465.80 0.0006
6466.00 0.0006
6466.20 0.0006
6466.40 0.0006
6466.60 0.0006
6466.80 0.0006
6467.00 0.0006
6467.20 0.0006
6467.40 0.0006
6467.60 0.0006
6467.80 0.0006
6468.00 0.0006
6468.20 0.0006
6468.40 0.0006
6468.60 0.0006
6468.80 0.0007
6469.00 0.0007
6469.20 0.0007
6469.40 0.0007
6469.60 0.0007
6469.80 0.0007
6470.00 0.0007
6470.20 0.0007
6470.40 0.0007
6470.60 0.0007
6470.80 0.0007
6471.00 0.0007
6471.20 0.0007
6471.40 0.0007
6471.60 0.0007
6471.80 0.0007
6472.00 0.0007
6472.20 0.0008
6472.40 0.0008
6472.60 0.0008
6472.80 0.0008
6473.00 0.0008
6473.20 0.0008
6473.40 0.0008
6473.60 0.0008
6473.80 0.0008
6474.00 0.0008
6474.20 0.0008
6474.40 0.0008
6474.60 0.0008
6474.80 0.0008
6475.00 0.0009
6475.20 0.0009
6475.40 0.0009
6475.60 0.0009
6475.80 0.0009
6476.00 0.0009
6476.20 0.0009
6476.40 0.0009
6476.60 0.0009
6476.80 0.0009
6477.00 0.0009
6477.20 0.0009
6477.40 0.0009
6477.60 0.0010
6477.80 0.0010
6478.00 0.0010
6478.20 0.0010
6478.40 0.0010
6478.60 0.0010
6478.80 0.0010
6479.00 0.0010
6479.20 0.0010
6479.40 0.0010
6479.60 0.0011
6479.80 0.0011
6480.00 0.0011
6480.20 0.0011
6480.40 0.0011
6480.60 0.0011
6480.80 0.0011
6481.00 0.0011
6481.20 0.0011
6481.40 0.0011
6481.60 0.0011
6481.80 0.0012
6482.00 0.0012
6482.20 0.0012
6482.40 0.0012
6482.60 0.0012
6482.80 0.0012
6483.00 0.0012
6483.20 0.0012
6483.40 0.0013
6483.60 0.0013
6483.80 0.0013
6484.00 0.0013
6484.20 0.0013
6484.40 0.0013
6484.60 0.0013
6484.80 0.0014
6485.00 0.0014
6485.20 0.0014
6485.40 0.0014
6485.60 0.0014
6485.80 0.0014
6486.00 0.0014
6486.20 0.0015
6486.40 0.0015
6486.60 0.0015
6486.80 0.0015
6487.00 0.0015
6487.20 0.0016
6487.40 0.0015
6487.60 0.0016
6487.80 0.0016
6488.00 0.0016
6488.20 0.0016
6488.40 0.0016
6488.60 0.0016
6488.80 0.0017
6489.00 0.0017
6489.20 0.0017
6489.40 0.0017
6489.60 0.0017
6489.80 0.0017
6490.00 0.0018
6490.20 0.0018
6490.40 0.0018
6490.60 0.0018
6490.80 0.0018
6491.00 0.0019
6491.20 0.0019
6491.40 0.0019
6491.60 0.0019
6491.80 0.0019
6492.00 0.0020
6492.20 0.0020
6492.40 0.0020
6492.60 0.0020
6492.80 0.0021
6493.00 0.0021
6493.20 0.0021
6493.40 0.0021
6493.60 0.0022
6493.80 0.0022
6494.00 0.0022
6494.20 0.0022
6494.40 0.0022
6494.60 0.0023
6494.80 0.0023
6495.00 0.0023
6495.20 0.0024
6495.40 0.0024
6495.60 0.0024
6495.80 0.0024
6496.00 0.0025
6496.20 0.0025
6496.40 0.0025
6496.60 0.0025
6496.80 0.0026
6497.00 0.0026
6497.20 0.0027
6497.40 0.0027
6497.60 0.0027
6497.80 0.0027
6498.00 0.0028
6498.20 0.0028
6498.40 0.0029
6498.60 0.0029
6498.80 0.0029
6499.00 0.0029
6499.20 0.0030
6499.40 0.0030
6499.60 0.0031
6499.80 0.0031
6500.00 0.0032
6500.20 0.0032
6500.40 0.0032
6500.60 0.0033
6500.80 0.0033
6501.00 0.0033
6501.20 0.0034
6501.40 0.0034
6501.60 0.0035
6501.80 0.0035
6502.00 0.0036
6502.20 0.0036
6502.40 0.0037
6502.60 0.0037
6502.80 0.0038
6503.00 0.0038
6503.20 0.0039
6503.40 0.0039
6503.60 0.0040
6503.80 0.0040
6504.00 0.0041
6504.20 0.0041
6504.40 0.0042
6504.60 0.0043
6504.80 0.0043
6505.00 0.0044
6505.20 0.0044
6505.40 0.0045
6505.60 0.0045
6505.80 0.0046
6506.00 0.0047
6506.20 0.0047
6506.40 0.0048
6506.60 0.0049
6506.80 0.0050
6507.00 0.0050
6507.20 0.0051
6507.40 0.0051
6507.60 0.0052
6507.80 0.0053
6508.00 0.0054
6508.20 0.0055
6508.40 0.0056
6508.60 0.0056
6508.80 0.0057
6509.00 0.0058
6509.20 0.0059
6509.40 0.0059
6509.60 0.0061
6509.80 0.0061
6510.00 0.0063
6510.20 0.0063
6510.40 0.0065
6510.60 0.0065
6510.80 0.0067
6511.00 0.0067
6511.20 0.0069
6511.40 0.0069
6511.60 0.0071
6511.80 0.0071
6512.00 0.0073
6512.20 0.0074
6512.40 0.0075
6512.60 0.0076
6512.80 0.0078
6513.00 0.0078
6513.20 0.0080
6513.40 0.0081
6513.60 0.0082
6513.80 0.0084
6514.00 0.0085
6514.20 0.0086
6514.40 0.0088
6514.60 0.0089
6514.80 0.0092
6515.00 0.0093
6515.20 0.0095
6515.40 0.0095
6515.60 0.0098
6515.80 0.0099
6516.00 0.0101
6516.20 0.0102
6516.40 0.0105
6516.60 0.0106
6516.80 0.0108
6517.00 0.0109
6517.20 0.0113
6517.40 0.0113
6517.60 0.0116
6517.80 0.0118
6518.00 0.0121
6518.20 0.0122
6518.40 0.0126
6518.60 0.0127
6518.80 0.0131
6519.00 0.0132
6519.20 0.0136
6519.40 0.0136
6519.60 0.0140
6519.80 0.0141
6520.00 0.0146
6520.20 0.0148
6520.40 0.0151
6520.60 0.0152
6520.80 0.0157
6521.00 0.0159
6521.20 0.0163
6521.40 0.0164
6521.60 0.0168
6521.80 0.0171
6522.00 0.0175
6522.20 0.0178
6522.40 0.0184
6522.60 0.0186
6522.80 0.0191
6523.00 0.0194
6523.20 0.0201
6523.40 0.0201
6523.60 0.0207
6523.80 0.0210
6524.00 0.0214
6524.20 0.0220
6524.40 0.0225
6524.60 0.0229
6524.80 0.0234
6525.00 0.0240
6525.20 0.0247
6525.40 0.0248
6525.60 0.0256
6525.80 0.0261
6526.00 0.0267
6526.20 0.0274
6526.40 0.0281
6526.60 0.0285
6526.80 0.0295
6527.00 0.0298
6527.20 0.0309
6527.40 0.0311
6527.60 0.0319
6527.80 0.0325
6528.00 0.0332
6528.20 0.0341
6528.40 0.0351
6528.60 0.0356
6528.80 0.0367
6529.00 0.0372
6529.20 0.0386
6529.40 0.0387
6529.60 0.0402
6529.80 0.0407
6530.00 0.0425
6530.20 0.0431
6530.40 0.0444
6530.60 0.0451
6530.80 0.0467
6531.00 0.0475
6531.20 0.0494
6531.40 0.0495
6531.60 0.0512
6531.80 0.0521
6532.00 0.0535
6532.20 0.0549
6532.40 0.0567
6532.60 0.0575
6532.80 0.0597
6533.00 0.0605
6533.20 0.0631
6533.40 0.0636
6533.60 0.0657
6533.80 0.0672
6534.00 0.0690
6534.20 0.0710
6534.40 0.0734
6534.60 0.0748
6534.80 0.0769
6535.00 0.0793
6535.20 0.0815
6535.40 0.0820
6535.60 0.0847
6535.80 0.0865
6536.00 0.0886
6536.20 0.0910
6536.40 0.0940
6536.60 0.0955
6536.80 0.0986
6537.00 0.1003
6537.20 0.1044
6537.40 0.1048
6537.60 0.1086
6537.80 0.1107
6538.00 0.1137
6538.20 0.1166
6538.40 0.1209
6538.60 0.1226
6538.80 0.1270
6539.00 0.1290
6539.20 0.1340
6539.40 0.1346
6539.60 0.1396
6539.80 0.1410
6540.00 0.1470
6540.20 0.1489
6540.40 0.1536
6540.60 0.1557
6540.80 0.1615
6541.00 0.1635
6541.20 0.1697
6541.40 0.1706
6541.60 0.1763
6541.80 0.1798
6542.00 0.1842
6542.20 0.1890
6542.40 0.1943
6542.60 0.1976
6542.80 0.2034
6543.00 0.2064
6543.20 0.2130
6543.40 0.2139
6543.60 0.2196
6543.80 0.2237
6544.00 0.2284
6544.20 0.2334
6544.40 0.2387
6544.60 0.2423
6544.80 0.2472
6545.00 0.2536
6545.20 0.2589
6545.40 0.2602
6545.60 0.2674
6545.80 0.2719
6546.00 0.2770
6546.20 0.2828
6546.40 0.2897
6546.60 0.2923
6546.80 0.3009
6547.00 0.3038
6547.20 0.3125
6547.40 0.3141
6547.60 0.3208
6547.80 0.3257
6548.00 0.3313
6548.20 0.3368
6548.40 0.3435
6548.60 0.3470
6548.80 0.3550
6549.00 0.3587
6549.20 0.3678
6549.40 0.3688
6549.60 0.3776
6549.80 0.3801
6550.00 0.3910
6550.20 0.3945
6550.40 0.4014
6550.60 0.4054
6550.80 0.4130
6551.00 0.4166
6551.20 0.4247
6551.40 0.4260
6551.60 0.4334
6551.80 0.4380
6552.00 0.4431
6552.20 0.4488
6552.40 0.4552
6552.60 0.4586
6552.80 0.4666
6553.00 0.4696
6553.20 0.4776
6553.40 0.4793
6553.60 0.4866
6553.80 0.4909
6554.00 0.4960
6554.20 0.5023
6554.40 0.5082
6554.60 0.5124
6554.80 0.5181
6555.00 0.5236
6555.20 0.5302
6555.40 0.5304
6555.60 0.5371
6555.80 0.5407
6556.00 0.5448
6556.20 0.5503
6556.40 0.5558
6556.60 0.5586
6556.80 0.5647
6557.00 0.5672
6557.20 0.5745
6557.40 0.5750
6557.60 0.5814
6557.80 0.5837
6558.00 0.5879
6558.20 0.5922
6558.40 0.5975
6558.60 0.5992
6558.80 0.6041
6559.00 0.6058
6559.20 0.6106
6559.40 0.6114
6559.60 0.6158
6559.80 0.6172
6560.00 0.6219
6560.20 0.6231
6560.40 0.6264
6560.60 0.6280
6560.80 0.6310
6561.00 0.6327
6561.20 0.6360
6561.40 0.6364
6561.60 0.6394
6561.80 0.6410
6562.00 0.6424
6562.20 0.6441
6562.40 0.6466
6562.60 0.6472
6562.80 0.6490
6563.00 0.6498
6563.20 0.6511
6563.40 0.6522
6563.60 0.6528
6563.80 0.6537
6564.00 0.6544
6564.20 0.6550
6564.40 0.6554
6564.60 0.6556
6564.80 0.6562
6565.00 0.6562
6565.20 0.6559
6565.40 0.6563
6565.60 0.6548
6565.80 0.6560
6566.00 0.6546
6566.20 0.6544
6566.40 0.6521
6566.60 0.6525
6566.80 0.6514
6567.00 0.6494
6567.20 0.6486
6567.40 0.6472
6567.60 0.6455
6567.80 0.6450
6568.00 0.6433
6568.20 0.6416
6568.40 0.6389
6568.60 0.6376
6568.80 0.6339
6569.00 0.6342
6569.20 0.6293
6569.40 0.6289
6569.60 0.6253
6569.80 0.6235
6570.00 0.6186
6570.20 0.6169
6570.40 0.6134
6570.60 0.6109
6570.80 0.6064
6571.00 0.6049
6571.20 0.5987
6571.40 0.5987
6571.60 0.5940
6571.80 0.5906
6572.00 0.5873
6572.20 0.5833
6572.40 0.5778
6572.60 0.5759
6572.80 0.5700
6573.00 0.5671
6573.20 0.5608
6573.40 0.5591
6573.60 0.5529
6573.80 0.5496
6574.00 0.5451
6574.20 0.5389
6574.40 0.5333
6574.60 0.5302
6574.80 0.5239
6575.00 0.5197
6575.20 0.5138
6575.40 0.5115
6575.60 0.5063
6575.80 0.5022
6576.00 0.4966
6576.20 0.4918
6576.40 0.4859
6576.60 0.4818
6576.80 0.4753
6577.00 0.4720
6577.20 0.4629
6577.40 0.4622
6577.60 0.4551
6577.80 0.4502
6578.00 0.4448
6578.20 0.4393
6578.40 0.4316
6578.60 0.4280
6578.80 0.4213
6579.00 0.4166
6579.20 0.4088
6579.40 0.4078
6579.60 0.3989
6579.80 0.3972
6580.00 0.3880
6580.20 0.3843
6580.40 0.3773
6580.60 0.3744
6580.80 0.3664
6581.00 0.3629
6581.20 0.3545
6581.40 0.3524
6581.60 0.3449
6581.80 0.3412
6582.00 0.3351
6582.20 0.3284
6582.40 0.3219
6582.60 0.3186
6582.80 0.3111
6583.00 0.3084
6583.20 0.3002
6583.40 0.2987
6583.60 0.2929
6583.80 0.2887
6584.00 0.2832
6584.20 0.2785
6584.40 0.2727
6584.60 0.2683
6584.80 0.2636
6585.00 0.2584
6585.20 0.2521
6585.40 0.2510
6585.60 0.2445
6585.80 0.2404
6586.00 0.2363
6586.20 0.2313
6586.40 0.2246
6586.60 0.2223
6586.80 0.2161
6587.00 0.2130
6587.20 0.2065
6587.40 0.2055
6587.60 0.1992
6587.80 0.1965
6588.00 0.1929
6588.20 0.1880
6588.40 0.1832
6588.60 0.1811
6588.80 0.1753
6589.00 0.1728
6589.20 0.1672
6589.40 0.1664
6589.60 0.1607
6589.80 0.1593
6590.00 0.1524
6590.20 0.1507
6590.40 0.1463
6590.60 0.1438
6590.80 0.1395
6591.00 0.1377
6591.20 0.1331
6591.40 0.1321
6591.60 0.1286
6591.80 0.1259
6592.00 0.1232
6592.20 0.1205
6592.40 0.1167
6592.60 0.1152
6592.80 0.1118
6593.00 0.1100
6593.20 0.1060
6593.40 0.1054
6593.60 0.1018
6593.80 0.0998
6594.00 0.0978
6594.20 0.0948
6594.40 0.0922
6594.60 0.0906
6594.80 0.0880
6595.00 0.0856
6595.20 0.0830
6595.40 0.0827
6595.60 0.0800
6595.80 0.0788
6596.00 0.0769
6596.20 0.0746
6596.40 0.0725
6596.60 0.0715
6596.80 0.0690
6597.00 0.0680
6597.20 0.0655
6597.40 0.0650
6597.60 0.0630
6597.80 0.0617
6598.00 0.0601
6598.20 0.0586
6598.40 0.0566
6598.60 0.0558
6598.80 0.0540
6599.00 0.0533
6599.20 0.0514
6599.40 0.0513
6599.60 0.0495
6599.80 0.0490
6600.00 0.0471
6600.20 0.0465
6600.40 0.0451
6600.60 0.0446
6600.80 0.0432
6601.00 0.0426
6601.20 0.0411
6601.40 0.0409
6601.60 0.0395
6601.80 0.0388
6602.00 0.0380
6602.20 0.0370
6602.40 0.0359
6602.60 0.0356
6602.80 0.0343
6603.00 0.0339
6603.20 0.0327
6603.40 0.0325
6603.60 0.0315
6603.80 0.0311
6604.00 0.0304
6604.20 0.0296
6604.40 0.0290
6604.60 0.0285
6604.80 0.0278
6605.00 0.0270
6605.20 0.0264
6605.40 0.0262
6605.60 0.0256
6605.80 0.0250
6606.00 0.0245
6606.20 0.0239
6606.40 0.0233
6606.60 0.0230
6606.80 0.0223
6607.00 0.0220
6607.20 0.0213
6607.40 0.0213
6607.60 0.0207
6607.80 0.0204
6608.00 0.0200
6608.20 0.0196
6608.40 0.0191
6608.60 0.0189
6608.80 0.0184
6609.00 0.0181
6609.20 0.0177
6609.40 0.0175
6609.60 0.0171
6609.80 0.0170
6610.00 0.0163
6610.20 0.0162
6610.40 0.0157
6610.60 0.0156
6610.80 0.0151
6611.00 0.0150
6611.20 0.0146
6611.40 0.0144
6611.60 0.0142
6611.80 0.0140
6612.00 0.0136
6612.20 0.0134
6612.40 0.0131
6612.60 0.0130
6612.80 0.0126
6613.00 0.0125
6613.20 0.0121
6613.40 0.0121
6613.60 0.0118
6613.80 0.0116
6614.00 0.0114
6614.20 0.0112
6614.40 0.0110
6614.60 0.0108
6614.80 0.0106
6615.00 0.0104
6615.20 0.0102
6615.40 0.0102
6615.60 0.0099
6615.80 0.0098
6616.00 0.0097
6616.20 0.0095
6616.40 0.0093
6616.60 0.0092
6616.80 0.0090
6617.00 0.0089
6617.20 0.0087
6617.40 0.0086
6617.60 0.0085
6617.80 0.0083
6618.00 0.0082
6618.20 0.0080
6618.40 0.0079
6618.60 0.0078
6618.80 0.0076
6619.00 0.0076
6619.20 0.0073
6619.40 0.0073
6619.60 0.0072
6619.80 0.0071
6620.00 0.0070
6620.20 0.0069
6620.40 0.0067
6620.60 0.0067
6620.80 0.0066
6621.00 0.0065
6621.20 0.0063
6621.40 0.0063
6621.60 0.0062
6621.80 0.0061
6622.00 0.0060
6622.20 0.0059
6622.40 0.0058
6622.60 0.0058
6622.80 0.0056
6623.00 0.0056
6623.20 0.0055
6623.40 0.0054
6623.60 0.0053
6623.80 0.0053
6624.00 0.0052
6624.20 0.0051
6624.40 0.0051
6624.60 0.0050
6624.80 0.0049
6625.00 0.0048
6625.20 0.0048
6625.40 0.0047
6625.60 0.0047
6625.80 0.0046
6626.00 0.0045
6626.20 0.0045
6626.40 0.0044
6626.60 0.0044
6626.80 0.0043
6627.00 0.0042
6627.20 0.0041
6627.40 0.0041
6627.60 0.0041
6627.80 0.0040
6628.00 0.0040
6628.20 0.0039
6628.40 0.0038
6628.60 0.0038
6628.80 0.0037
6629.00 0.0037
6629.20 0.0036
6629.40 0.0036
6629.60 0.0035
6629.80 0.0035
6630.00 0.0034
6630.20 0.0034
6630.40 0.0034
6630.60 0.0033
6630.80 0.0033
6631.00 0.0032
6631.20 0.0032
6631.40 0.0032
6631.60 0.0031
6631.80 0.0031
6632.00 0.0031
6632.20 0.0030
6632.40 0.0030
6632.60 0.0030
6632.80 0.0029
6633.00 0.0029
6633.20 0.0028
6633.40 0.0028
6633.60 0.0028
6633.80 0.0027
6634.00 0.0027
6634.20 0.0027
6634.40 0.0026
6634.60 0.0026
6634.80 0.0026
6635.00 0.0025
6635.20 0.0025
6635.40 0.0025
6635.60 0.0024
6635.80 0.0024
6636.00 0.0024
6636.20 0.0024
6636.40 0.0023
6636.60 0.0023
6636.80 0.0023
6637.00 0.0023
6637.20 0.0022
6637.40 0.0022
6637.60 0.0022
6637.80 0.0022
6638.00 0.0022
6638.20 0.0021
6638.40 0.0021
6638.60 0.0021
6638.80 0.0020
6639.00 0.0020
6639.20 0.0020
6639.40 0.0020
6639.60 0.0020
6639.80 0.0020
6640.00 0.0019
6640.20 0.0019
6640.40 0.0019
6640.60 0.0019
6640.80 0.0018
6641.00 0.0018
6641.20 0.0018
6641.40 0.0018
6641.60 0.0018
6641.80 0.0018
6642.00 0.0017
6642.20 0.0017
6642.40 0.0017
6642.60 0.0017
6642.80 0.0017
6643.00 0.0016
6643.20 0.0016
6643.40 0.0016
6643.60 0.0016
6643.80 0.0016
6644.00 0.0016
6644.20 0.0016
6644.40 0.0015
6644.60 0.0015
6644.80 0.0015
6645.00 0.0015
6645.20 0.0015
6645.40 0.0015
6645.60 0.0014
6645.80 0.0014
6646.00 0.0014
6646.20 0.0014
6646.40 0.0014
6646.60 0.0014
6646.80 0.0014
6647.00 0.0013
6647.20 0.0013
6647.40 0.0013
6647.60 0.0013
6647.80 0.0013
6648.00 0.0013
6648.20 0.0013
6648.40 0.0012
6648.60 0.0013
6648.80 0.0012
6649.00 0.0012
6649.20 0.0012
6649.40 0.0012
6649.60 0.0012
6649.80 0.0012
6650.00 0.0012
6650.20 0.0012
6650.40 0.0011
6650.60 0.0011
6650.80 0.0011
6651.00 0.0011
6651.20 0.0011
6651.40 0.0011
6651.60 0.0011
6651.80 0.0011
6652.00 0.0011
6652.20 0.0011
6652.40 0.0010
6652.60 0.0010
6652.80 0.0010
6653.00 0.0010
6653.20 0.0010
6653.40 0.0010
6653.60 0.0010
6653.80 0.0010
6654.00 0.0010
6654.20 0.0010
6654.40 0.0010
6654.60 0.0009
6654.80 0.0009
6655.00 0.0009
6655.20 0.0009
6655.40 0.0009
6655.60 0.0009
6655.80 0.0009
6656.00 0.0009
6656.20 0.0009
6656.40 0.0009
6656.60 0.0009
6656.80 0.0008
6657.00 0.0008
6657.20 0.0008
6657.40 0.0008
6657.60 0.0008
6657.80 0.0008
6658.00 0.0008
6658.20 0.0008
6658.40 0.0008
6658.60 0.0008
6658.80 0.0008
6659.00 0.0008
6659.20 0.0008
6659.40 0.0008
6659.60 0.0008
6659.80 0.0008
6660.00 0.0007
6660.20 0.0007
6660.40 0.0007
6660.60 0.0007
6660.80 0.0007
6661.00 0.0007
6661.20 0.0007
6661.40 0.0007
6661.60 0.0007
6661.80 0.0007
6662.00 0.0007
6662.20 0.0007
6662.40 0.0007
6662.60 0.0007
6662.80 0.0007
6663.00 0.0006
6663.20 0.0007
6663.40 0.0006
6663.60 0.0006
6663.80 0.0006
6664.00 0.0006
6664.20 0.0006
6664.40 0.0006
6664.60 0.0006
6664.80 0.0006
6665.00 0.0006
6665.20 0.0006
6665.40 0.0006
6665.60 0.0006
6665.80 0.0006
6666.00 0.0006
6666.20 0.0006
6666.40 0.0006
6666.60 0.0006
6666.80 0.0006
6667.00 0.0006
6667.20 0.0006
6667.40 0.0006
6667.60 0.0006
6667.80 0.0006
6668.00 0.0005
6668.20 0.0005
6668.40 0.0005
6668.60 0.0005
6668.80 0.0005
6669.00 0.0005
6669.20 0.0005
6669.40 0.0005
6669.60 0.0005
6669.80 0.0005
6670.00 0.0005
6670.20 0.0005
6670.40 0.0005
6670.60 0.0005
6670.80 0.0005
6671.00 0.0005
6671.20 0.0005
6671.40 0.0005
6671.60 0.0005
6671.80 0.0005
6672.00 0.0005
6672.20 0.0005
6672.40 0.0005
6672.60 0.0005
6672.80 0.0005
6673.00 0.0005
6673.20 0.0005
6673.40 0.0004
6673.60 0.0005
6673.80 0.0004
6674.00 0.0004
6674.20 0.0004
6674.40 0.0004
6674.60 0.0004
6674.80 0.0004
6675.00 0.0004
6675.20 0.0004
6675.40 0.0004
6675.60 0.0004
6675.80 0.0004
6676.00 0.0004
6676.20 0.0004
6676.40 0.0004
6676.60 0.0004
6676.80 0.0004
6677.00 0.0004
6677.20 0.0004
6677.40 0.0004
6677.60 0.0004
6677.80 0.0004
6678.00 0.0004
6678.20 0.0004
6678.40 0.0004
6678.60 0.0004
6678.80 0.0004
6679.00 0.0004
6679.20 0.0004
6679.40 0.0004
6679.60 0.0004
6679.80 0.0004
6680.00 0.0003
6680.20 0.0004
6680.40 0.0004
6680.60 0.0003
6680.80 0.0003
6681.00 0.0004
6681.20 0.0003
6681.40 0.0003
6681.60 0.0003
6681.80 0.0003
6682.00 0.0003
6682.20 0.0003
6682.40 0.0003
6682.60 0.0003
6682.80 0.0003
6683.00 0.0003
6683.20 0.0003
6683.40 0.0003
6683.60 0.0003
6683.80 0.0003
6684.00 0.0003
6684.20 0.0003
6684.40 0.0003
6684.60 0.0003
6684.80 0.0003
6685.00 0.0003
6685.20 0.0003
6685.40 0.0003
6685.60 0.0003
6685.80 0.0003
6686.00 0.0003
6686.20 0.0003
6686.40 0.0003
6686.60 0.0003
6686.80 0.0003
6687.00 0.0003
6687.20 0.0003
6687.40 0.0003
6687.60 0.0003
6687.80 0.0003
6688.00 0.0003
6688.20 0.0003
6688.40 0.0003
6688.60 0.0003
6688.80 0.0003
6689.00 0.0003
6689.20 0.0003
6689.40 0.0003
6689.60 0.0003
6689.80 0.0002
6690.00 0.0003
6690.20 0.0002
6690.40 0.0002
6690.60 0.0003
6690.80 0.0002
6691.00 0.0002
6691.20 0.0002
6691.40 0.0002
6691.60 0.0002
6691.80 0.0002
6692.00 0.0002
6692.20 0.0002
6692.40 0.0002
6692.60 0.0002
6692.80 0.0002
6693.00 0.0002
6693.20 0.0002
6693.40 0.0002
6693.60 0.0002
6693.80 0.0002
6694.00 0.0002
6694.20 0.0002
6694.40 0.0002
6694.60 0.0002
6694.80 0.0002
6695.00 0.0002
6695.20 0.0002
6695.40 0.0002
6695.60 0.0002
6695.80 0.0002
6696.00 0.0002
6696.20 0.0002
6696.40 0.0002
6696.60 0.0002
6696.80 0.0002
6697.00 0.0002
6697.20 0.0002
6697.40 0.0002
6697.60 0.0002
6697.80 0.0002
6698.00 0.0002
6698.20 0.0002
6698.40 0.0002
6698.60 0.0002
6698.80 0.0002
6699.00 0.0002
6699.20 0.0002
6699.40 0.0002
6699.60 0.0002
6699.80 0.0002
6700.00 0.0002
