5014.00 0.0009
5016.00 0.0010
5018.00 0.0012
5020.00 0.0013
5022.00 0.0014
5024.00 0.0016
5026.00 0.0018
5028.00 0.0020
5030.00 0.0023
5032.00 0.0026
5034.00 0.0029
5036.00 0.0032
5038.00 0.0035
5040.00 0.0038
5042.00 0.0042
5044.00 0.0046
5046.00 0.0050
5048.00 0.0054
5050.00 0.0058
5052.00 0.0061
5054.00 0.0065
5056.00 0.0069
5058.00 0.0073
5060.00 0.0077
5062.00 0.0080
5064.00 0.0084
5066.00 0.0088
5068.00 0.0092
5070.00 0.0096
5072.00 0.0100
5074.00 0.0104
5076.00 0.0109
5078.00 0.0115
5080.00 0.0120
5082.00 0.0127
5084.00 0.0134
5086.00 0.0143
5088.00 0.0153
5090.00 0.0163
5092.00 0.0177
5094.00 0.0192
5096.00 0.0210
5098.00 0.0231
5100.00 0.0252
5102.00 0.0284
5104.00 0.0316
5106.00 0.0358
5108.00 0.0410
5110.00 0.0461
5112.00 0.0543
5114.00 0.0624
5116.00 0.0732
5118.00 0.0866
5120.00 0.1001
5122.00 0.1208
5124.00 0.1415
5126.00 0.1667
5128.00 0.1963
5130.00 0.2260
5132.00 0.2612
5134.00 0.2965
5136.00 0.3330
5138.00 0.3707
5140.00 0.4084
5142.00 0.4385
5144.00 0.4686
5146.00 0.4940
5148.00 0.5147
5150.00 0.5353
5152.00 0.5444
5154.00 0.5535
5156.00 0.5568
5158.00 0.5544
5160.00 0.5519
5162.00 0.5390
5164.00 0.5260
5166.00 0.5070
5168.00 0.4818
5170.00 0.4567
5172.00 0.4232
5174.00 0.3898
5176.00 0.3543
5178.00 0.3166
5180.00 0.2790
5182.00 0.2464
5184.00 0.2138
5186.00 0.1843
5188.00 0.1578
5190.00 0.1314
5192.00 0.1137
5194.00 0.0961
5196.00 0.0816
5198.00 0.0701
5200.00 0.0587
5202.00 0.0517
5204.00 0.0447
5206.00 0.0389
5208.00 0.0345
5210.00 0.0300
5212.00 0.0273
5214.00 0.0245
5216.00 0.0221
5218.00 0.0202
5220.00 0.0182
5222.00 0.0169
5224.00 0.0157
5226.00 0.0146
5228.00 0.0136
5230.00 0.0127
5232.00 0.0120
5234.00 0.0112
5236.00 0.0106
5238.00 0.0100
5240.00 0.0094
5242.00 0.0089
5244.00 0.0085
5246.00 0.0080
5248.00 0.0075
5250.00 0.0070
5252.00 0.0065
5254.00 0.0061
5256.00 0.0056
5258.00 0.0052
5260.00 0.0047
5262.00 0.0043
5264.00 0.0039
5266.00 0.0035
5268.00 0.0031
5270.00 0.0027
5272.00 0.0025
5274.00 0.0022
5276.00 0.0019
5278.00 0.0017
5280.00 0.0015
5282.00 0.0013
5284.00 0.0011
5286.00 0.0010
5288.00 0.0009
