4262.00 0.0004
4264.00 0.0005
4266.00 0.0006
4268.00 0.0006
4270.00 0.0007
4272.00 0.0008
4274.00 0.0009
4276.00 0.0010
4278.00 0.0012
4280.00 0.0014
4282.00 0.0016
4284.00 0.0019
4286.00 0.0022
4288.00 0.0026
4290.00 0.0031
4292.00 0.0037
4294.00 0.0045
4296.00 0.0054
4298.00 0.0066
4300.00 0.0082
4302.00 0.0103
4304.00 0.0128
4306.00 0.0163
4308.00 0.0209
4310.00 0.0269
4312.00 0.0348
4314.00 0.0456
4316.00 0.0594
4318.00 0.0779
4320.00 0.0996
4322.00 0.1264
4324.00 0.1579
4326.00 0.1952
4328.00 0.2322
4330.00 0.2722
4332.00 0.3139
4334.00 0.3544
4336.00 0.3896
4338.00 0.4230
4340.00 0.4492
4342.00 0.4670
4344.00 0.4769
4346.00 0.4789
4348.00 0.4696
4350.00 0.4524
4352.00 0.4294
4354.00 0.3969
4356.00 0.3600
4358.00 0.3202
4360.00 0.2792
4362.00 0.2373
4364.00 0.1994
4366.00 0.1621
4368.00 0.1312
4370.00 0.1042
4372.00 0.0810
4374.00 0.0617
4376.00 0.0478
4378.00 0.0364
4380.00 0.0276
4382.00 0.0213
4384.00 0.0166
4386.00 0.0129
4388.00 0.0102
4390.00 0.0082
4392.00 0.0067
4394.00 0.0054
4396.00 0.0045
4398.00 0.0037
4400.00 0.0032
4402.00 0.0027
4404.00 0.0023
4406.00 0.0019
4408.00 0.0017
4410.00 0.0015
4412.00 0.0013
4414.00 0.0011
4416.00 0.0010
4418.00 0.0009
4420.00 0.0008
4422.00 0.0007
4424.00 0.0006
4426.00 0.0006
4428.00 0.0005
4430.00 0.0005
4432.00 0.0004
