5250.00 0.0009
5252.00 0.0010
5254.00 0.0010
5256.00 0.0011
5258.00 0.0013
5260.00 0.0014
5262.00 0.0015
5264.00 0.0016
5266.00 0.0018
5268.00 0.0019
5270.00 0.0021
5272.00 0.0023
5274.00 0.0025
5276.00 0.0028
5278.00 0.0030
5280.00 0.0033
5282.00 0.0036
5284.00 0.0039
5286.00 0.0042
5288.00 0.0046
5290.00 0.0050
5292.00 0.0054
5294.00 0.0058
5296.00 0.0062
5298.00 0.0067
5300.00 0.0071
5302.00 0.0076
5304.00 0.0080
5306.00 0.0085
5308.00 0.0090
5310.00 0.0095
5312.00 0.0100
5314.00 0.0105
5316.00 0.0109
5318.00 0.0114
5320.00 0.0119
5322.00 0.0124
5324.00 0.0129
5326.00 0.0134
5328.00 0.0139
5330.00 0.0145
5332.00 0.0150
5334.00 0.0156
5336.00 0.0162
5338.00 0.0169
5340.00 0.0175
5342.00 0.0183
5344.00 0.0191
5346.00 0.0200
5348.00 0.0209
5350.00 0.0218
5352.00 0.0229
5354.00 0.0241
5356.00 0.0254
5358.00 0.0268
5360.00 0.0283
5362.00 0.0301
5364.00 0.0318
5366.00 0.0339
5368.00 0.0362
5370.00 0.0385
5372.00 0.0415
5374.00 0.0444
5376.00 0.0479
5378.00 0.0519
5380.00 0.0558
5382.00 0.0608
5384.00 0.0658
5386.00 0.0718
5388.00 0.0786
5390.00 0.0855
5392.00 0.0945
5394.00 0.1036
5396.00 0.1141
5398.00 0.1263
5400.00 0.1384
5402.00 0.1544
5404.00 0.1704
5406.00 0.1887
5408.00 0.2093
5410.00 0.2299
5412.00 0.2549
5414.00 0.2798
5416.00 0.3079
5418.00 0.3392
5420.00 0.3705
5422.00 0.4028
5424.00 0.4350
5426.00 0.4679
5428.00 0.5013
5430.00 0.5348
5432.00 0.5649
5434.00 0.5950
5436.00 0.6221
5438.00 0.6462
5440.00 0.6703
5442.00 0.6851
5444.00 0.7000
5446.00 0.7118
5448.00 0.7206
5450.00 0.7295
5452.00 0.7328
5454.00 0.7361
5456.00 0.7370
5458.00 0.7354
5460.00 0.7339
5462.00 0.7317
5464.00 0.7295
5466.00 0.7273
5468.00 0.7250
5470.00 0.7227
5472.00 0.7197
5474.00 0.7168
5476.00 0.7147
5478.00 0.7136
5480.00 0.7124
5482.00 0.7121
5484.00 0.7118
5486.00 0.7115
5488.00 0.7110
5490.00 0.7105
5492.00 0.7108
5494.00 0.7110
5496.00 0.7116
5498.00 0.7125
5500.00 0.7133
5502.00 0.7137
5504.00 0.7140
5506.00 0.7144
5508.00 0.7148
5510.00 0.7152
5512.00 0.7165
5514.00 0.7178
5516.00 0.7182
5518.00 0.7176
5520.00 0.7170
5522.00 0.7174
5524.00 0.7178
5526.00 0.7183
5528.00 0.7189
5530.00 0.7195
5532.00 0.7192
5534.00 0.7189
5536.00 0.7189
5538.00 0.7192
5540.00 0.7195
5542.00 0.7204
5544.00 0.7212
5546.00 0.7211
5548.00 0.7199
5550.00 0.7186
5552.00 0.7171
5554.00 0.7155
5556.00 0.7135
5558.00 0.7110
5560.00 0.7085
5562.00 0.7032
5564.00 0.6978
5566.00 0.6912
5568.00 0.6833
5570.00 0.6755
5572.00 0.6658
5574.00 0.6562
5576.00 0.6442
5578.00 0.6297
5580.00 0.6152
5582.00 0.5996
5584.00 0.5839
5586.00 0.5673
5588.00 0.5496
5590.00 0.5320
5592.00 0.5125
5594.00 0.4931
5596.00 0.4735
5598.00 0.4537
5600.00 0.4339
5602.00 0.4151
5604.00 0.3964
5606.00 0.3778
5608.00 0.3593
5610.00 0.3409
5612.00 0.3240
5614.00 0.3072
5616.00 0.2911
5618.00 0.2757
5620.00 0.2602
5622.00 0.2467
5624.00 0.2331
5626.00 0.2200
5628.00 0.2074
5630.00 0.1949
5632.00 0.1843
5634.00 0.1737
5636.00 0.1635
5638.00 0.1538
5640.00 0.1442
5642.00 0.1358
5644.00 0.1274
5646.00 0.1195
5648.00 0.1121
5650.00 0.1047
5652.00 0.0984
5654.00 0.0921
5656.00 0.0859
5658.00 0.0800
5660.00 0.0741
5662.00 0.0694
5664.00 0.0646
5666.00 0.0601
5668.00 0.0558
5670.00 0.0516
5672.00 0.0480
5674.00 0.0444
5676.00 0.0411
5678.00 0.0381
5680.00 0.0351
5682.00 0.0326
5684.00 0.0301
5686.00 0.0283
5688.00 0.0274
5690.00 0.0264
5692.00 0.0236
5694.00 0.0209
5696.00 0.0188
5698.00 0.0173
5700.00 0.0159
5702.00 0.0148
5704.00 0.0137
5706.00 0.0127
5708.00 0.0118
5710.00 0.0108
5712.00 0.0101
5714.00 0.0094
5716.00 0.0087
5718.00 0.0081
5720.00 0.0075
5722.00 0.0071
5724.00 0.0066
5726.00 0.0062
5728.00 0.0058
5730.00 0.0054
5732.00 0.0051
5734.00 0.0048
5736.00 0.0045
5738.00 0.0042
5740.00 0.0040
5742.00 0.0038
5744.00 0.0036
5746.00 0.0034
5748.00 0.0032
5750.00 0.0030
5752.00 0.0029
5754.00 0.0027
5756.00 0.0026
5758.00 0.0025
5760.00 0.0024
5762.00 0.0023
5764.00 0.0022
5766.00 0.0021
5768.00 0.0020
5770.00 0.0020
5772.00 0.0019
5774.00 0.0018
5776.00 0.0018
5778.00 0.0017
5780.00 0.0017
5782.00 0.0016
5784.00 0.0016
5786.00 0.0016
5788.00 0.0016
5790.00 0.0015
5792.00 0.0015
5794.00 0.0015
5796.00 0.0015
5798.00 0.0014
5800.00 0.0014
