6730.00 0.0009
6732.00 0.0010
6734.00 0.0011
6736.00 0.0011
6738.00 0.0012
6740.00 0.0014
6742.00 0.0015
6744.00 0.0016
6746.00 0.0018
6748.00 0.0020
6750.00 0.0022
6752.00 0.0024
6754.00 0.0027
6756.00 0.0029
6758.00 0.0033
6760.00 0.0037
6762.00 0.0042
6764.00 0.0047
6766.00 0.0054
6768.00 0.0060
6770.00 0.0070
6772.00 0.0079
6774.00 0.0092
6776.00 0.0105
6778.00 0.0125
6780.00 0.0145
6782.00 0.0173
6784.00 0.0201
6786.00 0.0245
6788.00 0.0289
6790.00 0.0355
6792.00 0.0422
6794.00 0.0528
6796.00 0.0635
6798.00 0.0797
6800.00 0.0959
6802.00 0.1214
6804.00 0.1470
6806.00 0.1816
6808.00 0.2162
6810.00 0.2612
6812.00 0.3062
6814.00 0.3552
6816.00 0.4042
6818.00 0.4538
6820.00 0.5034
6822.00 0.5448
6824.00 0.5862
6826.00 0.6178
6828.00 0.6494
6830.00 0.6670
6832.00 0.6847
6834.00 0.6929
6836.00 0.7011
6838.00 0.7022
6840.00 0.7033
6842.00 0.6980
6844.00 0.6927
6846.00 0.6817
6848.00 0.6706
6850.00 0.6512
6852.00 0.6318
6854.00 0.6046
6856.00 0.5775
6858.00 0.5419
6860.00 0.5063
6862.00 0.4667
6864.00 0.4271
6866.00 0.3858
6868.00 0.3445
6870.00 0.3076
6872.00 0.2707
6874.00 0.2378
6876.00 0.2050
6878.00 0.1798
6880.00 0.1546
6882.00 0.1346
6884.00 0.1145
6886.00 0.1001
6888.00 0.0856
6890.00 0.0747
6892.00 0.0638
6894.00 0.0562
6896.00 0.0486
6898.00 0.0428
6900.00 0.0370
6902.00 0.0328
6904.00 0.0286
6906.00 0.0255
6908.00 0.0224
6910.00 0.0201
6912.00 0.0177
6914.00 0.0159
6916.00 0.0141
6918.00 0.0128
6920.00 0.0115
6922.00 0.0104
6924.00 0.0093
6926.00 0.0085
6928.00 0.0077
6930.00 0.0070
6932.00 0.0064
6934.00 0.0059
6936.00 0.0053
6938.00 0.0049
6940.00 0.0045
6942.00 0.0042
6944.00 0.0039
6946.00 0.0036
6948.00 0.0033
6950.00 0.0031
6952.00 0.0029
6954.00 0.0027
6956.00 0.0025
6958.00 0.0024
6960.00 0.0022
6962.00 0.0021
6964.00 0.0020
6966.00 0.0019
6968.00 0.0018
6970.00 0.0017
6972.00 0.0016
6974.00 0.0015
6976.00 0.0015
6978.00 0.0014
6980.00 0.0014
6982.00 0.0013
6984.00 0.0012
6986.00 0.0012
6988.00 0.0011
6990.00 0.0011
6992.00 0.0011
6994.00 0.0010
6996.00 0.0010
6998.00 0.0010
7000.00 0.0009
