3474.56 0.0000
3475.96 0.0004
3477.36 0.0010
3478.77 0.0019
3480.17 0.0018
3481.57 0.0009
3482.97 0.0009
3484.37 0.0017
3485.77 0.0012
3487.18 0.0021
3488.58 0.0015
3489.98 0.0021
3491.38 0.0017
3492.78 0.0024
3494.18 0.0030
3495.59 0.0018
3496.99 0.0025
3498.39 0.0018
3499.79 0.0019
3501.19 0.0033
3502.60 0.0032
3504.00 0.0037
3505.40 0.0041
3506.80 0.0030
3508.20 0.0044
3509.60 0.0039
3511.01 0.0034
3512.41 0.0044
3513.81 0.0041
3515.21 0.0040
3516.61 0.0039
3518.01 0.0046
3519.42 0.0059
3520.82 0.0046
3522.22 0.0043
3523.62 0.0052
3525.02 0.0062
3526.42 0.0061
3527.83 0.0065
3529.23 0.0066
3530.63 0.0065
3532.03 0.0081
3533.43 0.0077
3534.84 0.0081
3536.24 0.0086
3537.64 0.0094
3539.04 0.0093
3540.44 0.0109
3541.84 0.0120
3543.25 0.0125
3544.65 0.0136
3546.05 0.0149
3547.45 0.0166
3548.85 0.0188
3550.25 0.0183
3551.66 0.0200
3553.06 0.0230
3554.46 0.0232
3555.86 0.0239
3557.26 0.0281
3558.66 0.0296
3560.07 0.0314
3561.47 0.0338
3562.87 0.0402
3564.27 0.0453
3565.67 0.0481
3567.07 0.0507
3568.48 0.0532
3569.88 0.0573
3571.28 0.0633
3572.68 0.0708
3574.08 0.0780
3575.49 0.0852
3576.89 0.0915
3578.29 0.0977
3579.69 0.1089
3581.09 0.1222
3582.49 0.1331
3583.90 0.1450
3585.30 0.1579
3586.70 0.1713
3588.10 0.1913
3589.50 0.2019
3590.90 0.2297
3592.31 0.2464
3593.71 0.2561
3595.11 0.2804
3596.51 0.3074
3597.91 0.3247
3599.31 0.3402
3600.72 0.3676
3602.12 0.3799
3603.52 0.3921
3604.92 0.4170
3606.32 0.4287
3607.73 0.4265
3609.13 0.4525
3610.53 0.4531
3611.93 0.4843
3613.33 0.4762
3614.73 0.4763
3616.14 0.4854
3617.54 0.4902
3618.94 0.4821
3620.34 0.4885
3621.74 0.5006
3623.14 0.4953
3624.55 0.5020
3625.95 0.5071
3627.35 0.5008
3628.75 0.4948
3630.15 0.5041
3631.55 0.5119
3632.96 0.5048
3634.36 0.4902
3635.76 0.4905
3637.16 0.4799
3638.56 0.4901
3639.96 0.4766
3641.37 0.4572
3642.77 0.4422
3644.17 0.4429
3645.57 0.4239
3646.97 0.3923
3648.38 0.3685
3649.78 0.3682
3651.18 0.3478
3652.58 0.3265
3653.98 0.3117
3655.38 0.2889
3656.79 0.2649
3658.19 0.2510
3659.59 0.2386
3660.99 0.2190
3662.39 0.2043
3663.79 0.1883
3665.20 0.1702
3666.60 0.1580
3668.00 0.1430
3669.40 0.1354
3670.80 0.1265
3672.20 0.1140
3673.61 0.1078
3675.01 0.0975
3676.41 0.0905
3677.81 0.0806
3679.21 0.0769
3680.62 0.0706
3682.02 0.0665
3683.42 0.0621
3684.82 0.0565
3686.22 0.0525
3687.62 0.0491
3689.03 0.0459
3690.43 0.0439
3691.83 0.0402
3693.23 0.0368
3694.63 0.0357
3696.03 0.0341
3697.44 0.0309
3698.84 0.0286
3700.24 0.0280
3701.64 0.0265
3703.04 0.0242
3704.44 0.0229
3705.85 0.0212
3707.25 0.0203
3708.65 0.0200
3710.05 0.0183
3711.45 0.0164
3712.85 0.0156
3714.26 0.0149
3715.66 0.0148
3717.06 0.0145
3718.46 0.0131
3719.86 0.0125
3721.27 0.0118
3722.67 0.0108
3724.07 0.0101
3725.47 0.0099
3726.87 0.0099
3728.27 0.0090
3729.68 0.0085
3731.08 0.0085
3732.48 0.0084
3733.88 0.0081
3735.28 0.0072
3736.68 0.0074
3738.09 0.0068
3739.49 0.0061
3740.89 0.0062
3742.29 0.0058
3743.69 0.0059
3745.09 0.0056
3746.50 0.0052
3747.90 0.0050
3749.30 0.0052
3750.70 0.0054
3752.10 0.0051
3753.51 0.0049
3754.91 0.0043
3756.31 0.0042
3757.71 0.0040
3759.11 0.0040
3760.51 0.0040
3761.92 0.0040
3763.32 0.0038
3764.72 0.0038
3766.12 0.0037
3767.52 0.0036
3768.92 0.0035
3770.33 0.0034
3771.73 0.0033
3773.13 0.0031
3774.53 0.0031
3775.93 0.0030
3777.33 0.0029
3778.74 0.0027
3780.14 0.0028
3781.54 0.0028
3782.94 0.0026
3784.34 0.0025
3785.75 0.0025
3787.15 0.0025
3788.55 0.0027
3789.95 0.0026
3791.35 0.0026
3792.75 0.0027
3794.16 0.0025
3795.56 0.0025
3796.96 0.0021
3798.36 0.0019
3799.76 0.0021
3801.16 0.0022
3802.57 0.0019
3803.97 0.0018
3805.37 0.0017
3806.77 0.0020
3808.17 0.0016
3809.57 0.0013
3810.98 0.0015
3812.38 0.0013
3813.78 0.0013
3815.18 0.0010
3816.58 0.0010
3817.98 0.0010
3819.39 0.0010
3820.79 0.0010
3822.19 0.0008
3823.59 0.0007
3824.99 0.0007
3826.40 0.0007
3827.80 0.0007
3829.20 0.0005
3830.60 0.0004
3832.00 0.0005
3833.40 0.0005
3834.81 0.0005
3836.21 0.0004
3837.61 0.0004
3839.01 0.0003
3840.41 0.0004
3841.81 0.0003
3843.22 0.0000
