3748.00 0.0005
3750.00 0.0005
3752.00 0.0005
3754.00 0.0005
3756.00 0.0006
3758.00 0.0006
3760.00 0.0006
3762.00 0.0006
3764.00 0.0006
3766.00 0.0007
3768.00 0.0007
3770.00 0.0007
3772.00 0.0007
3774.00 0.0008
3776.00 0.0008
3778.00 0.0009
3780.00 0.0009
3782.00 0.0010
3784.00 0.0010
3786.00 0.0011
3788.00 0.0012
3790.00 0.0014
3792.00 0.0015
3794.00 0.0016
3796.00 0.0018
3798.00 0.0021
3800.00 0.0023
3802.00 0.0026
3804.00 0.0030
3806.00 0.0035
3808.00 0.0041
3810.00 0.0048
3812.00 0.0057
3814.00 0.0068
3816.00 0.0082
3818.00 0.0101
3820.00 0.0125
3822.00 0.0156
3824.00 0.0195
3826.00 0.0249
3828.00 0.0317
3830.00 0.0407
3832.00 0.0514
3834.00 0.0649
3836.00 0.0810
3838.00 0.1005
3840.00 0.1205
3842.00 0.1433
3844.00 0.1676
3846.00 0.1927
3848.00 0.2161
3850.00 0.2400
3852.00 0.2617
3854.00 0.2812
3856.00 0.2982
3858.00 0.3126
3860.00 0.3231
3862.00 0.3315
3864.00 0.3366
3866.00 0.3376
3868.00 0.3365
3870.00 0.3320
3872.00 0.3239
3874.00 0.3138
3876.00 0.3006
3878.00 0.2845
3880.00 0.2679
3882.00 0.2502
3884.00 0.2308
3886.00 0.2111
3888.00 0.1928
3890.00 0.1744
3892.00 0.1572
3894.00 0.1413
3896.00 0.1272
3898.00 0.1138
3900.00 0.1022
3902.00 0.0913
3904.00 0.0825
3906.00 0.0744
3908.00 0.0668
3910.00 0.0602
3912.00 0.0546
3914.00 0.0491
3916.00 0.0443
3918.00 0.0399
3920.00 0.0362
3922.00 0.0325
3924.00 0.0292
3926.00 0.0262
3928.00 0.0234
3930.00 0.0210
3932.00 0.0186
3934.00 0.0165
3936.00 0.0147
3938.00 0.0130
3940.00 0.0115
3942.00 0.0102
3944.00 0.0090
3946.00 0.0079
3948.00 0.0070
3950.00 0.0062
3952.00 0.0054
3954.00 0.0048
3956.00 0.0042
3958.00 0.0038
3960.00 0.0034
3962.00 0.0030
3964.00 0.0026
3966.00 0.0023
3968.00 0.0021
3970.00 0.0019
3972.00 0.0017
3974.00 0.0015
3976.00 0.0014
3978.00 0.0013
3980.00 0.0011
3982.00 0.0010
3984.00 0.0009
3986.00 0.0009
3988.00 0.0008
3990.00 0.0007
3992.00 0.0006
3994.00 0.0006
3996.00 0.0006
3998.00 0.0005
4000.00 0.0005
