3555.00 0.0006
3560.00 0.0016
3565.00 0.0028
3570.00 0.0043
3575.00 0.0063
3580.00 0.0087
3585.00 0.0121
3590.00 0.0160
3595.00 0.0207
3600.00 0.0265
3605.00 0.0329
3610.00 0.0409
3615.00 0.0494
3620.00 0.0590
3625.00 0.0698
3630.00 0.0814
3635.00 0.0940
3640.00 0.1071
3645.00 0.1212
3650.00 0.1361
3655.00 0.1516
3660.00 0.1679
3665.00 0.1843
3670.00 0.2011
3675.00 0.2181
3680.00 0.2356
3685.00 0.2532
3690.00 0.2704
3695.00 0.2877
3700.00 0.3054
3705.00 0.3221
3710.00 0.3390
3715.00 0.3558
3720.00 0.3724
3725.00 0.3888
3730.00 0.4036
3735.00 0.4186
3740.00 0.4336
3745.00 0.4482
3750.00 0.4620
3755.00 0.4750
3760.00 0.4877
3765.00 0.5004
3770.00 0.5123
3775.00 0.5244
3780.00 0.5358
3785.00 0.5463
3790.00 0.5567
3795.00 0.5666
3800.00 0.5761
3805.00 0.5849
3810.00 0.5947
3815.00 0.6034
3820.00 0.6109
3825.00 0.6197
3830.00 0.6274
3835.00 0.6346
3840.00 0.6412
3845.00 0.6474
3850.00 0.6547
3855.00 0.6607
3860.00 0.6671
3865.00 0.6730
3870.00 0.6779
3875.00 0.6841
3880.00 0.6888
3885.00 0.6940
3890.00 0.6986
3895.00 0.7026
3900.00 0.7075
3905.00 0.7120
3910.00 0.7157
3915.00 0.7193
3920.00 0.7238
3925.00 0.7269
3930.00 0.7302
3935.00 0.7335
3940.00 0.7369
3945.00 0.7401
3950.00 0.7428
3955.00 0.7462
3960.00 0.7487
3965.00 0.7512
3970.00 0.7539
3975.00 0.7571
3980.00 0.7590
3985.00 0.7604
3990.00 0.7640
3995.00 0.7666
4000.00 0.7671
4005.00 0.7689
4010.00 0.7716
4015.00 0.7737
4020.00 0.7752
4025.00 0.7766
4030.00 0.7775
4035.00 0.7802
4040.00 0.7806
4045.00 0.7826
4050.00 0.7843
4055.00 0.7850
4060.00 0.7875
4065.00 0.7882
4070.00 0.7874
4075.00 0.7888
4080.00 0.7911
4085.00 0.7900
4090.00 0.7926
4095.00 0.7922
4100.00 0.7933
4105.00 0.7931
4110.00 0.7960
4115.00 0.7957
4120.00 0.7960
4125.00 0.7997
4130.00 0.7976
4135.00 0.7980
4140.00 0.7997
4145.00 0.8004
4150.00 0.8019
4155.00 0.8013
4160.00 0.8019
4165.00 0.8030
4170.00 0.8028
4175.00 0.8032
4180.00 0.8036
4185.00 0.8049
4190.00 0.8041
4195.00 0.8060
4200.00 0.8049
4205.00 0.8060
4210.00 0.8072
4215.00 0.8074
4220.00 0.8085
4225.00 0.8081
4230.00 0.8084
4235.00 0.8102
4240.00 0.8108
4245.00 0.8092
4250.00 0.8102
4255.00 0.8123
4260.00 0.8136
4265.00 0.8123
4270.00 0.8130
4275.00 0.8129
4280.00 0.8128
4285.00 0.8149
4290.00 0.8156
4295.00 0.8173
4300.00 0.8138
4305.00 0.8156
4310.00 0.8173
4315.00 0.8180
4320.00 0.8177
4325.00 0.8196
4330.00 0.8202
4335.00 0.8201
4340.00 0.8227
4345.00 0.8229
4350.00 0.8232
4355.00 0.8261
4360.00 0.8264
4365.00 0.8254
4370.00 0.8257
4375.00 0.8286
4380.00 0.8281
4385.00 0.8296
4390.00 0.8311
4395.00 0.8331
4400.00 0.8308
4405.00 0.8336
4410.00 0.8329
4415.00 0.8328
4420.00 0.8337
4425.00 0.8336
4430.00 0.8342
4435.00 0.8338
4440.00 0.8343
4445.00 0.8357
4450.00 0.8361
4455.00 0.8356
4460.00 0.8364
4465.00 0.8355
4470.00 0.8347
4475.00 0.8357
4480.00 0.8358
4485.00 0.8374
4490.00 0.8357
4495.00 0.8339
4500.00 0.8338
4505.00 0.8353
4510.00 0.8341
4515.00 0.8356
4520.00 0.8352
4525.00 0.8355
4530.00 0.8352
4535.00 0.8359
4540.00 0.8325
4545.00 0.8355
4550.00 0.8346
4555.00 0.8350
4560.00 0.8348
4565.00 0.8342
4570.00 0.8338
4575.00 0.8352
4580.00 0.8339
4585.00 0.8343
4590.00 0.8336
4595.00 0.8346
4600.00 0.8338
4605.00 0.8332
4610.00 0.8351
4615.00 0.8362
4620.00 0.8362
4625.00 0.8370
4630.00 0.8351
4635.00 0.8358
4640.00 0.8356
4645.00 0.8349
4650.00 0.8362
4655.00 0.8358
4660.00 0.8369
4665.00 0.8351
4670.00 0.8359
4675.00 0.8374
4680.00 0.8367
4685.00 0.8372
4690.00 0.8368
4695.00 0.8386
4700.00 0.8377
4705.00 0.8384
4710.00 0.8367
4715.00 0.8375
4720.00 0.8380
4725.00 0.8374
4730.00 0.8383
4735.00 0.8377
4740.00 0.8383
4745.00 0.8380
4750.00 0.8379
4755.00 0.8393
4760.00 0.8379
4765.00 0.8383
4770.00 0.8382
4775.00 0.8398
4780.00 0.8395
4785.00 0.8393
4790.00 0.8393
4795.00 0.8386
4800.00 0.8391
4805.00 0.8398
4810.00 0.8395
4815.00 0.8403
4820.00 0.8409
4825.00 0.8406
4830.00 0.8412
4835.00 0.8402
4840.00 0.8414
4845.00 0.8411
4850.00 0.8408
4855.00 0.8422
4860.00 0.8403
4865.00 0.8412
4870.00 0.8407
4875.00 0.8412
4880.00 0.8418
4885.00 0.8426
4890.00 0.8419
4895.00 0.8436
4900.00 0.8427
4905.00 0.8427
4910.00 0.8424
4915.00 0.8422
4920.00 0.8416
4925.00 0.8444
4930.00 0.8417
4935.00 0.8440
4940.00 0.8434
4945.00 0.8446
4950.00 0.8433
4955.00 0.8438
4960.00 0.8443
4965.00 0.8439
4970.00 0.8436
4975.00 0.8444
4980.00 0.8449
4985.00 0.8452
4990.00 0.8443
4995.00 0.8450
5000.00 0.8452
5005.00 0.8449
5010.00 0.8454
5015.00 0.8465
5020.00 0.8469
5025.00 0.8463
5030.00 0.8450
5035.00 0.8461
5040.00 0.8456
5045.00 0.8468
5050.00 0.8463
5055.00 0.8471
5060.00 0.8464
5065.00 0.8451
5070.00 0.8464
5075.00 0.8486
5080.00 0.8474
5085.00 0.8463
5090.00 0.8470
5095.00 0.8469
5100.00 0.8483
5105.00 0.8488
5110.00 0.8482
5115.00 0.8482
5120.00 0.8491
5125.00 0.8479
5130.00 0.8490
5135.00 0.8483
5140.00 0.8483
5145.00 0.8500
5150.00 0.8496
5155.00 0.8489
5160.00 0.8484
5165.00 0.8514
5170.00 0.8480
5175.00 0.8492
5180.00 0.8491
5185.00 0.8499
5190.00 0.8509
5195.00 0.8493
5200.00 0.8517
5205.00 0.8509
5210.00 0.8513
5215.00 0.8498
5220.00 0.8520
5225.00 0.8524
5230.00 0.8511
5235.00 0.8525
5240.00 0.8506
5245.00 0.8522
5250.00 0.8521
5255.00 0.8525
5260.00 0.8531
5265.00 0.8527
5270.00 0.8513
5275.00 0.8536
5280.00 0.8526
5285.00 0.8533
5290.00 0.8534
5295.00 0.8528
5300.00 0.8527
5305.00 0.8522
5310.00 0.8541
5315.00 0.8534
5320.00 0.8532
5325.00 0.8534
5330.00 0.8542
5335.00 0.8555
5340.00 0.8547
5345.00 0.8531
5350.00 0.8539
5355.00 0.8546
5360.00 0.8542
5365.00 0.8543
5370.00 0.8553
5375.00 0.8561
5380.00 0.8547
5385.00 0.8551
5390.00 0.8553
5395.00 0.8565
5400.00 0.8550
5405.00 0.8568
5410.00 0.8561
5415.00 0.8564
5420.00 0.8550
5425.00 0.8554
5430.00 0.8562
5435.00 0.8567
5440.00 0.8561
5445.00 0.8550
5450.00 0.8554
5455.00 0.8570
5460.00 0.8564
5465.00 0.8561
5470.00 0.8567
5475.00 0.8573
5480.00 0.8568
5485.00 0.8575
5490.00 0.8566
5495.00 0.8566
5500.00 0.8582
5505.00 0.8565
5510.00 0.8576
5515.00 0.8578
5520.00 0.8565
5525.00 0.8586
5530.00 0.8588
5535.00 0.8577
5540.00 0.8581
5545.00 0.8575
5550.00 0.8577
5555.00 0.8581
5560.00 0.8577
5565.00 0.8586
5570.00 0.8594
5575.00 0.8586
5580.00 0.8591
5585.00 0.8592
5590.00 0.8591
5595.00 0.8592
5600.00 0.8597
5605.00 0.8598
5610.00 0.8584
5615.00 0.8600
5620.00 0.8593
5625.00 0.8594
5630.00 0.8604
5635.00 0.8594
5640.00 0.8608
5645.00 0.8604
5650.00 0.8593
5655.00 0.8592
5660.00 0.8596
5665.00 0.8595
5670.00 0.8605
5675.00 0.8602
5680.00 0.8604
5685.00 0.8610
5690.00 0.8598
5695.00 0.8612
5700.00 0.8603
5705.00 0.8600
5710.00 0.8601
5715.00 0.8608
5720.00 0.8619
5725.00 0.8619
5730.00 0.8615
5735.00 0.8622
5740.00 0.8614
5745.00 0.8605
5750.00 0.8618
5755.00 0.8606
5760.00 0.8608
5765.00 0.8614
5770.00 0.8617
5775.00 0.8613
5780.00 0.8624
5785.00 0.8627
5790.00 0.8624
5795.00 0.8622
5800.00 0.8620
5805.00 0.8625
5810.00 0.8631
5815.00 0.8627
5820.00 0.8623
5825.00 0.8621
5830.00 0.8625
5835.00 0.8626
5840.00 0.8624
5845.00 0.8623
5850.00 0.8627
5855.00 0.8636
5860.00 0.8640
5865.00 0.8618
5870.00 0.8624
5875.00 0.8634
5880.00 0.8642
5885.00 0.8636
5890.00 0.8643
5895.00 0.8644
5900.00 0.8638
5905.00 0.8637
5910.00 0.8644
5915.00 0.8630
5920.00 0.8627
5925.00 0.8625
5930.00 0.8635
5935.00 0.8647
5940.00 0.8638
5945.00 0.8638
5950.00 0.8645
5955.00 0.8637
5960.00 0.8631
5965.00 0.8636
5970.00 0.8644
5975.00 0.8644
5980.00 0.8641
5985.00 0.8641
5990.00 0.8646
5995.00 0.8635
6000.00 0.8650
6005.00 0.8655
6010.00 0.8651
6015.00 0.8649
6020.00 0.8645
6025.00 0.8648
6030.00 0.8651
6035.00 0.8652
6040.00 0.8651
6045.00 0.8656
6050.00 0.8654
6055.00 0.8659
6060.00 0.8655
6065.00 0.8657
6070.00 0.8651
6075.00 0.8650
6080.00 0.8662
6085.00 0.8657
6090.00 0.8662
6095.00 0.8658
6100.00 0.8658
6105.00 0.8659
6110.00 0.8659
6115.00 0.8658
6120.00 0.8652
6125.00 0.8671
6130.00 0.8665
6135.00 0.8675
6140.00 0.8660
6145.00 0.8666
6150.00 0.8664
6155.00 0.8669
6160.00 0.8663
6165.00 0.8667
6170.00 0.8663
6175.00 0.8680
6180.00 0.8671
6185.00 0.8671
6190.00 0.8675
6195.00 0.8661
6200.00 0.8671
6205.00 0.8677
6210.00 0.8668
6215.00 0.8662
6220.00 0.8669
6225.00 0.8674
6230.00 0.8677
6235.00 0.8674
6240.00 0.8670
6245.00 0.8677
6250.00 0.8672
6255.00 0.8680
6260.00 0.8681
6265.00 0.8675
6270.00 0.8682
6275.00 0.8673
6280.00 0.8677
6285.00 0.8677
6290.00 0.8681
6295.00 0.8680
6300.00 0.8682
6305.00 0.8685
6310.00 0.8679
6315.00 0.8678
6320.00 0.8693
6325.00 0.8684
6330.00 0.8685
6335.00 0.8685
6340.00 0.8690
6345.00 0.8687
6350.00 0.8700
6355.00 0.8689
6360.00 0.8682
6365.00 0.8681
6370.00 0.8687
6375.00 0.8683
6380.00 0.8689
6385.00 0.8689
6390.00 0.8684
6395.00 0.8694
6400.00 0.8686
6405.00 0.8691
6410.00 0.8698
6415.00 0.8703
6420.00 0.8694
6425.00 0.8699
6430.00 0.8692
6435.00 0.8680
6440.00 0.8694
6445.00 0.8686
6450.00 0.8706
6455.00 0.8688
6460.00 0.8685
6465.00 0.8698
6470.00 0.8687
6475.00 0.8698
6480.00 0.8693
6485.00 0.8702
6490.00 0.8687
6495.00 0.8702
6500.00 0.8707
6505.00 0.8701
6510.00 0.8694
6515.00 0.8697
6520.00 0.8695
6525.00 0.8693
6530.00 0.8696
6535.00 0.8702
6540.00 0.8692
6545.00 0.8702
6550.00 0.8696
6555.00 0.8692
6560.00 0.8708
6565.00 0.8699
6570.00 0.8699
6575.00 0.8699
6580.00 0.8706
6585.00 0.8696
6590.00 0.8701
6595.00 0.8708
6600.00 0.8704
6605.00 0.8702
6610.00 0.8702
6615.00 0.8711
6620.00 0.8707
6625.00 0.8695
6630.00 0.8707
6635.00 0.8705
6640.00 0.8703
6645.00 0.8706
6650.00 0.8710
6655.00 0.8699
6660.00 0.8704
6665.00 0.8711
6670.00 0.8710
6675.00 0.8704
6680.00 0.8709
6685.00 0.8702
6690.00 0.8703
6695.00 0.8708
6700.00 0.8703
6705.00 0.8697
6710.00 0.8708
6715.00 0.8714
6720.00 0.8714
6725.00 0.8710
6730.00 0.8710
6735.00 0.8705
6740.00 0.8706
6745.00 0.8707
6750.00 0.8706
6755.00 0.8708
6760.00 0.8712
6765.00 0.8713
6770.00 0.8700
6775.00 0.8714
6780.00 0.8706
6785.00 0.8713
6790.00 0.8704
6795.00 0.8711
6800.00 0.8724
6805.00 0.8713
6810.00 0.8714
6815.00 0.8720
6820.00 0.8719
6825.00 0.8713
6830.00 0.8726
6835.00 0.8701
6840.00 0.8722
6845.00 0.8725
6850.00 0.8716
6855.00 0.8723
6860.00 0.8717
6865.00 0.8718
6870.00 0.8716
6875.00 0.8718
6880.00 0.8713
6885.00 0.8716
6890.00 0.8725
6895.00 0.8722
6900.00 0.8725
6905.00 0.8728
6910.00 0.8722
6915.00 0.8723
6920.00 0.8709
6925.00 0.8726
6930.00 0.8730
6935.00 0.8728
6940.00 0.8725
6945.00 0.8720
6950.00 0.8718
6955.00 0.8742
6960.00 0.8721
6965.00 0.8728
6970.00 0.8722
6975.00 0.8727
6980.00 0.8728
6985.00 0.8728
6990.00 0.8730
6995.00 0.8740
7000.00 0.8742
7005.00 0.8740
7010.00 0.8745
7015.00 0.8738
7020.00 0.8735
7025.00 0.8736
7030.00 0.8733
7035.00 0.8738
7040.00 0.8746
7045.00 0.8737
7050.00 0.8733
7055.00 0.8751
7060.00 0.8737
7065.00 0.8735
7070.00 0.8746
7075.00 0.8739
7080.00 0.8735
7085.00 0.8747
7090.00 0.8747
7095.00 0.8743
7100.00 0.8744
7105.00 0.8748
7110.00 0.8744
7115.00 0.8744
7120.00 0.8753
7125.00 0.8749
7130.00 0.8741
7135.00 0.8747
7140.00 0.8752
7145.00 0.8734
7150.00 0.8743
7155.00 0.8756
7160.00 0.8753
7165.00 0.8746
7170.00 0.8758
7175.00 0.8752
7180.00 0.8762
7185.00 0.8751
7190.00 0.8750
7195.00 0.8760
7200.00 0.8750
7205.00 0.8752
7210.00 0.8755
7215.00 0.8749
7220.00 0.8763
7225.00 0.8752
7230.00 0.8768
7235.00 0.8765
7240.00 0.8745
7245.00 0.8758
7250.00 0.8750
7255.00 0.8757
7260.00 0.8759
7265.00 0.8762
7270.00 0.8758
7275.00 0.8770
7280.00 0.8758
7285.00 0.8759
7290.00 0.8755
7295.00 0.8765
7300.00 0.8768
7305.00 0.8763
7310.00 0.8748
7315.00 0.8771
7320.00 0.8764
7325.00 0.8758
7330.00 0.8769
7335.00 0.8764
7340.00 0.8749
7345.00 0.8754
7350.00 0.8772
7355.00 0.8761
7360.00 0.8769
7365.00 0.8768
7370.00 0.8767
7375.00 0.8764
7380.00 0.8761
7385.00 0.8756
7390.00 0.8780
7395.00 0.8770
7400.00 0.8763
7405.00 0.8772
7410.00 0.8765
7415.00 0.8765
7420.00 0.8773
7425.00 0.8778
7430.00 0.8772
7435.00 0.8764
7440.00 0.8762
7445.00 0.8763
7450.00 0.8763
7455.00 0.8768
7460.00 0.8768
7465.00 0.8764
7470.00 0.8774
7475.00 0.8780
7480.00 0.8767
7485.00 0.8771
7490.00 0.8777
7495.00 0.8769
7500.00 0.8774
7505.00 0.8768
7510.00 0.8774
7515.00 0.8776
7520.00 0.8772
7525.00 0.8777
7530.00 0.8776
7535.00 0.8782
7540.00 0.8778
7545.00 0.8774
7550.00 0.8768
7555.00 0.8785
7560.00 0.8782
7565.00 0.8779
7570.00 0.8787
7575.00 0.8787
7580.00 0.8777
7585.00 0.8785
7590.00 0.8775
7595.00 0.8785
7600.00 0.8792
7605.00 0.8785
7610.00 0.8784
7615.00 0.8786
7620.00 0.8793
7625.00 0.8782
7630.00 0.8783
7635.00 0.8788
7640.00 0.8784
7645.00 0.8781
7650.00 0.8776
7655.00 0.8778
7660.00 0.8788
7665.00 0.8785
7670.00 0.8790
7675.00 0.8795
7680.00 0.8797
7685.00 0.8780
7690.00 0.8783
7695.00 0.8781
7700.00 0.8792
7705.00 0.8794
7710.00 0.8791
7715.00 0.8786
7720.00 0.8790
7725.00 0.8787
7730.00 0.8788
7735.00 0.8780
7740.00 0.8792
7745.00 0.8791
7750.00 0.8787
7755.00 0.8779
7760.00 0.8793
7765.00 0.8800
7770.00 0.8791
7775.00 0.8794
7780.00 0.8790
7785.00 0.8784
7790.00 0.8790
7795.00 0.8801
7800.00 0.8798
7805.00 0.8790
7810.00 0.8797
7815.00 0.8798
7820.00 0.8786
7825.00 0.8791
7830.00 0.8806
7835.00 0.8799
7840.00 0.8790
7845.00 0.8798
7850.00 0.8788
7855.00 0.8802
7860.00 0.8799
7865.00 0.8789
7870.00 0.8796
7875.00 0.8812
7880.00 0.8798
7885.00 0.8793
7890.00 0.8794
7895.00 0.8800
7900.00 0.8790
7905.00 0.8791
7910.00 0.8805
7915.00 0.8795
7920.00 0.8799
7925.00 0.8791
7930.00 0.8792
7935.00 0.8800
7940.00 0.8800
7945.00 0.8795
7950.00 0.8797
7955.00 0.8814
7960.00 0.8808
7965.00 0.8795
7970.00 0.8807
7975.00 0.8806
7980.00 0.8796
7985.00 0.8798
7990.00 0.8799
7995.00 0.8808
8000.00 0.8812
8005.00 0.8794
8010.00 0.8809
8015.00 0.8803
8020.00 0.8796
8025.00 0.8806
8030.00 0.8806
8035.00 0.8807
8040.00 0.8798
8045.00 0.8804
8050.00 0.8797
8055.00 0.8800
8060.00 0.8810
8065.00 0.8805
8070.00 0.8806
8075.00 0.8809
8080.00 0.8799
8085.00 0.8813
8090.00 0.8798
8095.00 0.8794
8100.00 0.8807
8105.00 0.8806
8110.00 0.8802
8115.00 0.8805
8120.00 0.8801
8125.00 0.8809
8130.00 0.8797
8135.00 0.8799
8140.00 0.8810
8145.00 0.8809
8150.00 0.8812
8155.00 0.8814
8160.00 0.8814
8165.00 0.8804
8170.00 0.8817
8175.00 0.8804
8180.00 0.8801
8185.00 0.8802
8190.00 0.8815
8195.00 0.8801
8200.00 0.8794
8205.00 0.8801
8210.00 0.8803
8215.00 0.8804
8220.00 0.8809
8225.00 0.8810
8230.00 0.8816
8235.00 0.8801
8240.00 0.8811
8245.00 0.8804
8250.00 0.8801
8255.00 0.8804
8260.00 0.8809
8265.00 0.8812
8270.00 0.8804
8275.00 0.8813
8280.00 0.8805
8285.00 0.8815
8290.00 0.8802
8295.00 0.8814
8300.00 0.8810
8305.00 0.8816
8310.00 0.8811
8315.00 0.8818
8320.00 0.8816
8325.00 0.8812
8330.00 0.8797
8335.00 0.8804
8340.00 0.8805
8345.00 0.8808
8350.00 0.8813
8355.00 0.8807
8360.00 0.8813
8365.00 0.8816
8370.00 0.8818
8375.00 0.8803
8380.00 0.8813
8385.00 0.8816
8390.00 0.8815
8395.00 0.8817
8400.00 0.8825
8405.00 0.8814
8410.00 0.8799
8415.00 0.8804
8420.00 0.8810
8425.00 0.8802
8430.00 0.8803
8435.00 0.8823
8440.00 0.8801
8445.00 0.8812
8450.00 0.8815
8455.00 0.8808
8460.00 0.8809
8465.00 0.8801
8470.00 0.8809
8475.00 0.8809
8480.00 0.8813
8485.00 0.8825
8490.00 0.8802
8495.00 0.8816
8500.00 0.8813
8505.00 0.8813
8510.00 0.8800
8515.00 0.8801
8520.00 0.8818
8525.00 0.8801
8530.00 0.8818
8535.00 0.8808
8540.00 0.8806
8545.00 0.8812
8550.00 0.8804
8555.00 0.8817
8560.00 0.8812
8565.00 0.8818
8570.00 0.8824
8575.00 0.8810
8580.00 0.8819
8585.00 0.8814
8590.00 0.8811
8595.00 0.8823
8600.00 0.8816
8605.00 0.8811
8610.00 0.8811
8615.00 0.8807
8620.00 0.8808
8625.00 0.8806
8630.00 0.8829
8635.00 0.8809
8640.00 0.8823
8645.00 0.8804
8650.00 0.8807
8655.00 0.8811
8660.00 0.8792
8665.00 0.8818
8670.00 0.8812
8675.00 0.8812
8680.00 0.8819
8685.00 0.8806
8690.00 0.8825
8695.00 0.8803
8700.00 0.8806
8705.00 0.8807
8710.00 0.8805
8715.00 0.8811
8720.00 0.8819
8725.00 0.8816
8730.00 0.8812
8735.00 0.8813
8740.00 0.8816
8745.00 0.8806
8750.00 0.8804
8755.00 0.8802
8760.00 0.8815
8765.00 0.8816
8770.00 0.8818
8775.00 0.8816
8780.00 0.8812
8785.00 0.8814
8790.00 0.8812
8795.00 0.8812
8800.00 0.8788
8805.00 0.8811
8810.00 0.8796
8815.00 0.8815
8820.00 0.8805
8825.00 0.8809
8830.00 0.8790
8835.00 0.8816
8840.00 0.8800
8845.00 0.8805
8850.00 0.8834
8855.00 0.8810
8860.00 0.8802
8865.00 0.8811
8870.00 0.8799
8875.00 0.8812
8880.00 0.8817
8885.00 0.8816
8890.00 0.8815
8895.00 0.8810
8900.00 0.8795
8905.00 0.8800
8910.00 0.8823
8915.00 0.8830
8920.00 0.8815
8925.00 0.8815
8930.00 0.8813
8935.00 0.8799
8940.00 0.8808
8945.00 0.8805
8950.00 0.8824
8955.00 0.8815
8960.00 0.8801
8965.00 0.8808
8970.00 0.8803
8975.00 0.8810
8980.00 0.8801
8985.00 0.8811
8990.00 0.8807
8995.00 0.8791
9000.00 0.8811
9005.00 0.8799
9010.00 0.8804
9015.00 0.8798
9020.00 0.8811
9025.00 0.8804
9030.00 0.8798
9035.00 0.8795
9040.00 0.8809
9045.00 0.8797
9050.00 0.8812
9055.00 0.8804
9060.00 0.8798
9065.00 0.8830
9070.00 0.8834
