6760.00 0.0009
6762.00 0.0010
6764.00 0.0010
6766.00 0.0011
6768.00 0.0012
6770.00 0.0013
6772.00 0.0015
6774.00 0.0016
6776.00 0.0017
6778.00 0.0019
6780.00 0.0021
6782.00 0.0023
6784.00 0.0025
6786.00 0.0028
6788.00 0.0031
6790.00 0.0034
6792.00 0.0038
6794.00 0.0042
6796.00 0.0047
6798.00 0.0053
6800.00 0.0060
6802.00 0.0068
6804.00 0.0077
6806.00 0.0088
6808.00 0.0099
6810.00 0.0116
6812.00 0.0133
6814.00 0.0155
6816.00 0.0178
6818.00 0.0212
6820.00 0.0247
6822.00 0.0296
6824.00 0.0345
6826.00 0.0420
6828.00 0.0495
6830.00 0.0606
6832.00 0.0716
6834.00 0.0887
6836.00 0.1058
6838.00 0.1296
6840.00 0.1534
6842.00 0.1877
6844.00 0.2220
6846.00 0.2637
6848.00 0.3053
6850.00 0.3539
6852.00 0.4024
6854.00 0.4513
6856.00 0.5002
6858.00 0.5466
6860.00 0.5929
6862.00 0.6278
6864.00 0.6626
6866.00 0.6886
6868.00 0.7145
6870.00 0.7295
6872.00 0.7445
6874.00 0.7533
6876.00 0.7620
6878.00 0.7653
6880.00 0.7687
6882.00 0.7680
6884.00 0.7674
6886.00 0.7628
6888.00 0.7582
6890.00 0.7473
6892.00 0.7363
6894.00 0.7170
6896.00 0.6977
6898.00 0.6697
6900.00 0.6417
6902.00 0.6069
6904.00 0.5721
6906.00 0.5306
6908.00 0.4892
6910.00 0.4479
6912.00 0.4067
6914.00 0.3658
6916.00 0.3249
6918.00 0.2896
6920.00 0.2543
6922.00 0.2238
6924.00 0.1933
6926.00 0.1695
6928.00 0.1458
6930.00 0.1268
6932.00 0.1077
6934.00 0.0940
6936.00 0.0803
6938.00 0.0698
6940.00 0.0593
6942.00 0.0517
6944.00 0.0441
6946.00 0.0385
6948.00 0.0328
6950.00 0.0288
6952.00 0.0248
6954.00 0.0217
6956.00 0.0187
6958.00 0.0165
6960.00 0.0143
6962.00 0.0127
6964.00 0.0110
6966.00 0.0098
6968.00 0.0087
6970.00 0.0077
6972.00 0.0067
6974.00 0.0060
6976.00 0.0053
6978.00 0.0048
6980.00 0.0043
6982.00 0.0039
6984.00 0.0035
6986.00 0.0031
6988.00 0.0028
6990.00 0.0026
6992.00 0.0023
6994.00 0.0021
6996.00 0.0019
6998.00 0.0017
7000.00 0.0016
7002.00 0.0015
7004.00 0.0013
7006.00 0.0012
7008.00 0.0011
7010.00 0.0010
7012.00 0.0010
7014.00 0.0009
