7350.00 0.0009
7352.00 0.0009
7354.00 0.0010
7356.00 0.0010
7358.00 0.0010
7360.00 0.0011
7362.00 0.0011
7364.00 0.0012
7366.00 0.0012
7368.00 0.0012
7370.00 0.0013
7372.00 0.0013
7374.00 0.0014
7376.00 0.0015
7378.00 0.0016
7380.00 0.0016
7382.00 0.0017
7384.00 0.0018
7386.00 0.0019
7388.00 0.0020
7390.00 0.0021
7392.00 0.0022
7394.00 0.0024
7396.00 0.0025
7398.00 0.0027
7400.00 0.0028
7402.00 0.0031
7404.00 0.0033
7406.00 0.0035
7408.00 0.0038
7410.00 0.0041
7412.00 0.0044
7414.00 0.0048
7416.00 0.0052
7418.00 0.0057
7420.00 0.0061
7422.00 0.0068
7424.00 0.0075
7426.00 0.0083
7428.00 0.0092
7430.00 0.0101
7432.00 0.0114
7434.00 0.0127
7436.00 0.0143
7438.00 0.0163
7440.00 0.0182
7442.00 0.0210
7444.00 0.0238
7446.00 0.0274
7448.00 0.0319
7450.00 0.0364
7452.00 0.0433
7454.00 0.0501
7456.00 0.0595
7458.00 0.0713
7460.00 0.0831
7462.00 0.1008
7464.00 0.1185
7466.00 0.1415
7468.00 0.1699
7470.00 0.1983
7472.00 0.2380
7474.00 0.2776
7476.00 0.3217
7478.00 0.3703
7480.00 0.4188
7482.00 0.4693
7484.00 0.5198
7486.00 0.5672
7488.00 0.6114
7490.00 0.6557
7492.00 0.6866
7494.00 0.7176
7496.00 0.7419
7498.00 0.7596
7500.00 0.7773
7502.00 0.7828
7504.00 0.7884
7506.00 0.7889
7508.00 0.7842
7510.00 0.7795
7512.00 0.7629
7514.00 0.7462
7516.00 0.7235
7518.00 0.6947
7520.00 0.6659
7522.00 0.6274
7524.00 0.5889
7526.00 0.5472
7528.00 0.5023
7530.00 0.4575
7532.00 0.4142
7534.00 0.3710
7536.00 0.3299
7538.00 0.2910
7540.00 0.2522
7542.00 0.2237
7544.00 0.1953
7546.00 0.1702
7548.00 0.1484
7550.00 0.1267
7552.00 0.1119
7554.00 0.0971
7556.00 0.0845
7558.00 0.0740
7560.00 0.0636
7562.00 0.0565
7564.00 0.0493
7566.00 0.0433
7568.00 0.0383
7570.00 0.0333
7572.00 0.0298
7574.00 0.0264
7576.00 0.0233
7578.00 0.0207
7580.00 0.0181
7582.00 0.0163
7584.00 0.0145
7586.00 0.0129
7588.00 0.0116
7590.00 0.0103
7592.00 0.0093
7594.00 0.0083
7596.00 0.0074
7598.00 0.0067
7600.00 0.0060
7602.00 0.0054
7604.00 0.0049
7606.00 0.0044
7608.00 0.0040
7610.00 0.0036
7612.00 0.0032
7614.00 0.0029
7616.00 0.0027
7618.00 0.0024
7620.00 0.0022
7622.00 0.0020
7624.00 0.0018
7626.00 0.0017
7628.00 0.0016
7630.00 0.0014
7632.00 0.0013
7634.00 0.0012
7636.00 0.0011
7638.00 0.0010
7640.00 0.0009
