6492.00 0.0009
6494.00 0.0009
6496.00 0.0010
6498.00 0.0010
6500.00 0.0011
6502.00 0.0011
6504.00 0.0011
6506.00 0.0012
6508.00 0.0012
6510.00 0.0012
6512.00 0.0013
6514.00 0.0013
6516.00 0.0013
6518.00 0.0014
6520.00 0.0014
6522.00 0.0015
6524.00 0.0015
6526.00 0.0015
6528.00 0.0016
6530.00 0.0016
6532.00 0.0017
6534.00 0.0018
6536.00 0.0019
6538.00 0.0020
6540.00 0.0020
6542.00 0.0021
6544.00 0.0022
6546.00 0.0024
6548.00 0.0025
6550.00 0.0027
6552.00 0.0029
6554.00 0.0030
6556.00 0.0033
6558.00 0.0035
6560.00 0.0038
6562.00 0.0041
6564.00 0.0044
6566.00 0.0048
6568.00 0.0053
6570.00 0.0057
6572.00 0.0063
6574.00 0.0070
6576.00 0.0077
6578.00 0.0086
6580.00 0.0095
6582.00 0.0108
6584.00 0.0120
6586.00 0.0137
6588.00 0.0156
6590.00 0.0176
6592.00 0.0206
6594.00 0.0235
6596.00 0.0275
6598.00 0.0323
6600.00 0.0372
6602.00 0.0451
6604.00 0.0530
6606.00 0.0637
6608.00 0.0772
6610.00 0.0906
6612.00 0.1127
6614.00 0.1348
6616.00 0.1638
6618.00 0.1997
6620.00 0.2356
6622.00 0.2818
6624.00 0.3279
6626.00 0.3785
6628.00 0.4335
6630.00 0.4885
6632.00 0.5394
6634.00 0.5903
6636.00 0.6349
6638.00 0.6734
6640.00 0.7118
6642.00 0.7338
6644.00 0.7558
6646.00 0.7721
6648.00 0.7827
6650.00 0.7933
6652.00 0.7951
6654.00 0.7969
6656.00 0.7949
6658.00 0.7891
6660.00 0.7833
6662.00 0.7689
6664.00 0.7544
6666.00 0.7331
6668.00 0.7049
6670.00 0.6767
6672.00 0.6364
6674.00 0.5961
6676.00 0.5526
6678.00 0.5057
6680.00 0.4589
6682.00 0.4140
6684.00 0.3690
6686.00 0.3264
6688.00 0.2862
6690.00 0.2459
6692.00 0.2162
6694.00 0.1864
6696.00 0.1607
6698.00 0.1389
6700.00 0.1172
6702.00 0.1028
6704.00 0.0884
6706.00 0.0763
6708.00 0.0666
6710.00 0.0568
6712.00 0.0503
6714.00 0.0439
6716.00 0.0383
6718.00 0.0337
6720.00 0.0291
6722.00 0.0260
6724.00 0.0229
6726.00 0.0202
6728.00 0.0179
6730.00 0.0157
6732.00 0.0141
6734.00 0.0125
6736.00 0.0111
6738.00 0.0099
6740.00 0.0087
6742.00 0.0078
6744.00 0.0070
6746.00 0.0063
6748.00 0.0057
6750.00 0.0051
6752.00 0.0046
6754.00 0.0041
6756.00 0.0037
6758.00 0.0034
6760.00 0.0030
6762.00 0.0028
6764.00 0.0025
6766.00 0.0023
6768.00 0.0021
6770.00 0.0019
6772.00 0.0017
6774.00 0.0016
6776.00 0.0015
6778.00 0.0013
6780.00 0.0012
6782.00 0.0011
6784.00 0.0010
6786.00 0.0009
