6218.00 0.0009
6219.00 0.0010
6220.00 0.0010
6221.00 0.0010
6222.00 0.0011
6223.00 0.0012
6224.00 0.0012
6225.00 0.0013
6226.00 0.0014
6227.00 0.0014
6228.00 0.0015
6229.00 0.0016
6230.00 0.0017
6231.00 0.0018
6232.00 0.0019
6233.00 0.0020
6234.00 0.0021
6235.00 0.0022
6236.00 0.0024
6237.00 0.0025
6238.00 0.0027
6239.00 0.0028
6240.00 0.0030
6241.00 0.0032
6242.00 0.0034
6243.00 0.0037
6244.00 0.0040
6245.00 0.0042
6246.00 0.0045
6247.00 0.0049
6248.00 0.0052
6249.00 0.0056
6250.00 0.0060
6251.00 0.0065
6252.00 0.0070
6253.00 0.0076
6254.00 0.0083
6255.00 0.0089
6256.00 0.0096
6257.00 0.0104
6258.00 0.0115
6259.00 0.0125
6260.00 0.0136
6261.00 0.0150
6262.00 0.0165
6263.00 0.0182
6264.00 0.0200
6265.00 0.0223
6266.00 0.0246
6267.00 0.0272
6268.00 0.0302
6269.00 0.0339
6270.00 0.0380
6271.00 0.0425
6272.00 0.0479
6273.00 0.0540
6274.00 0.0611
6275.00 0.0695
6276.00 0.0791
6277.00 0.0899
6278.00 0.1027
6279.00 0.1176
6280.00 0.1343
6281.00 0.1543
6282.00 0.1777
6283.00 0.2047
6284.00 0.2353
6285.00 0.2695
6286.00 0.3088
6287.00 0.3508
6288.00 0.3963
6289.00 0.4444
6290.00 0.4946
6291.00 0.5444
6292.00 0.5908
6293.00 0.6340
6294.00 0.6715
6295.00 0.7094
6296.00 0.7382
6297.00 0.7609
6298.00 0.7771
6299.00 0.7909
6300.00 0.7983
6301.00 0.8021
6302.00 0.8069
6303.00 0.8052
6304.00 0.8015
6305.00 0.7977
6306.00 0.7921
6307.00 0.7784
6308.00 0.7645
6309.00 0.7470
6310.00 0.7212
6311.00 0.6886
6312.00 0.6536
6313.00 0.6162
6314.00 0.5698
6315.00 0.5258
6316.00 0.4763
6317.00 0.4290
6318.00 0.3818
6319.00 0.3427
6320.00 0.3027
6321.00 0.2656
6322.00 0.2320
6323.00 0.2031
6324.00 0.1770
6325.00 0.1538
6326.00 0.1346
6327.00 0.1176
6328.00 0.1032
6329.00 0.0907
6330.00 0.0798
6331.00 0.0705
6332.00 0.0625
6333.00 0.0559
6334.00 0.0494
6335.00 0.0440
6336.00 0.0394
6337.00 0.0352
6338.00 0.0316
6339.00 0.0285
6340.00 0.0258
6341.00 0.0233
6342.00 0.0212
6343.00 0.0192
6344.00 0.0175
6345.00 0.0160
6346.00 0.0147
6347.00 0.0135
6348.00 0.0124
6349.00 0.0113
6350.00 0.0105
6351.00 0.0098
6352.00 0.0091
6353.00 0.0084
6354.00 0.0078
6355.00 0.0072
6356.00 0.0067
6357.00 0.0062
6358.00 0.0058
6359.00 0.0054
6360.00 0.0051
6361.00 0.0047
6362.00 0.0045
6363.00 0.0042
6364.00 0.0039
6365.00 0.0037
6366.00 0.0034
6367.00 0.0032
6368.00 0.0031
6369.00 0.0029
6370.00 0.0027
6371.00 0.0026
6372.00 0.0024
6373.00 0.0023
6374.00 0.0022
6375.00 0.0021
6376.00 0.0020
6377.00 0.0019
6378.00 0.0018
6379.00 0.0017
6380.00 0.0016
6381.00 0.0015
6382.00 0.0014
6383.00 0.0014
6384.00 0.0013
6385.00 0.0013
6386.00 0.0012
6387.00 0.0012
6388.00 0.0011
6389.00 0.0011
6390.00 0.0010
6391.00 0.0010
6392.00 0.0009
