3100.00 0.0003
3120.00 0.0012
3140.00 0.0041
3160.00 0.0109
3180.00 0.0230
3200.00 0.0419
3220.00 0.0671
3240.00 0.0981
3260.00 0.1337
3280.00 0.1716
3300.00 0.2112
3320.00 0.2512
3340.00 0.2899
3360.00 0.3274
3380.00 0.3627
3400.00 0.3953
3420.00 0.4255
3440.00 0.4537
3460.00 0.4793
3480.00 0.5023
3500.00 0.5237
3520.00 0.5425
3540.00 0.5594
3560.00 0.5745
3580.00 0.5861
3600.00 0.5969
3620.00 0.6060
3640.00 0.6122
3660.00 0.6174
3680.00 0.6186
3700.00 0.6160
3720.00 0.6126
3740.00 0.6034
3760.00 0.5894
3780.00 0.5715
3800.00 0.5450
3820.00 0.5130
3840.00 0.4743
3860.00 0.4290
3880.00 0.3789
3900.00 0.3266
3920.00 0.2724
3940.00 0.2190
3960.00 0.1688
3980.00 0.1252
4000.00 0.0892
4020.00 0.0608
4040.00 0.0396
4060.00 0.0248
4080.00 0.0148
4100.00 0.0085
4120.00 0.0047
4140.00 0.0025
4160.00 0.0013
4180.00 0.0007
