3540.60 0.0000
3541.30 0.0017
3541.90 0.0026
3542.60 0.0026
3543.30 0.0026
3544.00 0.0026
3544.20 0.0026
3545.30 0.0035
3546.00 0.0052
3546.70 0.0069
3547.30 0.0087
3548.00 0.0122
3548.70 0.0156
3549.40 0.0202
3550.00 0.0263
3550.70 0.0340
3551.40 0.0445
3552.10 0.0593
3552.70 0.0800
3553.40 0.1120
3554.10 0.1507
3554.80 0.1888
3555.40 0.2285
3556.10 0.2693
3556.80 0.3012
3557.50 0.3222
3558.10 0.3407
3558.80 0.3523
3559.50 0.3565
3560.20 0.3579
3560.80 0.3617
3561.50 0.3639
3562.20 0.3639
3562.90 0.3674
3563.50 0.3673
3564.20 0.3719
3564.90 0.3700
3565.60 0.3709
3566.20 0.3769
3566.90 0.3787
3567.60 0.3778
3568.30 0.3785
3568.90 0.3822
3569.60 0.3839
3570.30 0.3848
3571.00 0.3795
3571.20 0.3626
3572.30 0.3445
3573.00 0.3231
3573.70 0.2854
3574.30 0.2532
3575.00 0.2124
3575.70 0.1764
3576.40 0.1417
3577.00 0.1117
3577.70 0.0877
3578.40 0.0678
3579.00 0.0531
3579.70 0.0427
3580.40 0.0347
3581.10 0.0289
3581.70 0.0237
3582.40 0.0200
3583.10 0.0177
3583.80 0.0156
3584.40 0.0139
3585.10 0.0122
3585.80 0.0096
3586.50 0.0087
3587.10 0.0069
3587.80 0.0068
3588.50 0.0052
3589.20 0.0043
3589.80 0.0000
