6634.00 0.0009
6636.00 0.0009
6638.00 0.0010
6640.00 0.0011
6642.00 0.0012
6644.00 0.0013
6646.00 0.0014
6648.00 0.0015
6650.00 0.0016
6652.00 0.0018
6654.00 0.0019
6656.00 0.0021
6658.00 0.0023
6660.00 0.0026
6662.00 0.0029
6664.00 0.0032
6666.00 0.0036
6668.00 0.0040
6670.00 0.0045
6672.00 0.0050
6674.00 0.0058
6676.00 0.0065
6678.00 0.0075
6680.00 0.0084
6682.00 0.0099
6684.00 0.0113
6686.00 0.0133
6688.00 0.0154
6690.00 0.0187
6692.00 0.0219
6694.00 0.0268
6696.00 0.0317
6698.00 0.0397
6700.00 0.0477
6702.00 0.0602
6704.00 0.0727
6706.00 0.0933
6708.00 0.1138
6710.00 0.1444
6712.00 0.1750
6714.00 0.2190
6716.00 0.2631
6718.00 0.3156
6720.00 0.3681
6722.00 0.4265
6724.00 0.4850
6726.00 0.5363
6728.00 0.5877
6730.00 0.6276
6732.00 0.6674
6734.00 0.6911
6736.00 0.7147
6738.00 0.7253
6740.00 0.7358
6742.00 0.7371
6744.00 0.7385
6746.00 0.7343
6748.00 0.7302
6750.00 0.7217
6752.00 0.7133
6754.00 0.6968
6756.00 0.6803
6758.00 0.6547
6760.00 0.6291
6762.00 0.5929
6764.00 0.5566
6766.00 0.5130
6768.00 0.4694
6770.00 0.4216
6772.00 0.3738
6774.00 0.3306
6776.00 0.2874
6778.00 0.2489
6780.00 0.2104
6782.00 0.1808
6784.00 0.1511
6786.00 0.1287
6788.00 0.1062
6790.00 0.0910
6792.00 0.0757
6794.00 0.0647
6796.00 0.0536
6798.00 0.0463
6800.00 0.0389
6802.00 0.0337
6804.00 0.0284
6806.00 0.0248
6808.00 0.0212
6810.00 0.0186
6812.00 0.0159
6814.00 0.0141
6816.00 0.0123
6818.00 0.0108
6820.00 0.0094
6822.00 0.0084
6824.00 0.0075
6826.00 0.0067
6828.00 0.0059
6830.00 0.0053
6832.00 0.0047
6834.00 0.0043
6836.00 0.0038
6838.00 0.0035
6840.00 0.0031
6842.00 0.0029
6844.00 0.0026
6846.00 0.0024
6848.00 0.0021
6850.00 0.0020
6852.00 0.0018
6854.00 0.0017
6856.00 0.0015
6858.00 0.0014
6860.00 0.0013
6862.00 0.0012
6864.00 0.0011
6866.00 0.0010
6868.00 0.0009
