7010.00 0.0001
7015.00 0.0002
7020.00 0.0002
7025.00 0.0003
7030.00 0.0003
7035.00 0.0004
7040.00 0.0005
7045.00 0.0006
7050.00 0.0008
7055.00 0.0010
7060.00 0.0012
7065.00 0.0015
7070.00 0.0019
7075.00 0.0024
7080.00 0.0030
7085.00 0.0038
7090.00 0.0048
7095.00 0.0061
7100.00 0.0077
7105.00 0.0098
7110.00 0.0124
7115.00 0.0161
7120.00 0.0206
7125.00 0.0268
7130.00 0.0347
7135.00 0.0454
7140.00 0.0591
7145.00 0.0775
7150.00 0.1003
7155.00 0.1325
7160.00 0.1694
7165.00 0.2174
7170.00 0.2728
7175.00 0.3380
7180.00 0.4052
7185.00 0.4753
7190.00 0.5023
7195.00 0.6050
7200.00 0.6550
7205.00 0.6991
7210.00 0.7302
7215.00 0.7546
7220.00 0.7734
7225.00 0.7867
7230.00 0.7979
7235.00 0.8064
7240.00 0.8149
7245.00 0.8221
7250.00 0.8297
7255.00 0.8348
7260.00 0.8407
7265.00 0.8457
7270.00 0.8511
7275.00 0.8551
7280.00 0.8588
7285.00 0.8612
7290.00 0.8625
7295.00 0.8640
7300.00 0.8628
7305.00 0.8640
7310.00 0.8636
7315.00 0.8618
7320.00 0.8630
7325.00 0.8615
7330.00 0.8607
7335.00 0.8598
7340.00 0.8597
7345.00 0.8606
7350.00 0.8591
7355.00 0.8602
7360.00 0.8597
7365.00 0.8613
7370.00 0.8630
7375.00 0.8639
7380.00 0.8654
7385.00 0.8683
7390.00 0.8697
7395.00 0.8716
7400.00 0.8745
7405.00 0.8768
7410.00 0.8758
7415.00 0.8789
7420.00 0.8797
7425.00 0.8792
7430.00 0.8819
7435.00 0.8825
7440.00 0.8818
7445.00 0.8821
7450.00 0.8834
7455.00 0.8816
7460.00 0.8808
7465.00 0.8827
7470.00 0.8794
7475.00 0.8794
7480.00 0.8779
7485.00 0.8779
7490.00 0.8770
7495.00 0.8765
7500.00 0.8767
7505.00 0.8775
7510.00 0.8756
7515.00 0.8763
7520.00 0.8752
7525.00 0.8762
7530.00 0.8756
7535.00 0.8769
7540.00 0.8791
7545.00 0.8791
7550.00 0.8812
7555.00 0.8828
7560.00 0.8834
7565.00 0.8847
7570.00 0.8878
7575.00 0.8903
7580.00 0.8937
7585.00 0.8940
7590.00 0.8959
7595.00 0.8968
7600.00 0.9003
7605.00 0.9033
7610.00 0.9020
7615.00 0.9063
7620.00 0.9062
7625.00 0.9068
7630.00 0.9078
7635.00 0.9086
7640.00 0.9084
7645.00 0.9098
7650.00 0.9113
7655.00 0.9110
7660.00 0.9122
7665.00 0.9117
7670.00 0.9078
7675.00 0.9089
7680.00 0.9080
7685.00 0.9069
7690.00 0.9058
7695.00 0.9054
7700.00 0.9017
7705.00 0.8995
7710.00 0.8988
7715.00 0.8947
7720.00 0.8931
7725.00 0.8928
7730.00 0.8889
7735.00 0.8869
7740.00 0.8841
7745.00 0.8839
7750.00 0.8809
7755.00 0.8784
7760.00 0.8765
7765.00 0.8742
7770.00 0.8714
7775.00 0.8687
7780.00 0.8697
7785.00 0.8658
7790.00 0.8639
7795.00 0.8626
7800.00 0.8600
7805.00 0.8594
7810.00 0.8573
7815.00 0.8542
7820.00 0.8534
7825.00 0.8529
7830.00 0.8518
7835.00 0.8504
7840.00 0.8500
7845.00 0.8500
7850.00 0.8480
7855.00 0.8485
7860.00 0.8472
7865.00 0.8504
7870.00 0.8492
7875.00 0.8477
7880.00 0.8489
7885.00 0.8471
7890.00 0.8488
7895.00 0.8499
7900.00 0.8498
7905.00 0.8537
7910.00 0.8538
7915.00 0.8542
7920.00 0.8551
7925.00 0.8554
7930.00 0.8572
7935.00 0.8595
7940.00 0.8604
7945.00 0.8628
7950.00 0.8626
7955.00 0.8642
7960.00 0.8667
7965.00 0.8732
7970.00 0.8740
7975.00 0.8733
7980.00 0.8760
7985.00 0.8771
7990.00 0.8806
7995.00 0.8809
8000.00 0.8825
8005.00 0.8850
8010.00 0.8877
8015.00 0.8880
8020.00 0.8893
8025.00 0.8917
8030.00 0.8934
8035.00 0.8921
8040.00 0.8941
8045.00 0.8943
8050.00 0.8953
8055.00 0.8964
8060.00 0.8970
8065.00 0.8963
8070.00 0.8947
8075.00 0.8958
8080.00 0.8948
8085.00 0.8958
8090.00 0.8939
8095.00 0.8918
8100.00 0.8910
8105.00 0.8917
8110.00 0.8884
8115.00 0.8900
8120.00 0.8867
8125.00 0.8846
8130.00 0.8837
8135.00 0.8811
8140.00 0.8784
8145.00 0.8786
8150.00 0.8753
8155.00 0.8743
8160.00 0.8710
8165.00 0.8718
8170.00 0.8667
8175.00 0.8654
8180.00 0.8639
8185.00 0.8623
8190.00 0.8613
8195.00 0.8599
8200.00 0.8575
8205.00 0.8587
8210.00 0.8551
8215.00 0.8563
8220.00 0.8527
8225.00 0.8581
8230.00 0.8576
8235.00 0.8554
8240.00 0.8532
8245.00 0.8560
8250.00 0.8574
8255.00 0.8581
8260.00 0.8589
8265.00 0.8574
8270.00 0.8580
8275.00 0.8613
8280.00 0.8610
8285.00 0.8632
8290.00 0.8637
8295.00 0.8639
8300.00 0.8691
8305.00 0.8689
8310.00 0.8708
8315.00 0.8713
8320.00 0.8713
8325.00 0.8726
8330.00 0.8746
8335.00 0.8718
8340.00 0.8759
8345.00 0.8732
8350.00 0.8754
8355.00 0.8764
8360.00 0.8791
8365.00 0.8762
8370.00 0.8768
8375.00 0.8785
8380.00 0.8774
8385.00 0.8746
8390.00 0.8788
8395.00 0.8759
8400.00 0.8737
8405.00 0.8729
8410.00 0.8763
8415.00 0.8743
8420.00 0.8721
8425.00 0.8746
8430.00 0.8691
8435.00 0.8741
8440.00 0.8742
8445.00 0.8707
8450.00 0.8701
8455.00 0.8727
8460.00 0.8757
8465.00 0.8742
8470.00 0.8788
8475.00 0.8778
8480.00 0.8795
8485.00 0.8827
8490.00 0.8848
8495.00 0.8877
8500.00 0.8841
8505.00 0.8843
8510.00 0.8872
8515.00 0.8926
8520.00 0.8912
8525.00 0.8868
8530.00 0.8864
8535.00 0.8817
8540.00 0.8776
8545.00 0.8754
8550.00 0.8723
8555.00 0.8675
8560.00 0.8602
8565.00 0.8585
8570.00 0.8435
8575.00 0.8368
8580.00 0.8232
8585.00 0.8141
8590.00 0.8123
8595.00 0.8004
8600.00 0.7886
8605.00 0.7768
8610.00 0.7719
8615.00 0.7635
8620.00 0.7544
8625.00 0.7440
8630.00 0.7381
8635.00 0.7374
8640.00 0.7279
8645.00 0.7275
8650.00 0.7264
8655.00 0.7349
8660.00 0.7329
8665.00 0.7447
8670.00 0.7468
8675.00 0.7570
8680.00 0.7740
8685.00 0.7929
8690.00 0.8133
8695.00 0.8314
8700.00 0.8462
8705.00 0.8663
8710.00 0.8856
8715.00 0.8696
8720.00 0.8719
8725.00 0.8410
8730.00 0.8087
8735.00 0.7485
8740.00 0.6825
8745.00 0.6067
8750.00 0.5246
8755.00 0.4536
8760.00 0.3845
8765.00 0.3187
8770.00 0.2664
8775.00 0.2196
8780.00 0.1815
8785.00 0.1466
8790.00 0.1227
8795.00 0.1024
8800.00 0.0834
8805.00 0.0685
8810.00 0.0579
8815.00 0.0496
8820.00 0.0421
8825.00 0.0364
8830.00 0.0296
8835.00 0.0246
8840.00 0.0229
8845.00 0.0195
8850.00 0.0157
8855.00 0.0136
8860.00 0.0132
8865.00 0.0110
8870.00 0.0102
8875.00 0.0080
8880.00 0.0082
8885.00 0.0067
8890.00 0.0062
8895.00 0.0053
8900.00 0.0045
8905.00 0.0040
8910.00 0.0031
8915.00 0.0027
8920.00 0.0021
8925.00 0.0024
8930.00 0.0025
8935.00 0.0018
8940.00 0.0028
8945.00 0.0014
8950.00 0.0015
8955.00 0.0018
8960.00 0.0012
8965.00 0.0014
8970.00 0.0009
8975.00 0.0009
8980.00 0.0012
8985.00 0.0010
8990.00 0.0005
8995.00 0.0002
9000.00 0.0004
