4650.00 0.0010
4650.20 0.0010
4650.40 0.0010
4650.60 0.0010
4650.80 0.0010
4651.00 0.0010
4651.20 0.0010
4651.40 0.0010
4651.60 0.0010
4651.80 0.0010
4652.00 0.0010
4652.20 0.0010
4652.40 0.0010
4652.60 0.0010
4652.80 0.0011
4653.00 0.0011
4653.20 0.0011
4653.40 0.0011
4653.60 0.0011
4653.80 0.0011
4654.00 0.0011
4654.20 0.0011
4654.40 0.0011
4654.60 0.0011
4654.80 0.0011
4655.00 0.0011
4655.20 0.0011
4655.40 0.0011
4655.60 0.0011
4655.80 0.0012
4656.00 0.0012
4656.20 0.0012
4656.40 0.0012
4656.60 0.0012
4656.80 0.0012
4657.00 0.0012
4657.20 0.0012
4657.40 0.0012
4657.60 0.0012
4657.80 0.0012
4658.00 0.0012
4658.20 0.0012
4658.40 0.0012
4658.60 0.0013
4658.80 0.0013
4659.00 0.0013
4659.20 0.0013
4659.40 0.0013
4659.60 0.0013
4659.80 0.0013
4660.00 0.0013
4660.20 0.0013
4660.40 0.0013
4660.60 0.0013
4660.80 0.0013
4661.00 0.0014
4661.20 0.0014
4661.40 0.0014
4661.60 0.0014
4661.80 0.0014
4662.00 0.0014
4662.20 0.0014
4662.40 0.0014
4662.60 0.0014
4662.80 0.0014
4663.00 0.0014
4663.20 0.0015
4663.40 0.0015
4663.60 0.0015
4663.80 0.0015
4664.00 0.0015
4664.20 0.0015
4664.40 0.0015
4664.60 0.0015
4664.80 0.0015
4665.00 0.0015
4665.20 0.0015
4665.40 0.0016
4665.60 0.0016
4665.80 0.0016
4666.00 0.0016
4666.20 0.0016
4666.40 0.0016
4666.60 0.0016
4666.80 0.0016
4667.00 0.0016
4667.20 0.0017
4667.40 0.0017
4667.60 0.0017
4667.80 0.0017
4668.00 0.0017
4668.20 0.0017
4668.40 0.0017
4668.60 0.0017
4668.80 0.0017
4669.00 0.0018
4669.20 0.0018
4669.40 0.0018
4669.60 0.0018
4669.80 0.0018
4670.00 0.0018
4670.20 0.0018
4670.40 0.0018
4670.60 0.0018
4670.80 0.0019
4671.00 0.0019
4671.20 0.0019
4671.40 0.0019
4671.60 0.0019
4671.80 0.0019
4672.00 0.0019
4672.20 0.0019
4672.40 0.0020
4672.60 0.0020
4672.80 0.0020
4673.00 0.0020
4673.20 0.0020
4673.40 0.0020
4673.60 0.0020
4673.80 0.0021
4674.00 0.0021
4674.20 0.0021
4674.40 0.0021
4674.60 0.0021
4674.80 0.0021
4675.00 0.0021
4675.20 0.0022
4675.40 0.0022
4675.60 0.0022
4675.80 0.0022
4676.00 0.0022
4676.20 0.0022
4676.40 0.0022
4676.60 0.0023
4676.80 0.0023
4677.00 0.0023
4677.20 0.0023
4677.40 0.0023
4677.60 0.0023
4677.80 0.0023
4678.00 0.0024
4678.20 0.0024
4678.40 0.0024
4678.60 0.0024
4678.80 0.0025
4679.00 0.0025
4679.20 0.0025
4679.40 0.0025
4679.60 0.0025
4679.80 0.0025
4680.00 0.0025
4680.20 0.0026
4680.40 0.0026
4680.60 0.0026
4680.80 0.0026
4681.00 0.0026
4681.20 0.0027
4681.40 0.0027
4681.60 0.0027
4681.80 0.0027
4682.00 0.0027
4682.20 0.0028
4682.40 0.0028
4682.60 0.0028
4682.80 0.0028
4683.00 0.0028
4683.20 0.0029
4683.40 0.0029
4683.60 0.0029
4683.80 0.0029
4684.00 0.0029
4684.20 0.0030
4684.40 0.0030
4684.60 0.0030
4684.80 0.0030
4685.00 0.0031
4685.20 0.0031
4685.40 0.0031
4685.60 0.0031
4685.80 0.0031
4686.00 0.0032
4686.20 0.0032
4686.40 0.0032
4686.60 0.0033
4686.80 0.0033
4687.00 0.0033
4687.20 0.0033
4687.40 0.0033
4687.60 0.0034
4687.80 0.0034
4688.00 0.0034
4688.20 0.0034
4688.40 0.0035
4688.60 0.0035
4688.80 0.0035
4689.00 0.0035
4689.20 0.0036
4689.40 0.0036
4689.60 0.0036
4689.80 0.0036
4690.00 0.0037
4690.20 0.0037
4690.40 0.0037
4690.60 0.0038
4690.80 0.0038
4691.00 0.0038
4691.20 0.0039
4691.40 0.0039
4691.60 0.0039
4691.80 0.0039
4692.00 0.0040
4692.20 0.0040
4692.40 0.0040
4692.60 0.0040
4692.80 0.0041
4693.00 0.0041
4693.20 0.0042
4693.40 0.0042
4693.60 0.0042
4693.80 0.0043
4694.00 0.0043
4694.20 0.0043
4694.40 0.0044
4694.60 0.0044
4694.80 0.0044
4695.00 0.0045
4695.20 0.0045
4695.40 0.0045
4695.60 0.0046
4695.80 0.0046
4696.00 0.0046
4696.20 0.0047
4696.40 0.0047
4696.60 0.0048
4696.80 0.0048
4697.00 0.0049
4697.20 0.0049
4697.40 0.0049
4697.60 0.0050
4697.80 0.0050
4698.00 0.0050
4698.20 0.0051
4698.40 0.0051
4698.60 0.0052
4698.80 0.0052
4699.00 0.0053
4699.20 0.0053
4699.40 0.0053
4699.60 0.0054
4699.80 0.0054
4700.00 0.0055
4700.20 0.0055
4700.40 0.0056
4700.60 0.0056
4700.80 0.0057
4701.00 0.0057
4701.20 0.0058
4701.40 0.0058
4701.60 0.0058
4701.80 0.0059
4702.00 0.0059
4702.20 0.0060
4702.40 0.0061
4702.60 0.0061
4702.80 0.0062
4703.00 0.0062
4703.20 0.0063
4703.40 0.0063
4703.60 0.0063
4703.80 0.0064
4704.00 0.0064
4704.20 0.0065
4704.40 0.0066
4704.60 0.0066
4704.80 0.0067
4705.00 0.0067
4705.20 0.0068
4705.40 0.0068
4705.60 0.0069
4705.80 0.0069
4706.00 0.0070
4706.20 0.0071
4706.40 0.0071
4706.60 0.0072
4706.80 0.0073
4707.00 0.0073
4707.20 0.0074
4707.40 0.0074
4707.60 0.0075
4707.80 0.0076
4708.00 0.0076
4708.20 0.0077
4708.40 0.0078
4708.60 0.0078
4708.80 0.0079
4709.00 0.0080
4709.20 0.0081
4709.40 0.0081
4709.60 0.0082
4709.80 0.0082
4710.00 0.0084
4710.20 0.0084
4710.40 0.0085
4710.60 0.0085
4710.80 0.0087
4711.00 0.0087
4711.20 0.0088
4711.40 0.0088
4711.60 0.0089
4711.80 0.0090
4712.00 0.0091
4712.20 0.0092
4712.40 0.0092
4712.60 0.0093
4712.80 0.0094
4713.00 0.0095
4713.20 0.0096
4713.40 0.0096
4713.60 0.0097
4713.80 0.0098
4714.00 0.0099
4714.20 0.0100
4714.40 0.0101
4714.60 0.0102
4714.80 0.0103
4715.00 0.0104
4715.20 0.0106
4715.40 0.0105
4715.60 0.0107
4715.80 0.0107
4716.00 0.0108
4716.20 0.0109
4716.40 0.0111
4716.60 0.0111
4716.80 0.0113
4717.00 0.0113
4717.20 0.0115
4717.40 0.0116
4717.60 0.0117
4717.80 0.0118
4718.00 0.0119
4718.20 0.0121
4718.40 0.0122
4718.60 0.0122
4718.80 0.0124
4719.00 0.0125
4719.20 0.0126
4719.40 0.0127
4719.60 0.0128
4719.80 0.0129
4720.00 0.0131
4720.20 0.0131
4720.40 0.0133
4720.60 0.0134
4720.80 0.0135
4721.00 0.0136
4721.20 0.0138
4721.40 0.0139
4721.60 0.0140
4721.80 0.0142
4722.00 0.0143
4722.20 0.0144
4722.40 0.0146
4722.60 0.0147
4722.80 0.0149
4723.00 0.0150
4723.20 0.0152
4723.40 0.0153
4723.60 0.0155
4723.80 0.0156
4724.00 0.0157
4724.20 0.0159
4724.40 0.0161
4724.60 0.0162
4724.80 0.0164
4725.00 0.0166
4725.20 0.0168
4725.40 0.0168
4725.60 0.0170
4725.80 0.0172
4726.00 0.0174
4726.20 0.0176
4726.40 0.0178
4726.60 0.0179
4726.80 0.0181
4727.00 0.0182
4727.20 0.0185
4727.40 0.0186
4727.60 0.0188
4727.80 0.0189
4728.00 0.0191
4728.20 0.0193
4728.40 0.0196
4728.60 0.0197
4728.80 0.0199
4729.00 0.0201
4729.20 0.0204
4729.40 0.0204
4729.60 0.0208
4729.80 0.0208
4730.00 0.0212
4730.20 0.0213
4730.40 0.0216
4730.60 0.0217
4730.80 0.0220
4731.00 0.0221
4731.20 0.0225
4731.40 0.0226
4731.60 0.0228
4731.80 0.0230
4732.00 0.0233
4732.20 0.0235
4732.40 0.0238
4732.60 0.0240
4732.80 0.0243
4733.00 0.0244
4733.20 0.0249
4733.40 0.0250
4733.60 0.0253
4733.80 0.0255
4734.00 0.0258
4734.20 0.0261
4734.40 0.0264
4734.60 0.0266
4734.80 0.0269
4735.00 0.0273
4735.20 0.0276
4735.40 0.0277
4735.60 0.0280
4735.80 0.0283
4736.00 0.0285
4736.20 0.0289
4736.40 0.0292
4736.60 0.0294
4736.80 0.0298
4737.00 0.0300
4737.20 0.0305
4737.40 0.0306
4737.60 0.0310
4737.80 0.0313
4738.00 0.0316
4738.20 0.0320
4738.40 0.0324
4738.60 0.0327
4738.80 0.0331
4739.00 0.0334
4739.20 0.0340
4739.40 0.0340
4739.60 0.0345
4739.80 0.0347
4740.00 0.0353
4740.20 0.0355
4740.40 0.0360
4740.60 0.0362
4740.80 0.0368
4741.00 0.0370
4741.20 0.0376
4741.40 0.0377
4741.60 0.0383
4741.80 0.0387
4742.00 0.0391
4742.20 0.0396
4742.40 0.0401
4742.60 0.0405
4742.80 0.0411
4743.00 0.0413
4743.20 0.0420
4743.40 0.0420
4743.60 0.0426
4743.80 0.0430
4744.00 0.0434
4744.20 0.0439
4744.40 0.0444
4744.60 0.0448
4744.80 0.0453
4745.00 0.0459
4745.20 0.0465
4745.40 0.0466
4745.60 0.0473
4745.80 0.0478
4746.00 0.0483
4746.20 0.0488
4746.40 0.0495
4746.60 0.0499
4746.80 0.0507
4747.00 0.0510
4747.20 0.0520
4747.40 0.0520
4747.60 0.0528
4747.80 0.0532
4748.00 0.0537
4748.20 0.0544
4748.40 0.0552
4748.60 0.0555
4748.80 0.0563
4749.00 0.0567
4749.20 0.0578
4749.40 0.0580
4749.60 0.0590
4749.80 0.0592
4750.00 0.0604
4750.20 0.0609
4750.40 0.0618
4750.60 0.0622
4750.80 0.0631
4751.00 0.0634
4751.20 0.0648
4751.40 0.0648
4751.60 0.0657
4751.80 0.0662
4752.00 0.0669
4752.20 0.0678
4752.40 0.0687
4752.60 0.0691
4752.80 0.0701
4753.00 0.0706
4753.20 0.0719
4753.40 0.0720
4753.60 0.0731
4753.80 0.0738
4754.00 0.0745
4754.20 0.0755
4754.40 0.0767
4754.60 0.0773
4754.80 0.0782
4755.00 0.0793
4755.20 0.0804
4755.40 0.0806
4755.60 0.0818
4755.80 0.0824
4756.00 0.0833
4756.20 0.0844
4756.40 0.0856
4756.60 0.0861
4756.80 0.0873
4757.00 0.0880
4757.20 0.0898
4757.40 0.0899
4757.60 0.0912
4757.80 0.0922
4758.00 0.0932
4758.20 0.0944
4758.40 0.0959
4758.60 0.0965
4758.80 0.0981
4759.00 0.0987
4759.20 0.1004
4759.40 0.1005
4759.60 0.1022
4759.80 0.1024
4760.00 0.1046
4760.20 0.1052
4760.40 0.1066
4760.60 0.1073
4760.80 0.1090
4761.00 0.1096
4761.20 0.1118
4761.40 0.1120
4761.60 0.1135
4761.80 0.1146
4762.00 0.1160
4762.20 0.1174
4762.40 0.1192
4762.60 0.1199
4762.80 0.1218
4763.00 0.1226
4763.20 0.1250
4763.40 0.1251
4763.60 0.1270
4763.80 0.1281
4764.00 0.1294
4764.20 0.1310
4764.40 0.1328
4764.60 0.1337
4764.80 0.1355
4765.00 0.1373
4765.20 0.1393
4765.40 0.1395
4765.60 0.1415
4765.80 0.1430
4766.00 0.1445
4766.20 0.1465
4766.40 0.1484
4766.60 0.1497
4766.80 0.1521
4767.00 0.1528
4767.20 0.1555
4767.40 0.1557
4767.60 0.1579
4767.80 0.1592
4768.00 0.1610
4768.20 0.1628
4768.40 0.1650
4768.60 0.1660
4768.80 0.1682
4769.00 0.1697
4769.20 0.1724
4769.40 0.1725
4769.60 0.1754
4769.80 0.1761
4770.00 0.1797
4770.20 0.1806
4770.40 0.1833
4770.60 0.1842
4770.80 0.1873
4771.00 0.1884
4771.20 0.1915
4771.40 0.1919
4771.60 0.1947
4771.80 0.1960
4772.00 0.1981
4772.20 0.2006
4772.40 0.2029
4772.60 0.2041
4772.80 0.2073
4773.00 0.2084
4773.20 0.2120
4773.40 0.2123
4773.60 0.2153
4773.80 0.2171
4774.00 0.2196
4774.20 0.2221
4774.40 0.2247
4774.60 0.2267
4774.80 0.2288
4775.00 0.2319
4775.20 0.2343
4775.40 0.2347
4775.60 0.2377
4775.80 0.2398
4776.00 0.2416
4776.20 0.2441
4776.40 0.2473
4776.60 0.2485
4776.80 0.2517
4777.00 0.2530
4777.20 0.2570
4777.40 0.2573
4777.60 0.2609
4777.80 0.2628
4778.00 0.2653
4778.20 0.2682
4778.40 0.2713
4778.60 0.2727
4778.80 0.2764
4779.00 0.2780
4779.20 0.2823
4779.40 0.2828
4779.60 0.2866
4779.80 0.2876
4780.00 0.2919
4780.20 0.2935
4780.40 0.2969
4780.60 0.2982
4780.80 0.3022
4781.00 0.3038
4781.20 0.3082
4781.40 0.3085
4781.60 0.3123
4781.80 0.3146
4782.00 0.3178
4782.20 0.3207
4782.40 0.3241
4782.60 0.3262
4782.80 0.3294
4783.00 0.3315
4783.20 0.3351
4783.40 0.3360
4783.60 0.3396
4783.80 0.3420
4784.00 0.3447
4784.20 0.3471
4784.40 0.3505
4784.60 0.3528
4784.80 0.3553
4785.00 0.3592
4785.20 0.3625
4785.40 0.3628
4785.60 0.3669
4785.80 0.3692
4786.00 0.3719
4786.20 0.3751
4786.40 0.3783
4786.60 0.3801
4786.80 0.3845
4787.00 0.3867
4787.20 0.3907
4787.40 0.3912
4787.60 0.3950
4787.80 0.3970
4788.00 0.4000
4788.20 0.4033
4788.40 0.4068
4788.60 0.4082
4788.80 0.4126
4789.00 0.4142
4789.20 0.4189
4789.40 0.4192
4789.60 0.4236
4789.80 0.4256
4790.00 0.4304
4790.20 0.4321
4790.40 0.4360
4790.60 0.4379
4790.80 0.4418
4791.00 0.4434
4791.20 0.4479
4791.40 0.4481
4791.60 0.4514
4791.80 0.4544
4792.00 0.4568
4792.20 0.4598
4792.40 0.4633
4792.60 0.4647
4792.80 0.4687
4793.00 0.4705
4793.20 0.4750
4793.40 0.4753
4793.60 0.4790
4793.80 0.4816
4794.00 0.4842
4794.20 0.4879
4794.40 0.4909
4794.60 0.4928
4794.80 0.4964
4795.00 0.4993
4795.20 0.5027
4795.40 0.5039
4795.60 0.5070
4795.80 0.5088
4796.00 0.5117
4796.20 0.5146
4796.40 0.5177
4796.60 0.5197
4796.80 0.5234
4797.00 0.5249
4797.20 0.5296
4797.40 0.5302
4797.60 0.5330
4797.80 0.5356
4798.00 0.5389
4798.20 0.5415
4798.40 0.5448
4798.60 0.5467
4798.80 0.5494
4799.00 0.5515
4799.20 0.5554
4799.40 0.5553
4799.60 0.5592
4799.80 0.5603
4800.00 0.5649
4800.20 0.5660
4800.40 0.5690
4800.60 0.5699
4800.80 0.5737
4801.00 0.5751
4801.20 0.5781
4801.40 0.5791
4801.60 0.5821
4801.80 0.5837
4802.00 0.5869
4802.20 0.5895
4802.40 0.5918
4802.60 0.5934
4802.80 0.5976
4803.00 0.5982
4803.20 0.6021
4803.40 0.6024
4803.60 0.6049
4803.80 0.6073
4804.00 0.6092
4804.20 0.6116
4804.40 0.6138
4804.60 0.6161
4804.80 0.6178
4805.00 0.6208
4805.20 0.6237
4805.40 0.6235
4805.60 0.6268
4805.80 0.6293
4806.00 0.6302
4806.20 0.6329
4806.40 0.6357
4806.60 0.6368
4806.80 0.6394
4807.00 0.6408
4807.20 0.6431
4807.40 0.6438
4807.60 0.6466
4807.80 0.6471
4808.00 0.6494
4808.20 0.6518
4808.40 0.6537
4808.60 0.6547
4808.80 0.6574
4809.00 0.6581
4809.20 0.6612
4809.40 0.6619
4809.60 0.6644
4809.80 0.6646
4810.00 0.6685
4810.20 0.6687
4810.40 0.6713
4810.60 0.6728
4810.80 0.6748
4811.00 0.6756
4811.20 0.6790
4811.40 0.6786
4811.60 0.6810
4811.80 0.6826
4812.00 0.6836
4812.20 0.6851
4812.40 0.6877
4812.60 0.6878
4812.80 0.6899
4813.00 0.6917
4813.20 0.6940
4813.40 0.6937
4813.60 0.6966
4813.80 0.6973
4814.00 0.6984
4814.20 0.7007
4814.40 0.7025
4814.60 0.7027
4814.80 0.7049
4815.00 0.7067
4815.20 0.7077
4815.40 0.7086
4815.60 0.7100
4815.80 0.7107
4816.00 0.7119
4816.20 0.7140
4816.40 0.7146
4816.60 0.7161
4816.80 0.7182
4817.00 0.7178
4817.20 0.7204
4817.40 0.7203
4817.60 0.7218
4817.80 0.7228
4818.00 0.7240
4818.20 0.7250
4818.40 0.7272
4818.60 0.7278
4818.80 0.7288
4819.00 0.7296
4819.20 0.7323
4819.40 0.7315
4819.60 0.7338
4819.80 0.7340
4820.00 0.7351
4820.20 0.7363
4820.40 0.7380
4820.60 0.7375
4820.80 0.7391
4821.00 0.7397
4821.20 0.7411
4821.40 0.7417
4821.60 0.7435
4821.80 0.7432
4822.00 0.7449
4822.20 0.7458
4822.40 0.7467
4822.60 0.7471
4822.80 0.7491
4823.00 0.7492
4823.20 0.7498
4823.40 0.7511
4823.60 0.7511
4823.80 0.7520
4824.00 0.7536
4824.20 0.7537
4824.40 0.7546
4824.60 0.7561
4824.80 0.7564
4825.00 0.7575
4825.20 0.7586
4825.40 0.7585
4825.60 0.7595
4825.80 0.7606
4826.00 0.7613
4826.20 0.7617
4826.40 0.7637
4826.60 0.7634
4826.80 0.7641
4827.00 0.7648
4827.20 0.7658
4827.40 0.7657
4827.60 0.7674
4827.80 0.7677
4828.00 0.7676
4828.20 0.7694
4828.40 0.7701
4828.60 0.7698
4828.80 0.7715
4829.00 0.7717
4829.20 0.7720
4829.40 0.7727
4829.60 0.7735
4829.80 0.7734
4830.00 0.7754
4830.20 0.7755
4830.40 0.7754
4830.60 0.7761
4830.80 0.7771
4831.00 0.7772
4831.20 0.7783
4831.40 0.7779
4831.60 0.7785
4831.80 0.7795
4832.00 0.7800
4832.20 0.7799
4832.40 0.7805
4832.60 0.7817
4832.80 0.7816
4833.00 0.7817
4833.20 0.7834
4833.40 0.7828
4833.60 0.7840
4833.80 0.7843
4834.00 0.7837
4834.20 0.7847
4834.40 0.7866
4834.60 0.7860
4834.80 0.7859
4835.00 0.7870
4835.20 0.7875
4835.40 0.7878
4835.60 0.7887
4835.80 0.7883
4836.00 0.7889
4836.20 0.7901
4836.40 0.7898
4836.60 0.7903
4836.80 0.7917
4837.00 0.7907
4837.20 0.7907
4837.40 0.7923
4837.60 0.7927
4837.80 0.7923
4838.00 0.7940
4838.20 0.7932
4838.40 0.7935
4838.60 0.7942
4838.80 0.7943
4839.00 0.7943
4839.20 0.7959
4839.40 0.7954
4839.60 0.7948
4839.80 0.7963
4840.00 0.7962
4840.20 0.7964
4840.40 0.7972
4840.60 0.7967
4840.80 0.7970
4841.00 0.7983
4841.20 0.7978
4841.40 0.7977
4841.60 0.7984
4841.80 0.7984
4842.00 0.7986
4842.20 0.7995
4842.40 0.7994
4842.60 0.7990
4842.80 0.8000
4843.00 0.8000
4843.20 0.8000
4843.40 0.8008
4843.60 0.8000
4843.80 0.7999
4844.00 0.8016
4844.20 0.8013
4844.40 0.8008
4844.60 0.8015
4844.80 0.8012
4845.00 0.8018
4845.20 0.8029
4845.40 0.8024
4845.60 0.8011
4845.80 0.8025
4846.00 0.8031
4846.20 0.8026
4846.40 0.8037
4846.60 0.8035
4846.80 0.8027
4847.00 0.8036
4847.20 0.8045
4847.40 0.8035
4847.60 0.8035
4847.80 0.8039
4848.00 0.8040
4848.20 0.8042
4848.40 0.8052
4848.60 0.8047
4848.80 0.8042
4849.00 0.8051
4849.20 0.8043
4849.40 0.8051
4849.60 0.8057
4849.80 0.8047
4850.00 0.8055
4850.20 0.8064
4850.40 0.8054
4850.60 0.8050
4850.80 0.8056
4851.00 0.8054
4851.20 0.8053
4851.40 0.8067
4851.60 0.8054
4851.80 0.8060
4852.00 0.8066
4852.20 0.8058
4852.40 0.8064
4852.60 0.8069
4852.80 0.8062
4853.00 0.8061
4853.20 0.8074
4853.40 0.8066
4853.60 0.8060
4853.80 0.8074
4854.00 0.8064
4854.20 0.8064
4854.40 0.8074
4854.60 0.8070
4854.80 0.8062
4855.00 0.8073
4855.20 0.8075
4855.40 0.8068
4855.60 0.8075
4855.80 0.8071
4856.00 0.8073
4856.20 0.8079
4856.40 0.8068
4856.60 0.8064
4856.80 0.8075
4857.00 0.8079
4857.20 0.8066
4857.40 0.8082
4857.60 0.8076
4857.80 0.8069
4858.00 0.8078
4858.20 0.8079
4858.40 0.8069
4858.60 0.8077
4858.80 0.8078
4859.00 0.8064
4859.20 0.8075
4859.40 0.8077
4859.60 0.8068
4859.80 0.8075
4860.00 0.8078
4860.20 0.8072
4860.40 0.8070
4860.60 0.8074
4860.80 0.8062
4861.00 0.8074
4861.20 0.8077
4861.40 0.8063
4861.60 0.8072
4861.80 0.8072
4862.00 0.8065
4862.20 0.8065
4862.40 0.8075
4862.60 0.8065
4862.80 0.8063
4863.00 0.8074
4863.20 0.8061
4863.40 0.8068
4863.60 0.8071
4863.80 0.8061
4864.00 0.8065
4864.20 0.8066
4864.40 0.8061
4864.60 0.8062
4864.80 0.8071
4865.00 0.8054
4865.20 0.8055
4865.40 0.8070
4865.60 0.8060
4865.80 0.8064
4866.00 0.8071
4866.20 0.8061
4866.40 0.8060
4866.60 0.8071
4866.80 0.8065
4867.00 0.8055
4867.20 0.8060
4867.40 0.8062
4867.60 0.8059
4867.80 0.8069
4868.00 0.8054
4868.20 0.8057
4868.40 0.8067
4868.60 0.8062
4868.80 0.8057
4869.00 0.8060
4869.20 0.8058
4869.40 0.8049
4869.60 0.8061
4869.80 0.8063
4870.00 0.8054
4870.20 0.8060
4870.40 0.8054
4870.60 0.8050
4870.80 0.8063
4871.00 0.8056
4871.20 0.8046
4871.40 0.8052
4871.60 0.8050
4871.80 0.8047
4872.00 0.8056
4872.20 0.8054
4872.40 0.8042
4872.60 0.8046
4872.80 0.8047
4873.00 0.8037
4873.20 0.8040
4873.40 0.8042
4873.60 0.8035
4873.80 0.8032
4874.00 0.8036
4874.20 0.8033
4874.40 0.8035
4874.60 0.8035
4874.80 0.8021
4875.00 0.8025
4875.20 0.8031
4875.40 0.8026
4875.60 0.8022
4875.80 0.8024
4876.00 0.8019
4876.20 0.8022
4876.40 0.8022
4876.60 0.8010
4876.80 0.8014
4877.00 0.8022
4877.20 0.8011
4877.40 0.8012
4877.60 0.8006
4877.80 0.8007
4878.00 0.8001
4878.20 0.8012
4878.40 0.8002
4878.60 0.8000
4878.80 0.8003
4879.00 0.8000
4879.20 0.7992
4879.40 0.8002
4879.60 0.7994
4879.80 0.7991
4880.00 0.7994
4880.20 0.7986
4880.40 0.7984
4880.60 0.7992
4880.80 0.7982
4881.00 0.7970
4881.20 0.7980
4881.40 0.7970
4881.60 0.7964
4881.80 0.7968
4882.00 0.7962
4882.20 0.7957
4882.40 0.7958
4882.60 0.7958
4882.80 0.7942
4883.00 0.7950
4883.20 0.7946
4883.40 0.7939
4883.60 0.7939
4883.80 0.7932
4884.00 0.7919
4884.20 0.7930
4884.40 0.7924
4884.60 0.7910
4884.80 0.7915
4885.00 0.7906
4885.20 0.7894
4885.40 0.7900
4885.60 0.7898
4885.80 0.7881
4886.00 0.7885
4886.20 0.7879
4886.40 0.7861
4886.60 0.7865
4886.80 0.7851
4887.00 0.7847
4887.20 0.7844
4887.40 0.7840
4887.60 0.7827
4887.80 0.7822
4888.00 0.7824
4888.20 0.7804
4888.40 0.7805
4888.60 0.7800
4888.80 0.7781
4889.00 0.7789
4889.20 0.7781
4889.40 0.7772
4889.60 0.7762
4889.80 0.7764
4890.00 0.7742
4890.20 0.7741
4890.40 0.7733
4890.60 0.7720
4890.80 0.7713
4891.00 0.7710
4891.20 0.7690
4891.40 0.7686
4891.60 0.7685
4891.80 0.7673
4892.00 0.7661
4892.20 0.7661
4892.40 0.7634
4892.60 0.7625
4892.80 0.7627
4893.00 0.7608
4893.20 0.7594
4893.40 0.7595
4893.60 0.7575
4893.80 0.7557
4894.00 0.7552
4894.20 0.7534
4894.40 0.7514
4894.60 0.7519
4894.80 0.7495
4895.00 0.7476
4895.20 0.7461
4895.40 0.7461
4895.60 0.7442
4895.80 0.7438
4896.00 0.7416
4896.20 0.7395
4896.40 0.7386
4896.60 0.7377
4896.80 0.7347
4897.00 0.7351
4897.20 0.7323
4897.40 0.7307
4897.60 0.7299
4897.80 0.7282
4898.00 0.7253
4898.20 0.7245
4898.40 0.7225
4898.60 0.7203
4898.80 0.7186
4899.00 0.7173
4899.20 0.7130
4899.40 0.7140
4899.60 0.7113
4899.80 0.7095
4900.00 0.7069
4900.20 0.7055
4900.40 0.7024
4900.60 0.7025
4900.80 0.6989
4901.00 0.6969
4901.20 0.6939
4901.40 0.6937
4901.60 0.6897
4901.80 0.6886
4902.00 0.6869
4902.20 0.6832
4902.40 0.6809
4902.60 0.6795
4902.80 0.6757
4903.00 0.6750
4903.20 0.6712
4903.40 0.6704
4903.60 0.6674
4903.80 0.6663
4904.00 0.6623
4904.20 0.6607
4904.40 0.6579
4904.60 0.6549
4904.80 0.6527
4905.00 0.6504
4905.20 0.6463
4905.40 0.6460
4905.60 0.6430
4905.80 0.6401
4906.00 0.6374
4906.20 0.6346
4906.40 0.6307
4906.60 0.6296
4906.80 0.6261
4907.00 0.6229
4907.20 0.6192
4907.40 0.6187
4907.60 0.6146
4907.80 0.6126
4908.00 0.6104
4908.20 0.6063
4908.40 0.6028
4908.60 0.6016
4908.80 0.5968
4909.00 0.5945
4909.20 0.5907
4909.40 0.5892
4909.60 0.5843
4909.80 0.5839
4910.00 0.5777
4910.20 0.5757
4910.40 0.5723
4910.60 0.5701
4910.80 0.5655
4911.00 0.5645
4911.20 0.5588
4911.40 0.5578
4911.60 0.5547
4911.80 0.5515
4912.00 0.5481
4912.20 0.5453
4912.40 0.5413
4912.60 0.5388
4912.80 0.5351
4913.00 0.5333
4913.20 0.5270
4913.40 0.5272
4913.60 0.5226
4913.80 0.5194
4914.00 0.5166
4914.20 0.5127
4914.40 0.5083
4914.60 0.5059
4914.80 0.5024
4915.00 0.4981
4915.20 0.4940
4915.40 0.4937
4915.60 0.4884
4915.80 0.4866
4916.00 0.4839
4916.20 0.4790
4916.40 0.4755
4916.60 0.4736
4916.80 0.4679
4917.00 0.4662
4917.20 0.4615
4917.40 0.4595
4917.60 0.4555
4917.80 0.4528
4918.00 0.4490
4918.20 0.4456
4918.40 0.4413
4918.60 0.4383
4918.80 0.4339
4919.00 0.4327
4919.20 0.4268
4919.40 0.4267
4919.60 0.4221
4919.80 0.4201
4920.00 0.4147
4920.20 0.4139
4920.40 0.4087
4920.60 0.4071
4920.80 0.4032
4921.00 0.4006
4921.20 0.3956
4921.40 0.3954
4921.60 0.3907
4921.80 0.3879
4922.00 0.3851
4922.20 0.3810
4922.40 0.3767
4922.60 0.3757
4922.80 0.3704
4923.00 0.3685
4923.20 0.3641
4923.40 0.3626
4923.60 0.3587
4923.80 0.3567
4924.00 0.3535
4924.20 0.3495
4924.40 0.3469
4924.60 0.3442
4924.80 0.3402
4925.00 0.3372
4925.20 0.3331
4925.40 0.3320
4925.60 0.3285
4925.80 0.3254
4926.00 0.3224
4926.20 0.3194
4926.40 0.3155
4926.60 0.3129
4926.80 0.3098
4927.00 0.3076
4927.20 0.3029
4927.40 0.3028
4927.60 0.2991
4927.80 0.2963
4928.00 0.2944
4928.20 0.2911
4928.40 0.2874
4928.60 0.2863
4928.80 0.2826
4929.00 0.2801
4929.20 0.2766
4929.40 0.2760
4929.60 0.2713
4929.80 0.2708
4930.00 0.2661
4930.20 0.2640
4930.40 0.2606
4930.60 0.2594
4930.80 0.2554
4931.00 0.2540
4931.20 0.2501
4931.40 0.2492
4931.60 0.2463
4931.80 0.2444
4932.00 0.2415
4932.20 0.2392
4932.40 0.2364
4932.60 0.2345
4932.80 0.2314
4933.00 0.2300
4933.20 0.2259
4933.40 0.2254
4933.60 0.2225
4933.80 0.2200
4934.00 0.2182
4934.20 0.2155
4934.40 0.2125
4934.60 0.2108
4934.80 0.2088
4935.00 0.2058
4935.20 0.2035
4935.40 0.2034
4935.60 0.2003
4935.80 0.1985
4936.00 0.1969
4936.20 0.1946
4936.40 0.1921
4936.60 0.1913
4936.80 0.1882
4937.00 0.1870
4937.20 0.1842
4937.40 0.1835
4937.60 0.1809
4937.80 0.1795
4938.00 0.1774
4938.20 0.1750
4938.40 0.1730
4938.60 0.1717
4938.80 0.1689
4939.00 0.1682
4939.20 0.1649
4939.40 0.1649
4939.60 0.1626
4939.80 0.1617
4940.00 0.1583
4940.20 0.1576
4940.40 0.1555
4940.60 0.1544
4940.80 0.1523
4941.00 0.1513
4941.20 0.1482
4941.40 0.1482
4941.60 0.1460
4941.80 0.1444
4942.00 0.1432
4942.20 0.1413
4942.40 0.1391
4942.60 0.1384
4942.80 0.1365
4943.00 0.1352
4943.20 0.1331
4943.40 0.1330
4943.60 0.1309
4943.80 0.1299
4944.00 0.1286
4944.20 0.1270
4944.40 0.1255
4944.60 0.1245
4944.80 0.1230
4945.00 0.1214
4945.20 0.1201
4945.40 0.1196
4945.60 0.1180
4945.80 0.1171
4946.00 0.1156
4946.20 0.1143
4946.40 0.1128
4946.60 0.1119
4946.80 0.1103
4947.00 0.1096
4947.20 0.1075
4947.40 0.1074
4947.60 0.1060
4947.80 0.1050
4948.00 0.1039
4948.20 0.1028
4948.40 0.1013
4948.60 0.1007
4948.80 0.0994
4949.00 0.0984
4949.20 0.0968
4949.40 0.0967
4949.60 0.0950
4949.80 0.0945
4950.00 0.0929
4950.20 0.0921
4950.40 0.0908
4950.60 0.0903
4950.80 0.0888
4951.00 0.0883
4951.20 0.0870
4951.40 0.0868
4951.60 0.0854
4951.80 0.0850
4952.00 0.0839
4952.20 0.0830
4952.40 0.0821
4952.60 0.0815
4952.80 0.0802
4953.00 0.0799
4953.20 0.0785
4953.40 0.0782
4953.60 0.0772
4953.80 0.0766
4954.00 0.0757
4954.20 0.0750
4954.40 0.0740
4954.60 0.0732
4954.80 0.0725
4955.00 0.0715
4955.20 0.0705
4955.40 0.0705
4955.60 0.0695
4955.80 0.0688
4956.00 0.0682
4956.20 0.0675
4956.40 0.0666
4956.60 0.0661
4956.80 0.0654
4957.00 0.0648
4957.20 0.0638
4957.40 0.0637
4957.60 0.0626
4957.80 0.0622
4958.00 0.0615
4958.20 0.0607
4958.40 0.0600
4958.60 0.0597
4958.80 0.0587
4959.00 0.0584
4959.20 0.0576
4959.40 0.0573
4959.60 0.0566
4959.80 0.0563
4960.00 0.0553
4960.20 0.0551
4960.40 0.0544
4960.60 0.0540
4960.80 0.0533
4961.00 0.0531
4961.20 0.0521
4961.40 0.0520
4961.60 0.0513
4961.80 0.0509
4962.00 0.0503
4962.20 0.0499
4962.40 0.0492
4962.60 0.0489
4962.80 0.0482
4963.00 0.0478
4963.20 0.0470
4963.40 0.0471
4963.60 0.0464
4963.80 0.0460
4964.00 0.0457
4964.20 0.0451
4964.40 0.0446
4964.60 0.0443
4964.80 0.0438
4965.00 0.0432
4965.20 0.0428
4965.40 0.0426
4965.60 0.0421
4965.80 0.0417
4966.00 0.0413
4966.20 0.0408
4966.40 0.0404
4966.60 0.0400
4966.80 0.0395
4967.00 0.0393
4967.20 0.0387
4967.40 0.0386
4967.60 0.0382
4967.80 0.0379
4968.00 0.0375
4968.20 0.0373
4968.40 0.0368
4968.60 0.0365
4968.80 0.0361
4969.00 0.0358
4969.20 0.0353
4969.40 0.0353
4969.60 0.0348
4969.80 0.0345
4970.00 0.0340
4970.20 0.0339
4970.40 0.0334
4970.60 0.0332
4970.80 0.0328
4971.00 0.0325
4971.20 0.0321
4971.40 0.0321
4971.60 0.0316
4971.80 0.0315
4972.00 0.0312
4972.20 0.0308
4972.40 0.0305
4972.60 0.0303
4972.80 0.0299
4973.00 0.0297
4973.20 0.0294
4973.40 0.0292
4973.60 0.0288
4973.80 0.0286
4974.00 0.0283
4974.20 0.0280
4974.40 0.0278
4974.60 0.0275
4974.80 0.0272
4975.00 0.0270
4975.20 0.0267
4975.40 0.0266
4975.60 0.0263
4975.80 0.0261
4976.00 0.0259
4976.20 0.0257
4976.40 0.0254
4976.60 0.0252
4976.80 0.0250
4977.00 0.0248
4977.20 0.0245
4977.40 0.0244
4977.60 0.0242
4977.80 0.0240
4978.00 0.0238
4978.20 0.0235
4978.40 0.0233
4978.60 0.0232
4978.80 0.0229
4979.00 0.0227
4979.20 0.0224
4979.40 0.0224
4979.60 0.0221
4979.80 0.0221
4980.00 0.0217
4980.20 0.0216
4980.40 0.0214
4980.60 0.0212
4980.80 0.0209
4981.00 0.0209
4981.20 0.0206
4981.40 0.0205
4981.60 0.0203
4981.80 0.0201
4982.00 0.0200
4982.20 0.0198
4982.40 0.0196
4982.60 0.0194
4982.80 0.0192
4983.00 0.0191
4983.20 0.0188
4983.40 0.0189
4983.60 0.0186
4983.80 0.0185
4984.00 0.0184
4984.20 0.0182
4984.40 0.0180
4984.60 0.0179
4984.80 0.0178
4985.00 0.0176
4985.20 0.0174
4985.40 0.0174
4985.60 0.0172
4985.80 0.0171
4986.00 0.0169
4986.20 0.0168
4986.40 0.0166
4986.60 0.0165
4986.80 0.0163
4987.00 0.0162
4987.20 0.0160
4987.40 0.0160
4987.60 0.0158
4987.80 0.0157
4988.00 0.0156
4988.20 0.0155
4988.40 0.0153
4988.60 0.0152
4988.80 0.0151
4989.00 0.0150
4989.20 0.0148
4989.40 0.0148
4989.60 0.0146
4989.80 0.0145
4990.00 0.0143
4990.20 0.0143
4990.40 0.0141
4990.60 0.0140
4990.80 0.0139
4991.00 0.0138
4991.20 0.0137
4991.40 0.0136
4991.60 0.0135
4991.80 0.0134
4992.00 0.0133
4992.20 0.0132
4992.40 0.0131
4992.60 0.0130
4992.80 0.0129
4993.00 0.0128
4993.20 0.0127
4993.40 0.0126
4993.60 0.0125
4993.80 0.0124
4994.00 0.0123
4994.20 0.0122
4994.40 0.0122
4994.60 0.0120
4994.80 0.0120
4995.00 0.0119
4995.20 0.0118
4995.40 0.0117
4995.60 0.0116
4995.80 0.0115
4996.00 0.0114
4996.20 0.0114
4996.40 0.0113
4996.60 0.0112
4996.80 0.0111
4997.00 0.0110
4997.20 0.0109
4997.40 0.0109
4997.60 0.0108
4997.80 0.0107
4998.00 0.0106
4998.20 0.0105
4998.40 0.0104
4998.60 0.0104
4998.80 0.0103
4999.00 0.0102
4999.20 0.0101
4999.40 0.0101
4999.60 0.0100
4999.80 0.0100
5000.00 0.0098
5000.20 0.0098
5000.40 0.0097
5000.60 0.0097
5000.80 0.0095
5001.00 0.0096
5001.20 0.0095
5001.40 0.0094
5001.60 0.0093
5001.80 0.0092
5002.00 0.0092
5002.20 0.0091
5002.40 0.0090
5002.60 0.0090
5002.80 0.0089
5003.00 0.0089
5003.20 0.0088
5003.40 0.0087
5003.60 0.0087
5003.80 0.0086
5004.00 0.0086
5004.20 0.0085
5004.40 0.0084
5004.60 0.0084
5004.80 0.0083
5005.00 0.0083
5005.20 0.0082
5005.40 0.0082
5005.60 0.0081
5005.80 0.0080
5006.00 0.0080
5006.20 0.0079
5006.40 0.0078
5006.60 0.0078
5006.80 0.0078
5007.00 0.0077
5007.20 0.0076
5007.40 0.0076
5007.60 0.0076
5007.80 0.0075
5008.00 0.0075
5008.20 0.0074
5008.40 0.0074
5008.60 0.0073
5008.80 0.0073
5009.00 0.0072
5009.20 0.0072
5009.40 0.0071
5009.60 0.0071
5009.80 0.0070
5010.00 0.0070
5010.20 0.0069
5010.40 0.0069
5010.60 0.0068
5010.80 0.0068
5011.00 0.0068
5011.20 0.0067
5011.40 0.0067
5011.60 0.0066
5011.80 0.0066
5012.00 0.0066
5012.20 0.0065
5012.40 0.0064
5012.60 0.0064
5012.80 0.0064
5013.00 0.0063
5013.20 0.0063
5013.40 0.0062
5013.60 0.0062
5013.80 0.0062
5014.00 0.0061
5014.20 0.0061
5014.40 0.0060
5014.60 0.0060
5014.80 0.0059
5015.00 0.0059
5015.20 0.0059
5015.40 0.0058
5015.60 0.0058
5015.80 0.0058
5016.00 0.0058
5016.20 0.0057
5016.40 0.0057
5016.60 0.0056
5016.80 0.0056
5017.00 0.0055
5017.20 0.0055
5017.40 0.0055
5017.60 0.0055
5017.80 0.0054
5018.00 0.0054
5018.20 0.0054
5018.40 0.0053
5018.60 0.0053
5018.80 0.0052
5019.00 0.0052
5019.20 0.0052
5019.40 0.0052
5019.60 0.0051
5019.80 0.0051
5020.00 0.0051
5020.20 0.0050
5020.40 0.0050
5020.60 0.0050
5020.80 0.0049
5021.00 0.0049
5021.20 0.0049
5021.40 0.0049
5021.60 0.0048
5021.80 0.0048
5022.00 0.0048
5022.20 0.0047
5022.40 0.0047
5022.60 0.0047
5022.80 0.0046
5023.00 0.0046
5023.20 0.0046
5023.40 0.0046
5023.60 0.0045
5023.80 0.0045
5024.00 0.0045
5024.20 0.0044
5024.40 0.0044
5024.60 0.0044
5024.80 0.0044
5025.00 0.0044
5025.20 0.0043
5025.40 0.0043
5025.60 0.0043
5025.80 0.0043
5026.00 0.0042
5026.20 0.0042
5026.40 0.0042
5026.60 0.0042
5026.80 0.0041
5027.00 0.0041
5027.20 0.0041
5027.40 0.0040
5027.60 0.0040
5027.80 0.0040
5028.00 0.0040
5028.20 0.0040
5028.40 0.0039
5028.60 0.0039
5028.80 0.0039
5029.00 0.0039
5029.20 0.0038
5029.40 0.0038
5029.60 0.0038
5029.80 0.0038
5030.00 0.0037
5030.20 0.0037
5030.40 0.0037
5030.60 0.0037
5030.80 0.0037
5031.00 0.0036
5031.20 0.0036
5031.40 0.0036
5031.60 0.0036
5031.80 0.0036
5032.00 0.0036
5032.20 0.0036
5032.40 0.0035
5032.60 0.0035
5032.80 0.0035
5033.00 0.0034
5033.20 0.0034
5033.40 0.0034
5033.60 0.0034
5033.80 0.0034
5034.00 0.0034
5034.20 0.0033
5034.40 0.0033
5034.60 0.0033
5034.80 0.0033
5035.00 0.0033
5035.20 0.0032
5035.40 0.0032
5035.60 0.0032
5035.80 0.0032
5036.00 0.0032
5036.20 0.0032
5036.40 0.0032
5036.60 0.0031
5036.80 0.0031
5037.00 0.0031
5037.20 0.0031
5037.40 0.0031
5037.60 0.0031
5037.80 0.0030
5038.00 0.0030
5038.20 0.0030
5038.40 0.0030
5038.60 0.0029
5038.80 0.0029
5039.00 0.0029
5039.20 0.0029
5039.40 0.0029
5039.60 0.0029
5039.80 0.0029
5040.00 0.0028
5040.20 0.0028
5040.40 0.0028
5040.60 0.0028
5040.80 0.0028
5041.00 0.0028
5041.20 0.0028
5041.40 0.0028
5041.60 0.0027
5041.80 0.0027
5042.00 0.0027
5042.20 0.0027
5042.40 0.0027
5042.60 0.0027
5042.80 0.0026
5043.00 0.0026
5043.20 0.0026
5043.40 0.0026
5043.60 0.0026
5043.80 0.0026
5044.00 0.0026
5044.20 0.0025
5044.40 0.0025
5044.60 0.0025
5044.80 0.0025
5045.00 0.0025
5045.20 0.0025
5045.40 0.0025
5045.60 0.0025
5045.80 0.0024
5046.00 0.0024
5046.20 0.0024
5046.40 0.0024
5046.60 0.0024
5046.80 0.0024
5047.00 0.0023
5047.20 0.0023
5047.40 0.0023
5047.60 0.0023
5047.80 0.0023
5048.00 0.0023
5048.20 0.0023
5048.40 0.0023
5048.60 0.0023
5048.80 0.0023
5049.00 0.0022
5049.20 0.0022
5049.40 0.0022
5049.60 0.0022
5049.80 0.0022
5050.00 0.0022
5050.20 0.0022
5050.40 0.0022
5050.60 0.0022
5050.80 0.0021
5051.00 0.0021
5051.20 0.0021
5051.40 0.0021
5051.60 0.0021
5051.80 0.0021
5052.00 0.0021
5052.20 0.0021
5052.40 0.0021
5052.60 0.0020
5052.80 0.0020
5053.00 0.0020
5053.20 0.0020
5053.40 0.0020
5053.60 0.0020
5053.80 0.0020
5054.00 0.0020
5054.20 0.0020
5054.40 0.0020
5054.60 0.0019
5054.80 0.0019
5055.00 0.0019
5055.20 0.0019
5055.40 0.0019
5055.60 0.0019
5055.80 0.0019
5056.00 0.0019
5056.20 0.0019
5056.40 0.0019
5056.60 0.0019
5056.80 0.0018
5057.00 0.0018
5057.20 0.0018
5057.40 0.0018
5057.60 0.0018
5057.80 0.0018
5058.00 0.0018
5058.20 0.0018
5058.40 0.0018
5058.60 0.0018
5058.80 0.0018
5059.00 0.0017
5059.20 0.0017
5059.40 0.0017
5059.60 0.0017
5059.80 0.0017
5060.00 0.0017
5060.20 0.0017
5060.40 0.0017
5060.60 0.0017
5060.80 0.0017
5061.00 0.0017
5061.20 0.0016
5061.40 0.0017
5061.60 0.0016
5061.80 0.0016
5062.00 0.0016
5062.20 0.0016
5062.40 0.0016
5062.60 0.0016
5062.80 0.0016
5063.00 0.0016
5063.20 0.0016
5063.40 0.0016
5063.60 0.0016
5063.80 0.0016
5064.00 0.0016
5064.20 0.0015
5064.40 0.0015
5064.60 0.0015
5064.80 0.0015
5065.00 0.0015
5065.20 0.0015
5065.40 0.0015
5065.60 0.0015
5065.80 0.0015
5066.00 0.0015
5066.20 0.0015
5066.40 0.0015
5066.60 0.0015
5066.80 0.0015
5067.00 0.0014
5067.20 0.0014
5067.40 0.0014
5067.60 0.0014
5067.80 0.0014
5068.00 0.0014
5068.20 0.0014
5068.40 0.0014
5068.60 0.0014
5068.80 0.0014
5069.00 0.0014
5069.20 0.0014
5069.40 0.0014
5069.60 0.0013
5069.80 0.0014
5070.00 0.0014
5070.20 0.0013
5070.40 0.0013
5070.60 0.0013
5070.80 0.0013
5071.00 0.0013
5071.20 0.0013
5071.40 0.0013
5071.60 0.0013
5071.80 0.0013
5072.00 0.0013
5072.20 0.0013
5072.40 0.0013
5072.60 0.0013
5072.80 0.0013
5073.00 0.0013
5073.20 0.0013
5073.40 0.0012
5073.60 0.0012
5073.80 0.0012
5074.00 0.0012
5074.20 0.0012
5074.40 0.0012
5074.60 0.0012
5074.80 0.0012
5075.00 0.0012
5075.20 0.0012
5075.40 0.0012
5075.60 0.0012
5075.80 0.0012
5076.00 0.0012
5076.20 0.0012
5076.40 0.0012
5076.60 0.0012
5076.80 0.0012
5077.00 0.0012
5077.20 0.0011
5077.40 0.0011
5077.60 0.0011
5077.80 0.0011
5078.00 0.0011
5078.20 0.0011
5078.40 0.0011
5078.60 0.0011
5078.80 0.0011
5079.00 0.0011
5079.20 0.0011
5079.40 0.0011
5079.60 0.0011
5079.80 0.0011
5080.00 0.0011
5080.20 0.0011
5080.40 0.0011
5080.60 0.0011
5080.80 0.0011
5081.00 0.0011
5081.20 0.0011
5081.40 0.0011
5081.60 0.0011
5081.80 0.0010
5082.00 0.0010
5082.20 0.0010
5082.40 0.0010
5082.60 0.0010
5082.80 0.0010
5083.00 0.0010
5083.20 0.0010
5083.40 0.0010
5083.60 0.0010
5083.80 0.0010
5084.00 0.0010
5084.20 0.0010
5084.40 0.0010
5084.60 0.0010
5084.80 0.0010
5085.00 0.0010
5085.20 0.0010
5085.40 0.0010
5085.60 0.0010
5085.80 0.0010
5086.00 0.0010
5086.20 0.0010
5086.40 0.0010
5086.60 0.0009
5086.80 0.0009
5087.00 0.0009
5087.20 0.0009
5087.40 0.0009
5087.60 0.0009
5087.80 0.0009
5088.00 0.0009
5088.20 0.0009
5088.40 0.0009
5088.60 0.0009
5088.80 0.0009
5089.00 0.0009
5089.20 0.0009
5089.40 0.0009
5089.60 0.0009
5089.80 0.0009
5090.00 0.0009
5090.20 0.0009
5090.40 0.0009
5090.60 0.0009
5090.80 0.0009
5091.00 0.0009
5091.20 0.0009
5091.40 0.0009
5091.60 0.0008
5091.80 0.0008
5092.00 0.0008
5092.20 0.0008
5092.40 0.0008
5092.60 0.0008
5092.80 0.0008
5093.00 0.0008
5093.20 0.0008
5093.40 0.0008
5093.60 0.0008
5093.80 0.0008
5094.00 0.0008
5094.20 0.0008
5094.40 0.0008
5094.60 0.0008
5094.80 0.0008
5095.00 0.0008
5095.20 0.0008
5095.40 0.0008
5095.60 0.0008
5095.80 0.0008
5096.00 0.0008
5096.20 0.0008
5096.40 0.0008
5096.60 0.0008
5096.80 0.0008
5097.00 0.0008
5097.20 0.0008
5097.40 0.0008
5097.60 0.0008
5097.80 0.0008
5098.00 0.0008
5098.20 0.0008
5098.40 0.0007
5098.60 0.0007
5098.80 0.0007
5099.00 0.0007
5099.20 0.0007
5099.40 0.0007
5099.60 0.0007
5099.80 0.0007
5100.00 0.0007
