3540.00 0.0008
3545.00 0.0010
3550.00 0.0015
3555.00 0.0020
3560.00 0.0027
3565.00 0.0036
3570.00 0.0047
3575.00 0.0061
3580.00 0.0077
3585.00 0.0097
3590.00 0.0120
3595.00 0.0149
3600.00 0.0181
3605.00 0.0219
3610.00 0.0261
3615.00 0.0308
3620.00 0.0360
3625.00 0.0416
3630.00 0.0477
3635.00 0.0544
3640.00 0.0618
3645.00 0.0698
3650.00 0.0779
3655.00 0.0869
3660.00 0.0963
3665.00 0.1060
3670.00 0.1164
3675.00 0.1266
3680.00 0.1377
3685.00 0.1493
3690.00 0.1544
3695.00 0.1726
3700.00 0.1847
3705.00 0.1975
3710.00 0.2096
3715.00 0.2227
3720.00 0.2353
3725.00 0.2485
3730.00 0.2615
3735.00 0.2746
3740.00 0.2876
3745.00 0.3002
3750.00 0.3132
3755.00 0.3262
3760.00 0.3384
3765.00 0.3519
3770.00 0.3638
3775.00 0.3765
3780.00 0.3889
3785.00 0.4005
3790.00 0.4124
3795.00 0.4242
3800.00 0.4360
3805.00 0.4471
3810.00 0.4584
3815.00 0.4693
3820.00 0.4801
3825.00 0.4908
3830.00 0.5007
3835.00 0.5106
3840.00 0.5211
3845.00 0.5312
3850.00 0.5403
3855.00 0.5496
3860.00 0.5589
3865.00 0.5670
3870.00 0.5760
3875.00 0.5848
3880.00 0.5926
3885.00 0.6011
3890.00 0.6087
3895.00 0.6160
3900.00 0.6233
3905.00 0.6311
3910.00 0.6378
3915.00 0.6448
3920.00 0.6519
3925.00 0.6581
3930.00 0.6643
3935.00 0.6714
3940.00 0.6771
3945.00 0.6827
3950.00 0.6883
3955.00 0.6944
3960.00 0.6995
3965.00 0.7051
3970.00 0.7096
3975.00 0.7148
3980.00 0.7191
3985.00 0.7244
3990.00 0.7290
3995.00 0.7334
4000.00 0.7377
4005.00 0.7405
4010.00 0.7454
4015.00 0.7495
4020.00 0.7536
4025.00 0.7570
4030.00 0.7604
4035.00 0.7634
4040.00 0.7676
4045.00 0.7706
4050.00 0.7731
4055.00 0.7767
4060.00 0.7804
4065.00 0.7823
4070.00 0.7862
4075.00 0.7886
4080.00 0.7915
4085.00 0.7941
4090.00 0.7961
4095.00 0.7988
4100.00 0.8017
4105.00 0.8033
4110.00 0.8051
4115.00 0.8073
4120.00 0.8093
4125.00 0.8113
4130.00 0.8137
4135.00 0.8154
4140.00 0.8164
4145.00 0.8189
4150.00 0.8207
4155.00 0.8226
4160.00 0.8239
4165.00 0.8256
4170.00 0.8266
4175.00 0.8288
4180.00 0.8308
4185.00 0.8320
4190.00 0.8337
4195.00 0.8351
4200.00 0.8352
4205.00 0.8372
4210.00 0.8388
4215.00 0.8396
4220.00 0.8418
4225.00 0.8422
4230.00 0.8433
4235.00 0.8441
4240.00 0.8454
4245.00 0.8465
4250.00 0.8473
4255.00 0.8495
4260.00 0.8493
4265.00 0.8500
4270.00 0.8522
4275.00 0.8517
4280.00 0.8534
4285.00 0.8545
4290.00 0.8542
4295.00 0.8555
4300.00 0.8566
4305.00 0.8570
4310.00 0.8581
4315.00 0.8590
4320.00 0.8590
4325.00 0.8596
4330.00 0.8609
4335.00 0.8615
4340.00 0.8613
4345.00 0.8625
4350.00 0.8638
4355.00 0.8642
4360.00 0.8651
4365.00 0.8652
4370.00 0.8657
4375.00 0.8663
4380.00 0.8668
4385.00 0.8674
4390.00 0.8678
4395.00 0.8676
4400.00 0.8685
4405.00 0.8682
4410.00 0.8702
4415.00 0.8694
4420.00 0.8702
4425.00 0.8710
4430.00 0.8703
4435.00 0.8713
4440.00 0.8727
4445.00 0.8717
4450.00 0.8723
4455.00 0.8732
4460.00 0.8727
4465.00 0.8740
4470.00 0.8744
4475.00 0.8740
4480.00 0.8746
4485.00 0.8750
4490.00 0.8751
4495.00 0.8750
4500.00 0.8764
4505.00 0.8752
4510.00 0.8760
4515.00 0.8773
4520.00 0.8762
4525.00 0.8776
4530.00 0.8776
4535.00 0.8773
4540.00 0.8782
4545.00 0.8784
4550.00 0.8779
4555.00 0.8794
4560.00 0.8803
4565.00 0.8804
4570.00 0.8797
4575.00 0.8817
4580.00 0.8800
4585.00 0.8807
4590.00 0.8816
4595.00 0.8817
4600.00 0.8816
4605.00 0.8818
4610.00 0.8817
4615.00 0.8815
4620.00 0.8830
4625.00 0.8826
4630.00 0.8823
4635.00 0.8826
4640.00 0.8829
4645.00 0.8832
4650.00 0.8837
4655.00 0.8835
4660.00 0.8838
4665.00 0.8843
4670.00 0.8843
4675.00 0.8833
4680.00 0.8837
4685.00 0.8839
4690.00 0.8841
4695.00 0.8841
4700.00 0.8841
4705.00 0.8841
4710.00 0.8853
4715.00 0.8846
4720.00 0.8840
4725.00 0.8851
4730.00 0.8847
4735.00 0.8855
4740.00 0.8850
4745.00 0.8856
4750.00 0.8857
4755.00 0.8856
4760.00 0.8861
4765.00 0.8857
4770.00 0.8865
4775.00 0.8863
4780.00 0.8860
4785.00 0.8869
4790.00 0.8866
4795.00 0.8866
4800.00 0.8867
4805.00 0.8872
4810.00 0.8866
4815.00 0.8874
4820.00 0.8877
4825.00 0.8875
4830.00 0.8875
4835.00 0.8881
4840.00 0.8872
4845.00 0.8874
4850.00 0.8878
4855.00 0.8879
4860.00 0.8875
4865.00 0.8883
4870.00 0.8879
4875.00 0.8880
4880.00 0.8884
4885.00 0.8884
4890.00 0.8886
4895.00 0.8897
4900.00 0.8887
4905.00 0.8893
4910.00 0.8894
4915.00 0.8888
4920.00 0.8900
4925.00 0.8894
4930.00 0.8888
4935.00 0.8901
4940.00 0.8899
4945.00 0.8902
4950.00 0.8897
4955.00 0.8911
4960.00 0.8896
4965.00 0.8905
4970.00 0.8915
4975.00 0.8900
4980.00 0.8906
4985.00 0.8909
4990.00 0.8911
4995.00 0.8911
5000.00 0.8914
5005.00 0.8909
5010.00 0.8911
5015.00 0.8918
5020.00 0.8911
5025.00 0.8912
5030.00 0.8918
5035.00 0.8911
5040.00 0.8915
5045.00 0.8923
5050.00 0.8922
5055.00 0.8914
5060.00 0.8921
5065.00 0.8916
5070.00 0.8917
5075.00 0.8925
5080.00 0.8921
5085.00 0.8927
5090.00 0.8925
5095.00 0.8925
5100.00 0.8920
5105.00 0.8927
5110.00 0.8930
5115.00 0.8923
5120.00 0.8928
5125.00 0.8923
5130.00 0.8925
5135.00 0.8930
5140.00 0.8936
5145.00 0.8925
5150.00 0.8928
5155.00 0.8935
5160.00 0.8927
5165.00 0.8939
5170.00 0.8933
5175.00 0.8930
5180.00 0.8938
5185.00 0.8943
5190.00 0.8935
5195.00 0.8932
5200.00 0.8941
5205.00 0.8933
5210.00 0.8939
5215.00 0.8944
5220.00 0.8931
5225.00 0.8945
5230.00 0.8941
5235.00 0.8936
5240.00 0.8948
5245.00 0.8947
5250.00 0.8940
5255.00 0.8943
5260.00 0.8949
5265.00 0.8942
5270.00 0.8942
5275.00 0.8947
5280.00 0.8944
5285.00 0.8954
5290.00 0.8948
5295.00 0.8952
5300.00 0.8947
5305.00 0.8952
5310.00 0.8949
5315.00 0.8948
5320.00 0.8957
5325.00 0.8947
5330.00 0.8951
5335.00 0.8949
5340.00 0.8952
5345.00 0.8950
5350.00 0.8952
5355.00 0.8956
5360.00 0.8952
5365.00 0.8957
5370.00 0.8952
5375.00 0.8949
5380.00 0.8953
5385.00 0.8958
5390.00 0.8961
5395.00 0.8960
5400.00 0.8964
5405.00 0.8953
5410.00 0.8959
5415.00 0.8961
5420.00 0.8962
5425.00 0.8960
5430.00 0.8962
5435.00 0.8962
5440.00 0.8960
5445.00 0.8971
5450.00 0.8963
5455.00 0.8965
5460.00 0.8969
5465.00 0.8958
5470.00 0.8968
5475.00 0.8970
5480.00 0.8969
5485.00 0.8967
5490.00 0.8972
5495.00 0.8973
5500.00 0.8962
5505.00 0.8978
5510.00 0.8972
5515.00 0.8975
5520.00 0.8972
5525.00 0.8967
5530.00 0.8976
5535.00 0.8985
5540.00 0.8973
5545.00 0.8977
5550.00 0.8982
5555.00 0.8971
5560.00 0.8982
5565.00 0.8983
5570.00 0.8981
5575.00 0.8979
5580.00 0.8982
5585.00 0.8985
5590.00 0.8984
5595.00 0.8988
5600.00 0.8982
5605.00 0.8985
5610.00 0.8982
5615.00 0.8981
5620.00 0.8983
5625.00 0.8986
5630.00 0.8990
5635.00 0.8987
5640.00 0.8987
5645.00 0.8988
5650.00 0.8985
5655.00 0.8992
5660.00 0.8979
5665.00 0.8991
5670.00 0.8989
5675.00 0.8988
5680.00 0.8996
5685.00 0.8988
5690.00 0.8992
5695.00 0.8991
5700.00 0.8996
5705.00 0.8990
5710.00 0.8997
5715.00 0.9001
5720.00 0.8990
5725.00 0.9001
5730.00 0.8998
5735.00 0.9000
5740.00 0.8990
5745.00 0.8997
5750.00 0.8996
5755.00 0.8994
5760.00 0.9000
5765.00 0.8994
5770.00 0.8996
5775.00 0.8995
5780.00 0.8992
5785.00 0.8998
5790.00 0.8997
5795.00 0.8995
5800.00 0.8989
5805.00 0.9001
5810.00 0.8996
5815.00 0.8993
5820.00 0.8999
5825.00 0.8993
5830.00 0.8995
5835.00 0.8992
5840.00 0.8996
5845.00 0.8989
5850.00 0.8999
5855.00 0.8999
5860.00 0.8987
5865.00 0.8991
5870.00 0.8997
5875.00 0.8992
5880.00 0.8992
5885.00 0.8995
5890.00 0.8993
5895.00 0.8997
5900.00 0.8997
5905.00 0.9000
5910.00 0.8996
5915.00 0.9000
5920.00 0.9001
5925.00 0.8996
5930.00 0.9007
5935.00 0.8994
5940.00 0.9000
5945.00 0.9006
5950.00 0.8999
5955.00 0.9005
5960.00 0.9006
5965.00 0.8999
5970.00 0.8999
5975.00 0.9005
5980.00 0.9008
5985.00 0.8999
5990.00 0.9010
5995.00 0.9008
6000.00 0.9002
6005.00 0.9012
6010.00 0.9003
6015.00 0.9011
6020.00 0.9007
6025.00 0.9006
6030.00 0.9006
6035.00 0.9009
6040.00 0.9010
6045.00 0.9009
6050.00 0.9005
6055.00 0.9012
6060.00 0.9004
6065.00 0.9017
6070.00 0.9008
6075.00 0.9006
6080.00 0.9016
6085.00 0.9011
6090.00 0.9007
6095.00 0.9009
6100.00 0.9008
6105.00 0.9012
6110.00 0.9007
6115.00 0.9007
6120.00 0.9008
6125.00 0.9012
6130.00 0.9012
6135.00 0.9005
6140.00 0.9008
6145.00 0.9010
6150.00 0.9008
6155.00 0.9015
6160.00 0.9014
6165.00 0.9015
6170.00 0.9016
6175.00 0.9013
6180.00 0.9004
6185.00 0.9014
6190.00 0.9015
6195.00 0.9012
6200.00 0.9014
6205.00 0.9010
6210.00 0.9015
6215.00 0.9016
6220.00 0.9019
6225.00 0.9015
6230.00 0.9016
6235.00 0.9020
6240.00 0.9015
6245.00 0.9020
6250.00 0.9025
6255.00 0.9019
6260.00 0.9022
6265.00 0.9022
6270.00 0.9017
6275.00 0.9018
6280.00 0.9023
6285.00 0.9019
6290.00 0.9022
6295.00 0.9021
6300.00 0.9019
6305.00 0.9015
6310.00 0.9032
6315.00 0.9024
6320.00 0.9021
6325.00 0.9016
6330.00 0.9028
6335.00 0.9024
6340.00 0.9031
6345.00 0.9022
6350.00 0.9025
6355.00 0.9025
6360.00 0.9022
6365.00 0.9027
6370.00 0.9028
6375.00 0.9033
6380.00 0.9021
6385.00 0.9026
6390.00 0.9022
6395.00 0.9025
6400.00 0.9021
6405.00 0.9017
6410.00 0.9027
6415.00 0.9029
6420.00 0.9021
6425.00 0.9025
6430.00 0.9024
6435.00 0.9030
6440.00 0.9025
6445.00 0.9035
6450.00 0.9028
6455.00 0.9030
6460.00 0.9034
6465.00 0.9018
6470.00 0.9027
6475.00 0.9024
6480.00 0.9030
6485.00 0.9028
6490.00 0.9027
6495.00 0.9026
6500.00 0.9017
6505.00 0.9027
6510.00 0.9021
6515.00 0.9028
6520.00 0.9028
6525.00 0.9030
6530.00 0.9018
6535.00 0.9029
6540.00 0.9030
6545.00 0.9023
6550.00 0.9028
6555.00 0.9033
6560.00 0.9031
6565.00 0.9031
6570.00 0.9028
6575.00 0.9026
6580.00 0.9028
6585.00 0.9033
6590.00 0.9020
6595.00 0.9036
6600.00 0.9029
6605.00 0.9025
6610.00 0.9025
6615.00 0.9032
6620.00 0.9032
6625.00 0.9028
6630.00 0.9030
6635.00 0.9035
6640.00 0.9031
6645.00 0.9038
6650.00 0.9032
6655.00 0.9041
6660.00 0.9022
6665.00 0.9026
6670.00 0.9030
6675.00 0.9038
6680.00 0.9047
6685.00 0.9035
6690.00 0.9031
6695.00 0.9040
6700.00 0.9032
6705.00 0.9038
6710.00 0.9029
6715.00 0.9043
6720.00 0.9041
6725.00 0.9038
6730.00 0.9037
6735.00 0.9038
6740.00 0.9037
6745.00 0.9033
6750.00 0.9041
6755.00 0.9032
6760.00 0.9031
6765.00 0.9034
6770.00 0.9038
6775.00 0.9027
6780.00 0.9041
6785.00 0.9048
6790.00 0.9040
6795.00 0.9050
6800.00 0.9040
6805.00 0.9045
6810.00 0.9047
6815.00 0.9047
6820.00 0.9038
6825.00 0.9045
6830.00 0.9045
6835.00 0.9034
6840.00 0.9033
6845.00 0.9036
6850.00 0.9040
6855.00 0.9041
6860.00 0.9034
6865.00 0.9032
6870.00 0.9037
6875.00 0.9042
6880.00 0.9039
6885.00 0.9032
6890.00 0.9039
6895.00 0.9037
6900.00 0.9034
6905.00 0.9042
6910.00 0.9037
6915.00 0.9041
6920.00 0.9033
6925.00 0.9043
6930.00 0.9036
6935.00 0.9046
6940.00 0.9045
6945.00 0.9042
6950.00 0.9050
6955.00 0.9039
6960.00 0.9039
6965.00 0.9047
6970.00 0.9044
6975.00 0.9041
6980.00 0.9036
6985.00 0.9051
6990.00 0.9041
6995.00 0.9051
7000.00 0.9047
7005.00 0.9042
7010.00 0.9046
7015.00 0.9051
7020.00 0.9039
7025.00 0.9045
7030.00 0.9044
7035.00 0.9042
7040.00 0.9037
7045.00 0.9047
7050.00 0.9038
7055.00 0.9049
7060.00 0.9046
7065.00 0.9034
7070.00 0.9048
7075.00 0.9045
7080.00 0.9034
7085.00 0.9039
7090.00 0.9050
7095.00 0.9038
7100.00 0.9036
7105.00 0.9042
7110.00 0.9041
7115.00 0.9043
7120.00 0.9047
7125.00 0.9041
7130.00 0.9038
7135.00 0.9056
7140.00 0.9040
7145.00 0.9053
7150.00 0.9061
7155.00 0.9034
7160.00 0.9047
7165.00 0.9040
7170.00 0.9040
7175.00 0.9049
7180.00 0.9044
7185.00 0.9049
7190.00 0.9051
7195.00 0.9045
7200.00 0.9051
7205.00 0.9046
7210.00 0.9053
7215.00 0.9048
7220.00 0.9038
7225.00 0.9045
7230.00 0.9030
7235.00 0.9047
7240.00 0.9049
7245.00 0.9040
7250.00 0.9051
7255.00 0.9042
7260.00 0.9048
7265.00 0.9048
7270.00 0.9036
7275.00 0.9044
7280.00 0.9055
7285.00 0.9047
7290.00 0.9043
7295.00 0.9058
7300.00 0.9045
7305.00 0.9044
7310.00 0.9041
7315.00 0.9054
7320.00 0.9050
7325.00 0.9053
7330.00 0.9049
7335.00 0.9041
7340.00 0.9043
7345.00 0.9044
7350.00 0.9037
7355.00 0.9042
7360.00 0.9051
7365.00 0.9039
7370.00 0.9054
7375.00 0.9046
7380.00 0.9046
7385.00 0.9051
7390.00 0.9049
7395.00 0.9054
7400.00 0.9044
7405.00 0.9032
7410.00 0.9058
7415.00 0.9035
7420.00 0.9055
7425.00 0.9059
7430.00 0.9053
7435.00 0.9052
7440.00 0.9062
7445.00 0.9051
7450.00 0.9053
7455.00 0.9052
7460.00 0.9052
7465.00 0.9053
7470.00 0.9061
7475.00 0.9043
7480.00 0.9056
7485.00 0.9044
7490.00 0.9048
7495.00 0.9049
7500.00 0.9044
7505.00 0.9044
7510.00 0.9058
7515.00 0.9040
7520.00 0.9045
7525.00 0.9047
7530.00 0.9040
7535.00 0.9047
7540.00 0.9054
7545.00 0.9051
7550.00 0.9048
7555.00 0.9033
7560.00 0.9044
7565.00 0.9046
7570.00 0.9061
7575.00 0.9058
7580.00 0.9046
7585.00 0.9027
7590.00 0.9042
7595.00 0.9038
7600.00 0.9058
7605.00 0.9054
7610.00 0.9054
7615.00 0.9046
7620.00 0.9052
7625.00 0.9053
7630.00 0.9053
7635.00 0.9052
7640.00 0.9060
7645.00 0.9059
7650.00 0.9054
7655.00 0.9050
7660.00 0.9065
7665.00 0.9039
7670.00 0.9053
7675.00 0.9063
7680.00 0.9050
7685.00 0.9050
7690.00 0.9054
7695.00 0.9045
7700.00 0.9051
7705.00 0.9059
7710.00 0.9073
7715.00 0.9045
7720.00 0.9054
7725.00 0.9048
7730.00 0.9047
7735.00 0.9047
7740.00 0.9059
7745.00 0.9056
7750.00 0.9053
7755.00 0.9058
7760.00 0.9050
7765.00 0.9053
7770.00 0.9066
7775.00 0.9064
7780.00 0.9044
7785.00 0.9072
7790.00 0.9053
7795.00 0.9050
7800.00 0.9049
7805.00 0.9044
7810.00 0.9054
7815.00 0.9059
7820.00 0.9049
7825.00 0.9050
7830.00 0.9064
7835.00 0.9049
7840.00 0.9049
7845.00 0.9030
7850.00 0.9080
7855.00 0.9051
7860.00 0.9047
7865.00 0.9040
7870.00 0.9028
7875.00 0.9056
7880.00 0.9049
7885.00 0.9060
7890.00 0.9048
7895.00 0.9036
7900.00 0.9055
7905.00 0.9052
7910.00 0.9064
7915.00 0.9065
7920.00 0.9048
7925.00 0.9058
7930.00 0.9033
7935.00 0.9049
7940.00 0.9035
7945.00 0.9043
7950.00 0.9053
7955.00 0.9038
7960.00 0.9067
7965.00 0.9041
7970.00 0.9070
7975.00 0.9057
7980.00 0.9064
7985.00 0.9037
7990.00 0.9033
7995.00 0.9047
8000.00 0.9053
8005.00 0.9068
8010.00 0.9061
8015.00 0.9057
8020.00 0.9054
8025.00 0.9032
8030.00 0.9058
8035.00 0.9053
8040.00 0.9045
8045.00 0.9073
8050.00 0.9070
8055.00 0.9046
8060.00 0.9070
8065.00 0.9052
8070.00 0.9052
8075.00 0.9036
8080.00 0.9043
8085.00 0.9051
8090.00 0.9046
8095.00 0.9070
8100.00 0.9063
8105.00 0.9068
8110.00 0.9078
8115.00 0.9062
8120.00 0.9061
8125.00 0.9070
8130.00 0.9077
8135.00 0.9057
8140.00 0.9041
8145.00 0.9042
8150.00 0.9064
8155.00 0.9048
8160.00 0.9053
8165.00 0.9056
8170.00 0.9052
8175.00 0.9070
8180.00 0.9054
8185.00 0.9050
8190.00 0.9048
8195.00 0.9052
8200.00 0.9072
8205.00 0.9073
8210.00 0.9057
8215.00 0.9042
8220.00 0.9058
8225.00 0.9056
8230.00 0.9059
8235.00 0.9044
8240.00 0.9043
8245.00 0.9055
8250.00 0.9046
8255.00 0.9068
8260.00 0.9068
8265.00 0.9044
8270.00 0.9055
8275.00 0.9030
8280.00 0.9028
8285.00 0.9057
8290.00 0.9036
8295.00 0.9077
8300.00 0.9054
8305.00 0.9069
8310.00 0.9062
8315.00 0.9043
8320.00 0.9057
8325.00 0.9064
8330.00 0.9079
8335.00 0.9066
8340.00 0.9056
8345.00 0.9035
8350.00 0.9070
8355.00 0.9051
8360.00 0.9026
8365.00 0.9045
8370.00 0.9055
8375.00 0.9078
8380.00 0.9045
8385.00 0.9082
8390.00 0.9067
8395.00 0.9013
8400.00 0.9056
8405.00 0.9078
8410.00 0.9083
8415.00 0.9073
8420.00 0.9079
8425.00 0.9058
8430.00 0.9115
8435.00 0.9081
8440.00 0.9077
8445.00 0.9068
8450.00 0.9064
8455.00 0.9095
8460.00 0.9060
8465.00 0.9025
8470.00 0.9089
8475.00 0.9036
8480.00 0.9090
8485.00 0.9079
8490.00 0.9058
8495.00 0.9046
8500.00 0.9070
8505.00 0.9096
8510.00 0.9070
8515.00 0.9043
8520.00 0.9034
8525.00 0.9126
8530.00 0.9043
8535.00 0.9052
8540.00 0.9086
8545.00 0.9053
8550.00 0.9101
8555.00 0.9027
8560.00 0.9012
8565.00 0.9061
8570.00 0.9113
8575.00 0.9077
8580.00 0.9048
8585.00 0.9028
8590.00 0.9049
8595.00 0.9050
8600.00 0.9109
8605.00 0.9048
8610.00 0.9048
8615.00 0.9060
8620.00 0.9076
8625.00 0.9064
8630.00 0.9088
8635.00 0.9111
8640.00 0.9073
8645.00 0.9040
8650.00 0.8978
8655.00 0.9018
8660.00 0.8990
8665.00 0.9045
8670.00 0.9051
8675.00 0.9062
8680.00 0.9117
8685.00 0.9055
8690.00 0.9058
8695.00 0.9012
8700.00 0.9008
8705.00 0.8939
8710.00 0.9007
8715.00 0.9100
8720.00 0.9071
8725.00 0.9091
8730.00 0.9049
8735.00 0.9098
8740.00 0.9062
8745.00 0.9110
8750.00 0.9029
8755.00 0.9149
8760.00 0.8965
8765.00 0.8944
8770.00 0.9122
8775.00 0.9212
8780.00 0.9062
8785.00 0.9057
8790.00 0.9027
8795.00 0.9088
8800.00 0.9125
8805.00 0.9069
8810.00 0.9121
8815.00 0.9056
8820.00 0.8992
8825.00 0.9259
8830.00 0.8978
8835.00 0.9091
8840.00 0.9038
8845.00 0.9089
8850.00 0.9386
8855.00 0.9022
8860.00 0.9050
8865.00 0.9086
8870.00 0.9070
8875.00 0.9104
8880.00 0.8985
8885.00 0.8887
8890.00 0.9224
8895.00 0.9099
8900.00 0.9034
8905.00 0.9215
8910.00 0.9077
8915.00 0.9148
8920.00 0.9184
8925.00 0.8864
8930.00 0.9355
8935.00 0.9082
8940.00 0.9158
8945.00 0.8885
8950.00 0.9148
8955.00 0.8829
8960.00 0.9237
8965.00 0.8864
8970.00 0.9018
8975.00 0.9268
8980.00 0.9231
8985.00 0.9061
8990.00 0.8977
8995.00 0.8949
9000.00 0.8853
