4753.77 0.0005
4755.27 0.0006
4756.77 0.0006
4758.26 0.0007
4759.76 0.0007
4761.26 0.0007
4762.76 0.0006
4764.26 0.0006
4765.76 0.0007
4767.26 0.0008
4768.75 0.0006
4770.25 0.0006
4771.75 0.0007
4773.25 0.0008
4774.75 0.0008
4776.25 0.0009
4777.75 0.0008
4779.24 0.0009
4780.74 0.0012
4782.24 0.0012
4783.74 0.0012
4785.24 0.0015
4786.74 0.0014
4788.24 0.0016
4789.73 0.0017
4791.23 0.0017
4792.73 0.0018
4794.23 0.0021
4795.73 0.0022
4797.23 0.0025
4798.73 0.0029
4800.22 0.0032
4801.72 0.0038
4803.22 0.0041
4804.72 0.0049
4806.22 0.0054
4807.72 0.0063
4809.22 0.0076
4810.72 0.0090
4812.21 0.0108
4813.71 0.0130
4815.21 0.0157
4816.71 0.0190
4818.21 0.0240
4819.71 0.0295
4821.21 0.0363
4822.70 0.0466
4824.20 0.0588
4825.70 0.0743
4827.20 0.0933
4828.70 0.1164
4830.20 0.1462
4831.70 0.1805
4833.19 0.2169
4834.69 0.2580
4836.19 0.3019
4837.69 0.3446
4839.19 0.3858
4840.69 0.4200
4842.19 0.4457
4843.68 0.4681
4845.18 0.4873
4846.68 0.5002
4848.18 0.5029
4849.68 0.5083
4851.18 0.5109
4852.68 0.5083
4854.17 0.5069
4855.67 0.4964
4857.17 0.4844
4858.67 0.4739
4860.17 0.4625
4861.67 0.4388
4863.17 0.4162
4864.66 0.3942
4866.16 0.3656
4867.66 0.3314
4869.16 0.2984
4870.66 0.2644
4872.16 0.2297
4873.66 0.1969
4875.15 0.1647
4876.65 0.1370
4878.15 0.1139
4879.65 0.0945
4881.15 0.0775
4882.65 0.0629
4884.15 0.0513
4885.65 0.0419
4887.14 0.0342
4888.64 0.0281
4890.14 0.0228
4891.64 0.0189
4893.14 0.0162
4894.64 0.0133
4896.14 0.0114
4897.63 0.0094
4899.13 0.0081
4900.63 0.0072
4902.13 0.0061
4903.63 0.0053
4905.13 0.0047
4906.63 0.0043
4908.12 0.0039
4909.62 0.0032
4911.12 0.0028
4912.62 0.0026
4914.12 0.0025
4915.62 0.0024
4917.12 0.0022
4918.61 0.0021
4920.11 0.0018
4921.61 0.0017
4923.11 0.0016
4924.61 0.0015
4926.11 0.0014
4927.61 0.0014
4929.10 0.0014
4930.60 0.0013
4932.10 0.0012
4933.60 0.0011
4935.10 0.0010
4936.60 0.0010
4938.10 0.0010
