4740.00 0.0003
4742.00 0.0004
4744.00 0.0004
4746.00 0.0004
4748.00 0.0005
4750.00 0.0005
4752.00 0.0006
4754.00 0.0007
4756.00 0.0008
4758.00 0.0008
4760.00 0.0010
4762.00 0.0011
4764.00 0.0012
4766.00 0.0014
4768.00 0.0016
4770.00 0.0019
4772.00 0.0022
4774.00 0.0025
4776.00 0.0029
4778.00 0.0035
4780.00 0.0041
4782.00 0.0049
4784.00 0.0059
4786.00 0.0071
4788.00 0.0087
4790.00 0.0106
4792.00 0.0130
4794.00 0.0160
4796.00 0.0199
4798.00 0.0248
4800.00 0.0307
4802.00 0.0382
4804.00 0.0474
4806.00 0.0587
4808.00 0.0717
4810.00 0.0871
4812.00 0.1052
4814.00 0.1261
4816.00 0.1478
4818.00 0.1719
4820.00 0.1982
4822.00 0.2259
4824.00 0.2532
4826.00 0.2827
4828.00 0.3117
4830.00 0.3418
4832.00 0.3706
4834.00 0.4001
4836.00 0.4295
4838.00 0.4597
4840.00 0.4872
4842.00 0.5152
4844.00 0.5429
4846.00 0.5706
4848.00 0.5949
4850.00 0.6191
4852.00 0.6407
4854.00 0.6605
4856.00 0.6781
4858.00 0.6927
4860.00 0.7056
4862.00 0.7153
4864.00 0.7226
4866.00 0.7287
4868.00 0.7328
4870.00 0.7364
4872.00 0.7392
4874.00 0.7410
4876.00 0.7424
4878.00 0.7445
4880.00 0.7474
4882.00 0.7499
4884.00 0.7540
4886.00 0.7562
4888.00 0.7594
4890.00 0.7625
4892.00 0.7651
4894.00 0.7675
4896.00 0.7682
4898.00 0.7675
4900.00 0.7657
4902.00 0.7623
4904.00 0.7576
4906.00 0.7517
4908.00 0.7447
4910.00 0.7356
4912.00 0.7265
4914.00 0.7148
4916.00 0.7028
4918.00 0.6882
4920.00 0.6720
4922.00 0.6528
4924.00 0.6293
4926.00 0.6028
4928.00 0.5736
4930.00 0.5392
4932.00 0.5026
4934.00 0.4614
4936.00 0.4195
4938.00 0.3758
4940.00 0.3323
4942.00 0.2886
4944.00 0.2497
4946.00 0.2119
4948.00 0.1773
4950.00 0.1466
4952.00 0.1214
4954.00 0.0988
4956.00 0.0801
4958.00 0.0646
4960.00 0.0524
4962.00 0.0423
4964.00 0.0343
4966.00 0.0277
4968.00 0.0227
4970.00 0.0186
4972.00 0.0153
4974.00 0.0127
4976.00 0.0107
4978.00 0.0089
4980.00 0.0075
4982.00 0.0063
4984.00 0.0054
4986.00 0.0046
4988.00 0.0040
4990.00 0.0034
4992.00 0.0030
4994.00 0.0026
4996.00 0.0023
4998.00 0.0020
5000.00 0.0017
5002.00 0.0015
5004.00 0.0014
5006.00 0.0012
5008.00 0.0011
5010.00 0.0010
5012.00 0.0009
5014.00 0.0008
5016.00 0.0007
5018.00 0.0006
5020.00 0.0006
5022.00 0.0005
5024.00 0.0005
5026.00 0.0004
5028.00 0.0004
5030.00 0.0004
5032.00 0.0004
5034.00 0.0003
