3480.00 0.0004
3500.00 0.0016
3520.00 0.0047
3540.00 0.0111
3560.00 0.0225
3580.00 0.0393
3600.00 0.0617
3620.00 0.0890
3640.00 0.1190
3660.00 0.1509
3680.00 0.1742
3700.00 0.2155
3720.00 0.2475
3740.00 0.2773
3760.00 0.3063
3780.00 0.3335
3800.00 0.3589
3820.00 0.3824
3840.00 0.4045
3860.00 0.4248
3880.00 0.4436
3900.00 0.4610
3920.00 0.4767
3940.00 0.4912
3960.00 0.5047
3980.00 0.5168
4000.00 0.5270
4020.00 0.5377
4040.00 0.5461
4060.00 0.5551
4080.00 0.5627
4100.00 0.5692
4120.00 0.5765
4140.00 0.5815
4160.00 0.5863
4180.00 0.5916
4200.00 0.5962
4220.00 0.5994
4240.00 0.6016
4260.00 0.6033
4280.00 0.6047
4300.00 0.6058
4320.00 0.6065
4340.00 0.6054
4360.00 0.6056
4380.00 0.6043
4400.00 0.6029
4420.00 0.6013
4440.00 0.5988
4460.00 0.5951
4480.00 0.5898
4500.00 0.5836
4520.00 0.5784
4540.00 0.5717
4560.00 0.5651
4580.00 0.5558
4600.00 0.5455
4620.00 0.5337
4640.00 0.5191
4660.00 0.5019
4680.00 0.4819
4700.00 0.4597
4720.00 0.4370
4740.00 0.4129
4760.00 0.3888
4780.00 0.3641
4800.00 0.3388
4820.00 0.3130
4840.00 0.2875
4860.00 0.2634
4880.00 0.2402
4900.00 0.2190
4920.00 0.1995
4940.00 0.1826
4960.00 0.1676
4980.00 0.1543
5000.00 0.1409
5020.00 0.1265
5040.00 0.1113
5060.00 0.0967
5080.00 0.0836
5100.00 0.0725
5120.00 0.0629
5140.00 0.0543
5160.00 0.0464
5180.00 0.0392
5200.00 0.0326
5220.00 0.0269
5240.00 0.0221
5260.00 0.0181
5280.00 0.0150
5300.00 0.0126
5320.00 0.0109
5340.00 0.0097
5360.00 0.0089
5380.00 0.0084
5400.00 0.0081
5420.00 0.0082
5440.00 0.0085
5460.00 0.0091
5480.00 0.0101
5500.00 0.0113
5520.00 0.0128
5540.00 0.0143
5560.00 0.0155
5580.00 0.0163
5600.00 0.0164
5620.00 0.0158
5640.00 0.0149
5660.00 0.0134
5680.00 0.0121
5700.00 0.0096
5720.00 0.0077
5740.00 0.0059
5760.00 0.0044
5780.00 0.0031
5800.00 0.0022
5820.00 0.0015
5840.00 0.0010
5860.00 0.0007
