3906.00 0.0001
3908.00 0.0001
3910.00 0.0001
3912.00 0.0001
3914.00 0.0001
3916.00 0.0001
3918.00 0.0001
3920.00 0.0001
3922.00 0.0002
3924.00 0.0002
3926.00 0.0002
3928.00 0.0002
3930.00 0.0002
3932.00 0.0002
3934.00 0.0002
3936.00 0.0003
3938.00 0.0003
3940.00 0.0003
3942.00 0.0004
3944.00 0.0004
3946.00 0.0005
3948.00 0.0005
3950.00 0.0006
3952.00 0.0006
3954.00 0.0007
3956.00 0.0008
3958.00 0.0008
3960.00 0.0009
3962.00 0.0010
3964.00 0.0012
3966.00 0.0013
3968.00 0.0015
3970.00 0.0017
3972.00 0.0020
3974.00 0.0023
3976.00 0.0027
3978.00 0.0031
3980.00 0.0036
3982.00 0.0043
3984.00 0.0051
3986.00 0.0062
3988.00 0.0075
3990.00 0.0092
3992.00 0.0114
3994.00 0.0143
3996.00 0.0182
3998.00 0.0235
4000.00 0.0304
4002.00 0.0399
4004.00 0.0531
4006.00 0.0699
4008.00 0.0903
4010.00 0.1168
4012.00 0.1481
4014.00 0.1831
4016.00 0.2211
4018.00 0.2623
4020.00 0.3040
4022.00 0.3451
4024.00 0.3814
4026.00 0.4134
4028.00 0.4381
4030.00 0.4527
4032.00 0.4581
4034.00 0.4538
4036.00 0.4391
4038.00 0.4164
4040.00 0.3864
4042.00 0.3491
4044.00 0.3103
4046.00 0.2688
4048.00 0.2294
4050.00 0.1914
4052.00 0.1566
4054.00 0.1254
4056.00 0.1008
4058.00 0.0788
4060.00 0.0610
4062.00 0.0473
4064.00 0.0369
4066.00 0.0287
4068.00 0.0227
4070.00 0.0180
4072.00 0.0144
4074.00 0.0117
4076.00 0.0097
4078.00 0.0080
4080.00 0.0068
4082.00 0.0057
4084.00 0.0049
4086.00 0.0042
4088.00 0.0036
4090.00 0.0031
4092.00 0.0028
4094.00 0.0024
4096.00 0.0022
4098.00 0.0019
4100.00 0.0017
4102.00 0.0015
4104.00 0.0014
4106.00 0.0012
4108.00 0.0011
4110.00 0.0010
4112.00 0.0009
4114.00 0.0009
4116.00 0.0008
4118.00 0.0007
4120.00 0.0007
4122.00 0.0006
4124.00 0.0006
4126.00 0.0005
4128.00 0.0005
4130.00 0.0004
4132.00 0.0004
4134.00 0.0004
4136.00 0.0004
4138.00 0.0004
4140.00 0.0003
4142.00 0.0003
4144.00 0.0003
4146.00 0.0003
4148.00 0.0003
4150.00 0.0002
4152.00 0.0002
4154.00 0.0002
4156.00 0.0002
4158.00 0.0002
4160.00 0.0002
4162.00 0.0002
4164.00 0.0002
4166.00 0.0002
4168.00 0.0002
4170.00 0.0001
4172.00 0.0001
4174.00 0.0001
4176.00 0.0001
4178.00 0.0001
4180.00 0.0001
4182.00 0.0001
4184.00 0.0001
4186.00 0.0001
4188.00 0.0001
4190.00 0.0001
4192.00 0.0001
4194.00 0.0001
4196.00 0.0001
4198.00 0.0001
4200.00 0.0001
