10237.10 0.0000
10238.90 0.0081
10240.70 0.0081
10242.50 0.0108
10244.30 0.0108
10246.00 0.0134
10247.90 0.0149
10249.70 0.0161
10251.50 0.0188
10253.30 0.0215
10255.00 0.0242
10256.90 0.0274
10258.60 0.0325
10260.50 0.0377
10262.20 0.0429
10264.10 0.0531
10265.80 0.0608
10267.60 0.0711
10269.40 0.0832
10271.20 0.0960
10273.10 0.1143
10274.80 0.1309
10276.60 0.1525
10278.40 0.1750
10280.20 0.2027
10282.00 0.2329
10283.80 0.2669
10285.60 0.2980
10287.40 0.3314
10289.10 0.3699
10291.00 0.4093
10292.80 0.4571
10294.60 0.4978
10296.40 0.5394
10298.10 0.5799
10300.00 0.6192
10301.70 0.6608
10303.60 0.6978
10305.30 0.7286
10307.10 0.7566
10308.90 0.7823
10310.70 0.8033
10312.60 0.8210
10314.30 0.8343
10316.20 0.8453
10317.90 0.8540
10319.70 0.8592
10321.50 0.8644
10323.30 0.8668
10325.10 0.8675
10326.90 0.8697
10328.60 0.8712
10330.50 0.8712
10332.20 0.8694
10334.10 0.8689
10335.90 0.8695
10337.70 0.8695
10339.50 0.8739
10341.20 0.8739
10343.10 0.8720
10344.80 0.8712
10346.70 0.8701
10348.40 0.8685
10350.20 0.8651
10352.00 0.8604
10353.80 0.8550
10355.70 0.8496
10357.40 0.8393
10359.30 0.8291
10361.00 0.8114
10362.80 0.7961
10364.60 0.7772
10366.40 0.7547
10368.20 0.7273
10370.00 0.6987
10371.70 0.6683
10373.60 0.6355
10375.30 0.6007
10377.20 0.5646
10379.00 0.5258
10380.70 0.4871
10382.60 0.4461
10384.30 0.4039
10386.20 0.3684
10387.90 0.3324
10389.80 0.2980
10391.50 0.2590
10393.30 0.2267
10395.10 0.1930
10396.90 0.1662
10398.80 0.1455
10400.50 0.1252
10402.30 0.1095
10404.10 0.0915
10405.90 0.0811
10407.70 0.0707
10409.50 0.0604
10411.20 0.0519
10413.10 0.0440
10414.80 0.0389
10416.70 0.0337
10418.40 0.0296
10420.30 0.0260
10422.10 0.0236
10423.80 0.0211
10425.70 0.0186
10427.40 0.0161
10429.30 0.0142
10431.00 0.0134
10432.80 0.0134
10434.60 0.0108
10436.40 0.0108
10438.20 0.0098
10440.00 0.0081
10441.90 0.0081
10443.60 0.0000
