2865.00 0.0008
2870.00 0.0010
2875.00 0.0012
2880.00 0.0014
2885.00 0.0018
2890.00 0.0022
2895.00 0.0026
2900.00 0.0030
2905.00 0.0036
2910.00 0.0042
2915.00 0.0050
2920.00 0.0058
2925.00 0.0067
2930.00 0.0078
2935.00 0.0090
2940.00 0.0103
2945.00 0.0117
2950.00 0.0132
2955.00 0.0150
2960.00 0.0170
2965.00 0.0191
2970.00 0.0212
2975.00 0.0237
2980.00 0.0265
2985.00 0.0293
2990.00 0.0323
2995.00 0.0357
3000.00 0.0391
3005.00 0.0427
3010.00 0.0466
3015.00 0.0507
3020.00 0.0550
3025.00 0.0596
3030.00 0.0642
3035.00 0.0692
3040.00 0.0743
3045.00 0.0796
3050.00 0.0851
3055.00 0.0909
3060.00 0.0970
3065.00 0.1030
3070.00 0.1090
3075.00 0.1155
3080.00 0.1226
3085.00 0.1298
3090.00 0.1330
3095.00 0.1450
3100.00 0.1521
3105.00 0.1591
3110.00 0.1671
3115.00 0.1741
3120.00 0.1820
3125.00 0.1901
3130.00 0.1977
3135.00 0.2055
3140.00 0.2131
3145.00 0.2208
3150.00 0.2293
3155.00 0.2372
3160.00 0.2452
3165.00 0.2539
3170.00 0.2619
3175.00 0.2693
3180.00 0.2777
3185.00 0.2862
3190.00 0.2939
3195.00 0.3018
3200.00 0.3104
3205.00 0.3183
3210.00 0.3260
3215.00 0.3344
3220.00 0.3416
3225.00 0.3501
3230.00 0.3583
3235.00 0.3659
3240.00 0.3733
3245.00 0.3819
3250.00 0.3895
3255.00 0.3963
3260.00 0.4031
3265.00 0.4109
3270.00 0.4173
3275.00 0.4249
3280.00 0.4318
3285.00 0.4389
3290.00 0.4455
3295.00 0.4523
3300.00 0.4588
3305.00 0.4668
3310.00 0.4718
3315.00 0.4775
3320.00 0.4846
3325.00 0.4904
3330.00 0.4960
3335.00 0.5017
3340.00 0.5078
3345.00 0.5128
3350.00 0.5194
3355.00 0.5237
3360.00 0.5285
3365.00 0.5350
3370.00 0.5391
3375.00 0.5435
3380.00 0.5495
3385.00 0.5535
3390.00 0.5584
3395.00 0.5631
3400.00 0.5679
3405.00 0.5720
3410.00 0.5758
3415.00 0.5794
3420.00 0.5840
3425.00 0.5884
3430.00 0.5927
3435.00 0.5961
3440.00 0.6002
3445.00 0.6035
3450.00 0.6070
3455.00 0.6107
3460.00 0.6145
3465.00 0.6173
3470.00 0.6203
3475.00 0.6233
3480.00 0.6270
3485.00 0.6295
3490.00 0.6327
3495.00 0.6353
3500.00 0.6383
3505.00 0.6413
3510.00 0.6440
3515.00 0.6456
3520.00 0.6483
3525.00 0.6506
3530.00 0.6524
3535.00 0.6547
3540.00 0.6560
3545.00 0.6572
3550.00 0.6597
3555.00 0.6614
3560.00 0.6620
3565.00 0.6637
3570.00 0.6642
3575.00 0.6649
3580.00 0.6659
3585.00 0.6667
3590.00 0.6664
3595.00 0.6676
3600.00 0.6683
3605.00 0.6662
3610.00 0.6673
3615.00 0.6666
3620.00 0.6660
3625.00 0.6663
3630.00 0.6650
3635.00 0.6640
3640.00 0.6631
3645.00 0.6617
3650.00 0.6595
3655.00 0.6586
3660.00 0.6563
3665.00 0.6537
3670.00 0.6513
3675.00 0.6486
3680.00 0.6450
3685.00 0.6426
3690.00 0.6412
3695.00 0.6352
3700.00 0.6306
3705.00 0.6267
3710.00 0.6225
3715.00 0.6168
3720.00 0.6119
3725.00 0.6057
3730.00 0.5995
3735.00 0.5940
3740.00 0.5866
3745.00 0.5782
3750.00 0.5719
3755.00 0.5633
3760.00 0.5541
3765.00 0.5455
3770.00 0.5365
3775.00 0.5263
3780.00 0.5164
3785.00 0.5047
3790.00 0.4946
3795.00 0.4831
3800.00 0.4716
3805.00 0.4585
3810.00 0.4458
3815.00 0.4329
3820.00 0.4189
3825.00 0.4060
3830.00 0.3917
3835.00 0.3767
3840.00 0.3627
3845.00 0.3477
3850.00 0.3323
3855.00 0.3178
3860.00 0.3023
3865.00 0.2869
3870.00 0.2721
3875.00 0.2573
3880.00 0.2423
3885.00 0.2271
3890.00 0.2128
3895.00 0.1985
3900.00 0.1846
3905.00 0.1712
3910.00 0.1581
3915.00 0.1456
3920.00 0.1336
3925.00 0.1217
3930.00 0.1111
3935.00 0.1007
3940.00 0.0907
3945.00 0.0816
3950.00 0.0732
3955.00 0.0652
3960.00 0.0578
3965.00 0.0510
3970.00 0.0449
3975.00 0.0393
3980.00 0.0342
3985.00 0.0297
3990.00 0.0257
3995.00 0.0221
4000.00 0.0189
4005.00 0.0160
4010.00 0.0137
4015.00 0.0115
4020.00 0.0096
4025.00 0.0081
4030.00 0.0067
4035.00 0.0055
4040.00 0.0046
4045.00 0.0037
4050.00 0.0030
4055.00 0.0025
4060.00 0.0020
4065.00 0.0016
4070.00 0.0013
4075.00 0.0010
4080.00 0.0008
