6490.00 0.0009
6492.00 0.0010
6494.00 0.0011
6496.00 0.0012
6498.00 0.0013
6500.00 0.0014
6502.00 0.0016
6504.00 0.0019
6506.00 0.0021
6508.00 0.0023
6510.00 0.0025
6512.00 0.0029
6514.00 0.0033
6516.00 0.0037
6518.00 0.0042
6520.00 0.0046
6522.00 0.0055
6524.00 0.0065
6526.00 0.0075
6528.00 0.0085
6530.00 0.0094
6532.00 0.0122
6534.00 0.0150
6536.00 0.0178
6538.00 0.0206
6540.00 0.0234
6542.00 0.0334
6544.00 0.0434
6546.00 0.0535
6548.00 0.0635
6550.00 0.0735
6552.00 0.1060
6554.00 0.1385
6556.00 0.1710
6558.00 0.2035
6560.00 0.2361
6562.00 0.2945
6564.00 0.3529
6566.00 0.4114
6568.00 0.4698
6570.00 0.5282
6572.00 0.5709
6574.00 0.6135
6576.00 0.6561
6578.00 0.6988
6580.00 0.7414
6582.00 0.7253
6584.00 0.7091
6586.00 0.6930
6588.00 0.6769
6590.00 0.6608
6592.00 0.6043
6594.00 0.5478
6596.00 0.4914
6598.00 0.4349
6600.00 0.3784
6602.00 0.3313
6604.00 0.2842
6606.00 0.2370
6608.00 0.1899
6610.00 0.1428
6612.00 0.1232
6614.00 0.1036
6616.00 0.0839
6618.00 0.0643
6620.00 0.0447
6622.00 0.0390
6624.00 0.0332
6626.00 0.0275
6628.00 0.0218
6630.00 0.0161
6632.00 0.0143
6634.00 0.0125
6636.00 0.0107
6638.00 0.0089
6640.00 0.0072
6642.00 0.0065
6644.00 0.0058
6646.00 0.0051
6648.00 0.0044
6650.00 0.0037
6652.00 0.0034
6654.00 0.0031
6656.00 0.0028
6658.00 0.0024
6660.00 0.0021
6662.00 0.0020
6664.00 0.0018
6666.00 0.0016
6668.00 0.0015
6670.00 0.0013
6672.00 0.0012
6674.00 0.0011
6676.00 0.0010
6678.00 0.0009
