5074.04 0.0000
5075.55 0.0010
5077.05 0.0014
5078.56 0.0017
5080.06 0.0013
5081.57 0.0003
5083.07 0.0011
5084.58 0.0012
5086.08 0.0025
5087.59 0.0021
5089.09 0.0018
5090.60 0.0029
5092.10 0.0035
5093.61 0.0032
5095.11 0.0040
5096.62 0.0044
5098.12 0.0048
5099.63 0.0073
5101.13 0.0088
5102.64 0.0093
5104.15 0.0103
5105.65 0.0124
5107.16 0.0165
5108.66 0.0201
5110.17 0.0264
5111.67 0.0332
5113.18 0.0434
5114.68 0.0556
5116.19 0.0712
5117.69 0.0941
5119.20 0.1177
5120.70 0.1646
5122.21 0.2091
5123.71 0.2659
5125.22 0.3501
5126.72 0.4348
5128.23 0.5299
5129.73 0.6222
5131.24 0.7198
5132.74 0.8049
5134.25 0.8601
5135.75 0.9044
5137.26 0.9230
5138.76 0.9316
5140.27 0.9462
5141.78 0.9580
5143.28 0.9503
5144.79 0.9453
5146.29 0.9546
5147.80 0.9468
5149.30 0.9507
5150.81 0.9392
5152.31 0.9339
5153.82 0.9149
5155.32 0.8902
5156.83 0.8550
5158.33 0.8036
5159.84 0.7353
5161.34 0.6613
5162.85 0.5899
5164.35 0.5026
5165.86 0.4045
5167.36 0.3334
5168.87 0.2663
5170.37 0.2089
5171.88 0.1629
5173.38 0.1269
5174.89 0.1028
5176.39 0.0808
5177.90 0.0603
5179.40 0.0464
5180.91 0.0369
5182.42 0.0280
5183.92 0.0219
5185.43 0.0187
5186.93 0.0150
5188.44 0.0117
5189.94 0.0098
5191.45 0.0094
5192.95 0.0078
5194.46 0.0057
5195.96 0.0053
5197.47 0.0040
5198.97 0.0043
5200.48 0.0032
5201.98 0.0032
5203.49 0.0027
5204.99 0.0016
5206.50 0.0011
5208.00 0.0011
5209.51 0.0018
5211.01 0.0009
5212.52 0.0013
5214.02 0.0008
5215.53 0.0010
