88267.7200 0.0000
88716.5400 0.0011
89425.2000 0.0066
89921.2600 0.0144
90440.9400 0.0343
91007.8700 0.0708
91385.8300 0.1372
91716.5400 0.2334
91905.5100 0.3341
92047.2400 0.4524
92259.8400 0.6018
92425.2000 0.7323
92661.4200 0.8186
92755.9100 0.8628
93015.7500 0.8761
93346.4600 0.8739
94007.8700 0.8750
94362.2000 0.8650
94740.1600 0.8584
95023.6200 0.8606
95307.0900 0.8805
95543.3100 0.8872
95921.2600 0.9082
96299.2100 0.9049
96606.3000 0.8949
96960.6300 0.8761
97622.0500 0.8761
98047.2400 0.8960
98330.7100 0.9115
98803.1500 0.9170
99228.3500 0.9049
99700.7900 0.8850
99984.2500 0.8850
100362.2000 0.8628
100622.0500 0.8186
100811.0200 0.7743
101023.6200 0.6681
101165.3500 0.5819
101259.8400 0.5177
101590.5500 0.3496
101850.3900 0.2434
102204.7200 0.1405
102771.6500 0.0642
103551.1800 0.0299
104141.7300 0.0111
104708.6600 0.0066
105464.5700 0.0000
