72061.5400 0.0000
72369.2300 0.0177
72471.7900 0.0277
72697.4400 0.0442
72984.6200 0.0951
73312.8200 0.1737
73476.9200 0.2655
73600.0000 0.3540
73743.5900 0.4646
73907.6900 0.5874
74225.6400 0.8075
74317.9500 0.8562
74389.7400 0.8728
74492.3100 0.9015
74584.6200 0.9181
74687.1800 0.9336
74841.0300 0.9336
75035.9000 0.9336
75128.2100 0.9237
75220.5100 0.9159
75374.3600 0.9126
75610.2600 0.9082
75835.9000 0.9027
76000.0000 0.8982
76123.0800 0.9015
76184.6200 0.9071
76266.6700 0.9027
76420.5100 0.9137
76758.9700 0.9270
76830.7700 0.9392
76882.0500 0.9336
76984.6200 0.9403
77374.3600 0.9447
77641.0300 0.9447
77887.1800 0.9381
78143.5900 0.9292
78389.7400 0.9181
78553.8500 0.9071
78851.2800 0.8861
79148.7200 0.8617
79425.6400 0.8363
79630.7700 0.8075
79835.9000 0.7777
80041.0300 0.7301
80307.6900 0.6593
80451.2800 0.5973
80615.3800 0.5243
80779.4900 0.4403
81005.1300 0.3385
81189.7400 0.2566
81353.8500 0.2024
81517.9500 0.1504
81723.0800 0.1018
82030.7700 0.0597
82297.4400 0.0376
82584.6200 0.0221
82902.5600 0.0155
83292.3100 0.0089
83671.7900 0.0033
84225.6400 0.0000
