44682.800 0.00182772
44722.700 0.00201297
44762.800 0.00223374
44802.900 0.00229216
44843.000 0.00247741
44883.300 0.00258708
44923.600 0.00262928
44964.000 0.00278878
45004.500 0.00312948
45045.000 0.00320411
45085.700 0.00341797
45126.400 0.00380158
45167.100 0.0042057
45208.000 0.00439215
45248.900 0.00506663
45289.900 0.00535202
45330.900 0.00602055
45372.100 0.00647736
45413.300 0.00708914
45454.500 0.00793123
45495.900 0.00871611
45537.300 0.00950193
45578.900 0.0106394
45620.400 0.0119846
45662.100 0.0133436
45703.800 0.0149367
45745.700 0.0169301
45787.500 0.0193095
45829.500 0.0217216
45871.600 0.0244341
45913.700 0.0278974
45955.900 0.032208
45998.200 0.0363848
46040.500 0.0419605
46082.900 0.0484765
46125.500 0.0563176
46168.100 0.0651586
46210.700 0.0762699
46253.500 0.0894616
46296.300 0.104961
46339.200 0.123192
46382.200 0.146223
46425.300 0.172835
46468.400 0.20449
46511.600 0.242519
46554.900 0.287657
46598.300 0.338502
46641.800 0.396555
46685.300 0.461279
46729.000 0.530051
46772.700 0.599191
46816.500 0.667887
46860.400 0.731847
46904.300 0.785255
46948.400 0.829005
46992.500 0.863245
47036.700 0.886685
47081.000 0.899355
47125.400 0.907016
47169.800 0.910654
47214.400 0.908889
47259.000 0.905537
47303.700 0.905616
47348.500 0.902839
47393.400 0.900005
47438.300 0.900805
47483.400 0.903273
47528.500 0.903477
47573.700 0.90598
47619.000 0.911168
47664.400 0.915083
47709.900 0.917053
47755.500 0.921947
47801.100 0.926316
47846.900 0.927748
47892.700 0.929241
47938.600 0.93192
47984.600 0.931609
48030.700 0.930252
48076.900 0.931187
48123.200 0.931413
48169.600 0.929018
48216.000 0.929118
48262.500 0.930269
48309.200 0.930008
48355.900 0.927441
48402.700 0.929127
48449.600 0.92462
48496.600 0.912634
48543.700 0.896738
48590.900 0.872684
48638.100 0.832869
48685.500 0.782386
48732.900 0.719215
48780.500 0.6467
48828.100 0.565471
48875.900 0.486898
48923.700 0.409614
48971.600 0.340307
49019.600 0.278467
49067.700 0.22791
49115.900 0.184099
49164.200 0.149682
49212.600 0.121133
49261.100 0.0987217
49309.700 0.0805809
49358.300 0.0659728
49407.100 0.0544431
49456.000 0.0449233
49505.000 0.0374353
49554.000 0.0310833
49603.200 0.0262351
49652.400 0.0216985
49701.800 0.0187154
49751.200 0.0154972
49800.800 0.0135078
49850.400 0.0112319
49900.200 0.0100348
49950.000 0.0081954
50000.000 0.00733733
50050.100 0.00599098
50100.200 0.00560212
50150.500 0.00447321
50200.800 0.00436282
50251.300 0.00339413
50301.800 0.00306725
50352.500 0.00277901
50403.200 0.00252891
50454.100 0.00218916
50505.100 0.00223351
50556.100 0.00198436
50607.300 0.00171995
50658.600 0.001508
50709.900 0.00132465
50761.400 0.00115609
50813.000 0.0010643
50864.700 0.0010016
50916.500 0.000683308
50968.400 0.000735998
51020.400 0.000584602
51072.500 0.000564575
51124.700 0.000347853
