16995.200 0.002965
17001.000 0.00184769
17006.800 0.00146121
17012.600 0.00206549
17018.400 0.00190705
17024.200 0.00117491
17030.000 0.00245486
17035.800 0.00199466
17041.600 0.000497174
17047.400 0.00143647
17053.200 0.00200281
17059.000 0.00204069
17064.800 0.00165012
17070.700 0.0012183
17076.500 0.00159155
17082.300 0.00275631
17088.200 0.00181808
17094.000 0.00313456
17099.900 0.00153073
17105.700 0.00221652
17111.600 0.00111024
17117.400 0.00183035
17123.300 0.00215338
17129.200 0.00183904
17135.000 0.00156892
17140.900 0.00273628
17146.800 0.00108454
17152.700 0.00190985
17158.500 0.0024354
17164.400 0.00157196
17170.300 0.00248054
17176.200 0.00183091
17182.100 0.00249671
17188.000 0.00194051
17193.900 0.00100755
17199.900 0.00186215
17205.800 0.000872547
17211.700 0.000645734
17217.600 0.00144181
17223.600 0.00179609
17229.500 0.00151692
17235.400 0.00203348
17241.400 0.00252412
17247.300 0.00103461
17253.300 0.0026075
17259.200 0.000346611
17265.200 0.000800863
17271.200 0.000850602
17277.100 0.0025659
17283.100 0.00153232
17289.100 0.00190281
17295.100 0.000813705
17301.000 0.00236282
17307.000 0.00248311
17313.000 0.00301601
17319.000 0.000449805
17325.000 0.000730362
17331.000 0.00211028
17337.000 0.00246464
17343.000 0.00192357
17349.100 0.00112652
17355.100 0.00161414
17361.100 0.00186581
17367.100 0.00203945
17373.200 0.00204648
17379.200 0.00314137
17385.300 0.000889644
17391.300 0.00292007
17397.400 0.00147391
17403.400 0.00311404
17409.500 0.00143768
17415.500 0.00392108
17421.600 0.00132134
17427.700 0.00250682
17433.800 0.00137104
17439.800 0.00215608
17445.900 -4.5777e-06
17452.000 0.000328673
17458.100 0.00169175
17464.200 0.0038066
17470.300 0.00302173
17476.400 0.0021649
17482.500 0.00184511
17488.600 0.00174353
17494.800 0.000724791
17500.900 0.0016406
17507.000 0.00224636
17513.100 0.00104625
17519.300 0.00160804
17525.400 0.0014243
17531.600 0.000847885
17537.700 0.00147282
17543.900 0.00146659
17550.000 0.000919706
17556.200 0.00164812
17562.300 0.00199623
17568.500 0.0026031
17574.700 0.00150381
17580.900 0.000914051
17587.100 0.00237621
17593.200 0.00164079
17599.400 0.00131934
17605.600 0.00312803
17611.800 0.000586039
17618.000 0.000666761
17624.300 0.000593448
17630.500 0.00151571
17636.700 0.000897003
17642.900 0.00232957
17649.100 0.00112821
17655.400 0.00119366
17661.600 0.00192117
17667.800 0.00171592
17674.100 0.00078123
17680.300 0.00113945
17686.600 0.00132381
17692.900 0.00131741
17699.100 0.00168045
17705.400 0.00193486
17711.700 0.00303271
17717.900 0.00171332
17724.200 0.00189231
17730.500 0.0021301
17736.800 0.00176464
17743.100 0.00170822
17749.400 0.0022851
17755.700 0.00231964
17762.000 0.00069764
17768.300 0.00190483
17774.600 0.00178726
17780.900 0.00328857
17787.300 0.000296322
17793.600 0.00341882
17799.900 0.00113971
17806.300 0.00215614
17812.600 0.00131673
17819.000 0.00132259
17825.300 0.00191879
17831.700 0.00198224
17838.000 0.00187001
17844.400 0.00231499
17850.800 0.00139002
17857.100 0.00185971
17863.500 0.00283925
17869.900 0.00112452
17876.300 0.00293989
17882.700 0.00238462
17889.100 0.00283677
17895.500 0.00111702
17901.900 0.0041582
17908.300 0.0010749
17914.700 0.0036312
17921.100 0.000742385
17927.600 0.00466476
17934.000 0.0013849
17940.400 0.00431118
17946.900 0.00166244
17953.300 0.00239798
17959.800 0.00166972
17966.200 0.00469843
17972.700 0.00336384
17979.100 0.00497507
17985.600 0.00355212
17992.100 0.0037367
17998.600 0.00369015
18005.000 0.00372365
18011.500 0.00431762
18018.000 0.00529476
18024.500 0.00440522
18031.000 0.00438524
18037.500 0.00516349
18044.000 0.00649697
18050.500 0.00583328
18057.100 0.00434324
18063.600 0.00616229
18070.100 0.00520123
18076.600 0.00932925
18083.200 0.00527066
18089.700 0.00758693
18096.300 0.00665501
18102.800 0.00843984
18109.400 0.00497815
18115.900 0.00731777
18122.500 0.0074882
18129.100 0.00769376
18135.700 0.00741999
18142.200 0.00873706
18148.800 0.00713318
18155.400 0.00915797
18162.000 0.00997018
18168.600 0.0109119
18175.200 0.00992158
18181.800 0.00962235
18188.400 0.00959427
18195.100 0.00941003
18201.700 0.0111093
18208.300 0.0112207
18214.900 0.010619
18221.600 0.0113067
18228.200 0.0116321
18234.900 0.0125223
18241.500 0.0129607
18248.200 0.0119776
18254.800 0.01415
18261.500 0.0140071
18268.200 0.0161293
18274.900 0.0149813
18281.500 0.014042
18288.200 0.0167761
18294.900 0.0174893
18301.600 0.0159693
18308.300 0.0171416
18315.000 0.016866
18321.700 0.0172836
18328.400 0.0183296
18335.200 0.0198655
18341.900 0.0206476
18348.600 0.0206462
18355.400 0.0199581
18362.100 0.0188228
18368.800 0.0208891
18375.600 0.0234321
18382.400 0.0217189
18389.100 0.0217543
18395.900 0.0228991
18402.600 0.0221155
18409.400 0.0238487
18416.200 0.0227171
18423.000 0.0248747
18429.800 0.0257785
18436.600 0.0259507
18443.400 0.0267741
18450.200 0.0258307
18457.000 0.0279602
18463.800 0.0289878
18470.600 0.028328
18477.500 0.0279984
18484.300 0.03044
18491.100 0.0317046
18498.000 0.0333062
18504.800 0.0338652
18511.700 0.0336791
18518.500 0.0358807
18525.400 0.0365724
18532.200 0.0367872
18539.100 0.0368028
18546.000 0.0389221
18552.900 0.0405819
18559.800 0.0406556
18566.700 0.0404031
18573.600 0.0417953
18580.500 0.042403
18587.400 0.0450328
18594.300 0.0453645
18601.200 0.0465379
18608.100 0.0471334
18615.000 0.0477932
18622.000 0.0500485
18628.900 0.0507095
18635.900 0.0512211
18642.800 0.0531714
18649.800 0.0534684
18656.700 0.0566213
18663.700 0.055892
18670.600 0.0574167
18677.600 0.0582667
18684.600 0.0607244
18691.600 0.0622838
18698.600 0.0631955
18705.600 0.0646429
18712.600 0.0665707
18719.600 0.0657743
18726.600 0.0668906
18733.600 0.0698022
18740.600 0.0712083
18747.700 0.0734529
18754.700 0.0750313
18761.700 0.076123
18768.800 0.0770586
18775.800 0.0790359
18782.900 0.0807344
18789.900 0.0810906
18797.000 0.0832509
18804.100 0.0862989
18811.100 0.0875126
18818.200 0.0903694
18825.300 0.0907693
18832.400 0.0930694
18839.500 0.0920516
18846.600 0.0964382
18853.700 0.0978196
18860.800 0.100043
18867.900 0.101312
18875.000 0.102915
18882.200 0.105938
18889.300 0.108515
18896.400 0.109072
18903.600 0.111386
18910.700 0.113874
18917.900 0.114952
18925.100 0.1172
18932.200 0.118939
18939.400 0.121
18946.600 0.122754
18953.800 0.124922
18960.900 0.127781
18968.100 0.130163
18975.300 0.130735
18982.500 0.13374
18989.700 0.135578
18997.000 0.136541
19004.200 0.139703
19011.400 0.14366
19018.600 0.143584
19025.900 0.145142
19033.100 0.148605
19040.400 0.151265
19047.600 0.152132
19054.900 0.154258
19062.100 0.158042
19069.400 0.158795
19076.700 0.162216
19084.000 0.165157
19091.300 0.167094
19098.500 0.168855
19105.800 0.172298
19113.100 0.173223
19120.500 0.176161
19127.800 0.179091
19135.100 0.180197
19142.400 0.182901
19149.800 0.185629
19157.100 0.188427
19164.400 0.190911
19171.800 0.193674
19179.100 0.195989
19186.500 0.199536
19193.900 0.199867
19201.200 0.20344
19208.600 0.205665
19216.000 0.209188
19223.400 0.21046
19230.800 0.213391
19238.200 0.216565
19245.600 0.219429
19253.000 0.221929
19260.400 0.225227
19267.800 0.228103
19275.300 0.231091
19282.700 0.233737
19290.100 0.238122
19297.600 0.240597
19305.000 0.242981
19312.500 0.245821
19319.900 0.249338
19327.400 0.252038
19334.900 0.255044
19342.400 0.258695
19349.800 0.262113
19357.300 0.264685
19364.800 0.268203
19372.300 0.271767
19379.800 0.275245
19387.400 0.279596
19394.900 0.282201
19402.400 0.286364
19409.900 0.290394
19417.500 0.294415
19425.000 0.297532
19432.600 0.30157
19440.100 0.305152
19447.700 0.310484
19455.300 0.313221
19462.800 0.318526
19470.400 0.321287
19478.000 0.327478
19485.600 0.330574
19493.200 0.335772
19500.800 0.339963
19508.400 0.345129
19516.000 0.348944
19523.600 0.354934
19531.200 0.359224
19538.900 0.363606
19546.500 0.369692
19554.200 0.374357
19561.800 0.379264
19569.500 0.38393
19577.100 0.389635
19584.800 0.395458
19592.500 0.401384
19600.200 0.405584
19607.800 0.41162
19615.500 0.415302
19623.200 0.422629
19630.900 0.427724
19638.600 0.434921
19646.400 0.439055
19654.100 0.445913
19661.800 0.450143
19669.600 0.45697
19677.300 0.462293
19685.000 0.469807
19692.800 0.473716
19700.600 0.48125
19708.300 0.486769
19716.100 0.493166
19723.900 0.498743
19731.600 0.504972
19739.400 0.509146
19747.200 0.516229
19755.000 0.52161
19762.800 0.526933
19770.700 0.534086
19778.500 0.539035
19786.300 0.54545
19794.100 0.549691
19802.000 0.556757
19809.800 0.559239
19817.700 0.567613
19825.500 0.571162
19833.400 0.579205
19841.300 0.580304
19849.100 0.588639
19857.000 0.591414
19864.900 0.599137
19872.800 0.600119
19880.700 0.606676
19888.600 0.609221
19896.500 0.615549
19904.500 0.617507
19912.400 0.624346
19920.300 0.625845
19928.300 0.63048
19936.200 0.632663
19944.200 0.637849
19952.100 0.639374
19960.100 0.643276
19968.100 0.64536
19976.000 0.647573
19984.000 0.650682
19992.000 0.652793
20000.000 0.656096
20008.000 0.655868
20016.000 0.658962
20024.000 0.659407
20032.100 0.663389
20040.100 0.662186
20048.100 0.666434
20056.200 0.665051
20064.200 0.66747
20072.300 0.665451
20080.300 0.66926
20088.400 0.66774
20096.500 0.671429
20104.500 0.669794
20112.600 0.67145
20120.700 0.66953
20128.800 0.67172
20136.900 0.669785
20145.000 0.671844
20153.200 0.669773
20161.300 0.669771
20169.400 0.670015
20177.600 0.671181
20185.700 0.670455
20193.900 0.66951
20202.000 0.66939
20210.200 0.668531
20218.400 0.668263
20226.500 0.667027
20234.700 0.668208
20242.900 0.665379
20251.100 0.668183
20259.300 0.664735
20267.500 0.666372
20275.800 0.663992
20284.000 0.665682
20292.200 0.663431
20300.400 0.664122
20308.700 0.661793
20316.900 0.664096
20325.200 0.661008
20333.500 0.662959
20341.700 0.660927
20350.000 0.662376
20358.300 0.659823
20366.600 0.661528
20374.900 0.659675
20383.200 0.660911
20391.500 0.659644
20399.800 0.659885
20408.200 0.659416
20416.500 0.658693
20424.800 0.659572
20433.200 0.658686
20441.500 0.65881
20449.900 0.65847
20458.300 0.659936
20466.600 0.658798
20475.000 0.659813
20483.400 0.658314
20491.800 0.660561
20500.200 0.658694
20508.600 0.661369
20517.000 0.658836
20525.500 0.661584
20533.900 0.658993
20542.300 0.661087
20550.800 0.660166
20559.200 0.661935
20567.700 0.660043
20576.100 0.662398
20584.600 0.662184
20593.100 0.663077
20601.600 0.662177
20610.100 0.663207
20618.600 0.662915
20627.100 0.663486
20635.600 0.664172
20644.100 0.664815
20652.600 0.664441
20661.200 0.664451
20669.700 0.66603
20678.200 0.665154
20686.800 0.66615
20695.400 0.665428
20703.900 0.667422
20712.500 0.666007
20721.100 0.667912
20729.700 0.66667
20738.300 0.668926
20746.900 0.666906
20755.500 0.669561
20764.100 0.668045
20772.700 0.668995
20781.400 0.667018
20790.000 0.66967
20798.700 0.668443
20807.300 0.669262
20816.000 0.668194
20824.700 0.668424
20833.300 0.66812
20842.000 0.669291
20850.700 0.66823
20859.400 0.668115
20868.100 0.668346
20876.800 0.668105
20885.500 0.667921
20894.300 0.667308
20903.000 0.667617
20911.800 0.666476
20920.500 0.66729
20929.300 0.665271
20938.000 0.666154
20946.800 0.663763
20955.600 0.66484
20964.400 0.662276
20973.200 0.66381
20982.000 0.660915
20990.800 0.661484
20999.600 0.659105
21008.400 0.65994
21017.200 0.656528
21026.100 0.656971
21034.900 0.654687
21043.800 0.65462
21052.600 0.652833
21061.500 0.652215
21070.400 0.650252
21079.300 0.649757
21088.100 0.648061
21097.000 0.647532
21106.000 0.646454
21114.900 0.645503
21123.800 0.644507
21132.700 0.642937
21141.600 0.642558
21150.600 0.641376
21159.500 0.641423
21168.500 0.63952
21177.500 0.639939
21186.400 0.637987
21195.400 0.638258
21204.400 0.636073
21213.400 0.637468
21222.400 0.635547
21231.400 0.636469
21240.400 0.63413
21249.500 0.635413
21258.500 0.633339
21267.500 0.634888
21276.600 0.63326
21285.700 0.635598
21294.700 0.63331
21303.800 0.632735
21312.900 0.63115
21322.000 0.630902
21331.100 0.629583
21340.200 0.629196
21349.300 0.628412
21358.400 0.628312
21367.500 0.628198
21376.700 0.627637
21385.800 0.62772
21395.000 0.62664
21404.100 0.627242
21413.300 0.626848
21422.500 0.627093
21431.600 0.62532
21440.800 0.626775
21450.000 0.625541
21459.200 0.626923
21468.400 0.624461
21477.700 0.627044
21486.900 0.625475
21496.100 0.627223
21505.400 0.625286
21514.600 0.627188
21523.900 0.625625
21533.200 0.627058
21542.400 0.625602
21551.700 0.627128
21561.000 0.626724
21570.300 0.627894
21579.600 0.627613
21588.900 0.627911
21598.300 0.628284
21607.600 0.628619
21616.900 0.628626
21626.300 0.628701
21635.700 0.62966
21645.000 0.62952
21654.400 0.6301
21663.800 0.629875
21673.200 0.630269
21682.600 0.630563
21692.000 0.63103
21701.400 0.630854
21710.800 0.631799
21720.200 0.631146
21729.700 0.632404
21739.100 0.631386
21748.600 0.63311
21758.100 0.632079
21767.500 0.633074
21777.000 0.632846
21786.500 0.633399
21796.000 0.63263
21805.500 0.633344
21815.000 0.633113
21824.500 0.633107
21834.100 0.632751
21843.600 0.633528
21853.100 0.633745
21862.700 0.633513
21872.300 0.633287
21881.800 0.633431
21891.400 0.633478
21901.000 0.632959
21910.600 0.633404
21920.200 0.632636
21929.800 0.63296
21939.400 0.631847
21949.100 0.633389
21958.700 0.631438
21968.400 0.63186
21978.000 0.631007
21987.700 0.631604
21997.400 0.629589
22007.000 0.63031
22016.700 0.628779
22026.400 0.62908
22036.100 0.627811
22045.900 0.628157
22055.600 0.626634
22065.300 0.626658
22075.100 0.625509
22084.800 0.624772
22094.600 0.623649
22104.300 0.622639
22114.100 0.621999
22123.900 0.621487
22133.700 0.62007
22143.500 0.618988
22153.300 0.618318
22163.100 0.616598
22172.900 0.61566
22182.800 0.613877
22192.600 0.61326
22202.500 0.611224
22212.400 0.61073
22222.200 0.607748
22232.100 0.607392
22242.000 0.604469
22251.900 0.60437
22261.800 0.600769
22271.700 0.60021
22281.600 0.597568
22291.600 0.596499
22301.500 0.593793
22311.500 0.59193
22321.400 0.589602
22331.400 0.588232
22341.400 0.585423
22351.400 0.583002
22361.400 0.580556
22371.400 0.578023
22381.400 0.57576
22391.400 0.573234
22401.400 0.57024
22411.500 0.566886
22421.500 0.564547
22431.600 0.56161
22441.700 0.559083
22451.700 0.555425
22461.800 0.552868
22471.900 0.548782
22482.000 0.546102
22492.100 0.542158
22502.300 0.538971
22512.400 0.534994
22522.500 0.531963
22532.700 0.527095
22542.800 0.52384
22553.000 0.518922
22563.200 0.515755
22573.400 0.510467
22583.600 0.506781
22593.800 0.501614
22604.000 0.497456
22614.200 0.492379
22624.400 0.487967
22634.700 0.482439
22644.900 0.477587
22655.200 0.471982
22665.500 0.466746
22675.700 0.461406
22686.000 0.455389
22696.300 0.449761
22706.600 0.443848
22716.900 0.43784
22727.300 0.431393
22737.600 0.425138
22748.000 0.418571
22758.300 0.412064
22768.700 0.405053
22779.000 0.398518
22789.400 0.391318
22799.800 0.384598
22810.200 0.377343
22820.600 0.370502
22831.100 0.362364
22841.500 0.355675
22851.900 0.347843
22862.400 0.340631
22872.800 0.332858
22883.300 0.325581
22893.800 0.31765
22904.300 0.309856
22914.800 0.302123
22925.300 0.294635
22935.800 0.28675
22946.300 0.279185
22956.800 0.271641
22967.400 0.263901
22977.900 0.255991
22988.500 0.248651
22999.100 0.241309
23009.700 0.233957
23020.300 0.226465
23030.900 0.219277
23041.500 0.212238
23052.100 0.205088
23062.700 0.198379
23073.400 0.191429
23084.000 0.184614
23094.700 0.178313
23105.400 0.171862
23116.000 0.165539
23126.700 0.159442
23137.400 0.153614
23148.100 0.147703
23158.900 0.142273
23169.600 0.136618
23180.300 0.1314
23191.100 0.126109
23201.900 0.121305
23212.600 0.116349
23223.400 0.111582
23234.200 0.106993
23245.000 0.102589
23255.800 0.0984369
23266.600 0.0943028
23277.500 0.0903764
23288.300 0.0864605
23299.200 0.082944
23310.000 0.0791783
23320.900 0.075872
23331.800 0.0724293
23342.700 0.0694384
23353.600 0.0662603
23364.500 0.0636364
23375.400 0.0604721
23386.300 0.0580743
23397.300 0.0551309
23408.200 0.0530344
23419.200 0.0503999
23430.200 0.0483969
23441.200 0.0458901
23452.200 0.0441241
23463.200 0.0418909
23474.200 0.040157
23485.200 0.0381708
23496.200 0.0366195
23507.300 0.0349716
23518.300 0.0334162
23529.400 0.0317542
23540.500 0.030229
23551.600 0.0287174
23562.700 0.0274235
23573.800 0.0263077
23584.900 0.0250452
23596.000 0.0241683
23607.200 0.0226867
23618.300 0.0218572
23629.500 0.0205692
23640.700 0.0198832
23651.800 0.0187356
23663.000 0.018048
23674.200 0.0168758
23685.500 0.0165472
23696.700 0.0153587
23707.900 0.0150782
23719.200 0.0138902
23730.400 0.0137626
23741.700 0.012723
23753.000 0.0122702
23764.300 0.0114104
23775.600 0.0111294
23786.900 0.0104041
23798.200 0.0101375
23809.500 0.00964035
23820.900 0.00910668
23832.200 0.00847443
23843.600 0.00821197
23855.000 0.0080968
23866.300 0.00757243
23877.700 0.00727454
23889.200 0.0067891
23900.600 0.00665494
23912.000 0.00616523
23923.400 0.00604903
23934.900 0.00540798
23946.400 0.00540273
23957.800 0.00464887
23969.300 0.00510475
23980.800 0.0043327
23992.300 0.00447383
24003.800 0.00404611
24015.400 0.00419533
24026.900 0.00358097
24038.500 0.00374602
24050.000 0.00319839
24061.600 0.00326469
24073.200 0.00289459
24084.800 0.00298107
24096.400 0.00249529
24108.000 0.00268945
24119.600 0.00245617
24131.300 0.00229181
24142.900 0.00219021
24154.600 0.00214915
24166.300 0.00204692
24177.900 0.00184908
24189.600 0.0018821
24201.400 0.00155364
24213.100 0.00166147
24224.800 0.00134646
24236.500 0.00152873
24248.300 0.00114474
24260.100 0.00144098
24271.800 0.0010063
24283.600 0.00125329
24295.400 0.000851601
24307.200 0.00114414
24319.100 0.000747526
24330.900 0.00113547
24342.700 0.000687977
24354.600 0.00103498
24366.500 0.000652451
24378.400 0.000999192
24390.200 0.00059741
24402.100 0.000866721
24414.100 0.000804522
24426.000 0.000922494
24437.900 0.000797092
24449.900 0.00085156
24461.800 0.000859362
24473.800 0.000872738
24485.800 0.000848154
24497.800 0.00091645
24509.800 0.000940304
24521.800 0.00105215
24533.900 0.000988619
24545.900 0.00100498
24558.000 0.00100668
24570.000 0.00114443
24582.100 0.00109266
24594.200 0.00108197
24606.300 0.00110387
24618.400 0.00130089
24630.500 0.00110265
24642.700 0.00145405
24654.800 0.00123485
24667.000 0.00120755
24679.200 0.00116137
24691.400 0.0012646
24703.600 0.0012599
24715.800 0.00142171
24728.000 0.0013657
24740.200 0.00128444
24752.500 0.00137205
24764.700 0.00154593
24777.000 0.00149257
24789.300 0.00138056
24801.600 0.00149468
24813.900 0.00168573
24826.200 0.00174095
24838.500 0.00161063
24850.900 0.00168353
24863.300 0.00171449
24875.600 0.00187987
24888.000 0.0017493
24900.400 0.00179624
24912.800 0.00170534
24925.200 0.00199361
24937.700 0.00180758
24950.100 0.00191753
24962.600 0.00176134
24975.000 0.00203218
24987.500 0.00179876
25000.000 0.00208794
25012.500 0.00181471
