6590.0 0.0000840000
6595.0 0.0001000000
6600.0 0.0001160000
6605.0 0.0001360000
6610.0 0.0001610000
6615.0 0.0001900000
6620.0 0.0002230000
6625.0 0.0002620000
6630.0 0.0003060000
6635.0 0.0003600000
6640.0 0.0004240000
6645.0 0.0004960000
6650.0 0.0005810000
6655.0 0.0006810000
6660.0 0.0007970000
6665.0 0.0009290000
6670.0 0.0010860000
6675.0 0.0012660000
6680.0 0.0014720000
6685.0 0.0017150000
6690.0 0.0019960000
6695.0 0.0023160000
6700.0 0.0026840000
6705.0 0.0031080000
6710.0 0.0035870000
6715.0 0.0041400000
6720.0 0.0047750000
6725.0 0.0054920000
6730.0 0.0063040000
6735.0 0.0072340000
6740.0 0.0082750000
6745.0 0.0094380000
6750.0 0.0107690000
6755.0 0.0122730000
6760.0 0.0139320000
6765.0 0.0157860000
6770.0 0.0178560000
6775.0 0.0201490000
6780.0 0.0226940000
6785.0 0.0255270000
6790.0 0.0286310000
6795.0 0.0320360000
6800.0 0.0357540000
6805.0 0.0398620000
6810.0 0.0442440000
6815.0 0.0491110000
6820.0 0.0544050000
6825.0 0.0600930000
6830.0 0.0661980000
6835.0 0.0727400000
6840.0 0.0797320000
6845.0 0.0871630000
6850.0 0.0951740000
6855.0 0.1036830000
6860.0 0.1125200000
6865.0 0.1219540000
6870.0 0.1319130000
6875.0 0.1421070000
6880.0 0.1529830000
6885.0 0.1643940000
6890.0 0.1761490000
6895.0 0.1882710000
6900.0 0.2009160000
6905.0 0.2139370000
6910.0 0.2271630000
6915.0 0.2409550000
6920.0 0.2550330000
6925.0 0.2692030000
6930.0 0.2838860000
6935.0 0.2985810000
6940.0 0.3133100000
6945.0 0.3284900000
6950.0 0.3437450000
6955.0 0.3590300000
6960.0 0.3743330000
6965.0 0.3895520000
6970.0 0.4049270000
6975.0 0.4202250000
6980.0 0.4356270000
6985.0 0.4509320000
6990.0 0.4658010000
6995.0 0.4805960000
7000.0 0.4954030000
7005.0 0.5097200000
7010.0 0.5240810000
7015.0 0.5381520000
7020.0 0.5519600000
7025.0 0.5654400000
7030.0 0.5785110000
7035.0 0.5913520000
7040.0 0.6037340000
7045.0 0.6163170000
7050.0 0.6283990000
7055.0 0.6399680000
7060.0 0.6515060000
7065.0 0.6625600000
7070.0 0.6732200000
7075.0 0.6836500000
7080.0 0.6938100000
7085.0 0.7034840000
7090.0 0.7132000000
7095.0 0.7223340000
7100.0 0.7313750000
7105.0 0.7398330000
7110.0 0.7482640000
7115.0 0.7562390000
7120.0 0.7639840000
7125.0 0.7714340000
7130.0 0.7785640000
7135.0 0.7854490000
7140.0 0.7920260000
7145.0 0.7984910000
7150.0 0.8048420000
7155.0 0.8106380000
7160.0 0.8163350000
7165.0 0.8218480000
7170.0 0.8270320000
7175.0 0.8321960000
7180.0 0.8370270000
7185.0 0.8415900000
7190.0 0.8462820000
7195.0 0.8504440000
7200.0 0.8544880000
7205.0 0.8584310000
7210.0 0.8622790000
7215.0 0.8659080000
7220.0 0.8694040000
7225.0 0.8726260000
7230.0 0.8758440000
7235.0 0.8788950000
7240.0 0.8819770000
7245.0 0.8847490000
7250.0 0.8875310000
7255.0 0.8901390000
7260.0 0.8924040000
7265.0 0.8947400000
7270.0 0.8969570000
7275.0 0.8996310000
7280.0 0.9014360000
7285.0 0.9034430000
7290.0 0.9053160000
7295.0 0.9070810000
7300.0 0.9088770000
7305.0 0.9106810000
7310.0 0.9122040000
7315.0 0.9137810000
7320.0 0.9151630000
7325.0 0.9167800000
7330.0 0.9180800000
7335.0 0.9192990000
7340.0 0.9205500000
7345.0 0.9217790000
7350.0 0.9228680000
7355.0 0.9238430000
7360.0 0.9250570000
7365.0 0.9260660000
7370.0 0.9270480000
7375.0 0.9280020000
7380.0 0.9287970000
7385.0 0.9295710000
7390.0 0.9303510000
7395.0 0.9312260000
7400.0 0.9318900000
7405.0 0.9326960000
7410.0 0.9332790000
7415.0 0.9339980000
7420.0 0.9344650000
7425.0 0.9353250000
7430.0 0.9356690000
7435.0 0.9363960000
7440.0 0.9368780000
7445.0 0.9373490000
7450.0 0.9378410000
7455.0 0.9383150000
7460.0 0.9386820000
7465.0 0.9391390000
7470.0 0.9395070000
7475.0 0.9399780000
7480.0 0.9406140000
7485.0 0.9408320000
7490.0 0.9411390000
7495.0 0.9413570000
7500.0 0.9417790000
7505.0 0.9421320000
7510.0 0.9424270000
7515.0 0.9426530000
7520.0 0.9430460000
7525.0 0.9433330000
7530.0 0.9435200000
7535.0 0.9437400000
7540.0 0.9439570000
7545.0 0.9441460000
7550.0 0.9444730000
7555.0 0.9445860000
7560.0 0.9448680000
7565.0 0.9449640000
7570.0 0.9452080000
7575.0 0.9454260000
7580.0 0.9457070000
7585.0 0.9456290000
7590.0 0.9460420000
7595.0 0.9461020000
7600.0 0.9461460000
7605.0 0.9463610000
7610.0 0.9464980000
7615.0 0.9464470000
7620.0 0.9465350000
7625.0 0.9471120000
7630.0 0.9468090000
7635.0 0.9470090000
7640.0 0.9469910000
7645.0 0.9470920000
7650.0 0.9471850000
7655.0 0.9470860000
7660.0 0.9471720000
7665.0 0.9469970000
7670.0 0.9473720000
7675.0 0.9472030000
7680.0 0.9470310000
7685.0 0.9473060000
7690.0 0.9471130000
7695.0 0.9471660000
7700.0 0.9469960000
7705.0 0.9470170000
7710.0 0.9468850000
7715.0 0.9468290000
7720.0 0.9465890000
7725.0 0.9463850000
7730.0 0.9466610000
7735.0 0.9462980000
7740.0 0.9461370000
7745.0 0.9459010000
7750.0 0.9458930000
7755.0 0.9455080000
7760.0 0.9456630000
7765.0 0.9452300000
7770.0 0.9452040000
7775.0 0.9448830000
7780.0 0.9447980000
7785.0 0.9447130000
7790.0 0.9442650000
7795.0 0.9441520000
7800.0 0.9438670000
7805.0 0.9436420000
7810.0 0.9437540000
7815.0 0.9434800000
7820.0 0.9432830000
7825.0 0.9429090000
7830.0 0.9430410000
7835.0 0.9429650000
7840.0 0.9429870000
7845.0 0.9429660000
7850.0 0.9428440000
7855.0 0.9426510000
7860.0 0.9426740000
7865.0 0.9425890000
7870.0 0.9428420000
7875.0 0.9427180000
7880.0 0.9426940000
7885.0 0.9428810000
7890.0 0.9428550000
7895.0 0.9431480000
7900.0 0.9432060000
7905.0 0.9434980000
7910.0 0.9435600000
7915.0 0.9439030000
7920.0 0.9441360000
7925.0 0.9442180000
7930.0 0.9442730000
7935.0 0.9444700000
7940.0 0.9447780000
7945.0 0.9450500000
7950.0 0.9450350000
7955.0 0.9455720000
7960.0 0.9457090000
7965.0 0.9460490000
7970.0 0.9462080000
7975.0 0.9463330000
7980.0 0.9464320000
7985.0 0.9468320000
7990.0 0.9468790000
7995.0 0.9469610000
8000.0 0.9469330000
8005.0 0.9470080000
8010.0 0.9471590000
8015.0 0.9470540000
8020.0 0.9472880000
8025.0 0.9471130000
8030.0 0.9467820000
8035.0 0.9469700000
8040.0 0.9470120000
8045.0 0.9464910000
8050.0 0.9465370000
8055.0 0.9461800000
8060.0 0.9459540000
8065.0 0.9457570000
8070.0 0.9456790000
8075.0 0.9453010000
8080.0 0.9449580000
8085.0 0.9446740000
8090.0 0.9446640000
8095.0 0.9440340000
8100.0 0.9437990000
8105.0 0.9436390000
8110.0 0.9431910000
8115.0 0.9428160000
8120.0 0.9427220000
8125.0 0.9426550000
8130.0 0.9421970000
8135.0 0.9418270000
8140.0 0.9417190000
8145.0 0.9414710000
8150.0 0.9411820000
8155.0 0.9409930000
8160.0 0.9405060000
8165.0 0.9403470000
8170.0 0.9399820000
8175.0 0.9397710000
8180.0 0.9395120000
8185.0 0.9390540000
8190.0 0.9386640000
8195.0 0.9381670000
8200.0 0.9377370000
8205.0 0.9371720000
8210.0 0.9363750000
8215.0 0.9355320000
8220.0 0.9345220000
8225.0 0.9331580000
8230.0 0.9320240000
8235.0 0.9305430000
8240.0 0.9288600000
8245.0 0.9267380000
8250.0 0.9241370000
8255.0 0.9213290000
8260.0 0.9175430000
8265.0 0.9133350000
8270.0 0.9084860000
8275.0 0.9024260000
8280.0 0.8961400000
8285.0 0.8878430000
8290.0 0.8785970000
8295.0 0.8676770000
8300.0 0.8550680000
8305.0 0.8407890000
8310.0 0.8244890000
8315.0 0.8059040000
8320.0 0.7849310000
8325.0 0.7615210000
8330.0 0.7362580000
8335.0 0.7085620000
8340.0 0.6784100000
8345.0 0.6468880000
8350.0 0.6125570000
8355.0 0.5771070000
8360.0 0.5410220000
8365.0 0.5045280000
8370.0 0.4678540000
8375.0 0.4317030000
8380.0 0.3962090000
8385.0 0.3616590000
8390.0 0.3285780000
8395.0 0.2976200000
8400.0 0.2683380000
8405.0 0.2412350000
8410.0 0.2166170000
8415.0 0.1935410000
8420.0 0.1725390000
8425.0 0.1537370000
8430.0 0.1368190000
8435.0 0.1215700000
8440.0 0.1080030000
8445.0 0.0960160000
8450.0 0.0850750000
8455.0 0.0755490000
8460.0 0.0671020000
8465.0 0.0595950000
8470.0 0.0529320000
8475.0 0.0471310000
8480.0 0.0419480000
8485.0 0.0373370000
8490.0 0.0332700000
8495.0 0.0296760000
8500.0 0.0265300000
8505.0 0.0237110000
8510.0 0.0212570000
8515.0 0.0190470000
8520.0 0.0170450000
8525.0 0.0152890000
8530.0 0.0137670000
8535.0 0.0123990000
8540.0 0.0111730000
8545.0 0.0100770000
8550.0 0.0090950000
8555.0 0.0082300000
8560.0 0.0074450000
8565.0 0.0067470000
8570.0 0.0061110000
8575.0 0.0055560000
8580.0 0.0050420000
8585.0 0.0045890000
8590.0 0.0041810000
8595.0 0.0038080000
8600.0 0.0034710000
8605.0 0.0031830000
8610.0 0.0028990000
8615.0 0.0026490000
8620.0 0.0024360000
8625.0 0.0022230000
8630.0 0.0020350000
8635.0 0.0018830000
8640.0 0.0017310000
8645.0 0.0015970000
8650.0 0.0014590000
8655.0 0.0013530000
8660.0 0.0012470000
8665.0 0.0011500000
8670.0 0.0010650000
8675.0 0.0009890000
8680.0 0.0009060000
8685.0 0.0008420000
8690.0 0.0007770000
8695.0 0.0007280000
8700.0 0.0006740000
8705.0 0.0006270000
8710.0 0.0005800000
8715.0 0.0005370000
8720.0 0.0005080000
8725.0 0.0004710000
8730.0 0.0004350000
8735.0 0.0004080000
8740.0 0.0003830000
8745.0 0.0003510000
8750.0 0.0003360000
8755.0 0.0003100000
8760.0 0.0002920000
8765.0 0.0002740000
8770.0 0.0002580000
8775.0 0.0002420000
8780.0 0.0002230000
8785.0 0.0002180000
8790.0 0.0002000000
8795.0 0.0001910000
8800.0 0.0001820000
8805.0 0.0001670000
8810.0 0.0001590000
8815.0 0.0001510000
8820.0 0.0001420000
8825.0 0.0001370000
8830.0 0.0001200000
8835.0 0.0001200000
8840.0 0.0001200000
8845.0 0.0001130000
8850.0 0.0001020000
8855.0 0.0000980000
