5460.000000 0.000000
5470.000000 0.000050
5480.000000 0.000100
5490.000000 0.000200
5500.000000 0.000350
5510.000000 0.000550
5520.000000 0.001000
5530.000000 0.001700
5540.000000 0.002950
5550.000000 0.005000
5560.000000 0.008400
5570.000000 0.013700
5580.000000 0.021750
5590.000000 0.033800
5600.000000 0.050500
5610.000000 0.072300
5620.000000 0.099700
5630.000000 0.134250
5640.000000 0.173150
5650.000000 0.216950
5660.000000 0.263800
5670.000000 0.312200
5680.000000 0.360800
5690.000000 0.408850
5700.000000 0.454950
5710.000000 0.498200
5720.000000 0.538350
5730.000000 0.574300
5740.000000 0.606850
5750.000000 0.635600
5760.000000 0.660100
5770.000000 0.682450
5780.000000 0.701800
5790.000000 0.718600
5800.000000 0.732950
5810.000000 0.745700
5820.000000 0.755100
5830.000000 0.763250
5840.000000 0.771100
5850.000000 0.777050
5860.000000 0.781650
5870.000000 0.785550
5880.000000 0.788650
5890.000000 0.790550
5900.000000 0.791900
5910.000000 0.793300
5920.000000 0.794250
5930.000000 0.793950
5940.000000 0.793450
5950.000000 0.793150
5960.000000 0.791950
5970.000000 0.791100
5980.000000 0.790000
5990.000000 0.788350
6000.000000 0.787150
6010.000000 0.784950
6020.000000 0.782650
6030.000000 0.780750
6040.000000 0.777600
6050.000000 0.775550
6060.000000 0.773150
6070.000000 0.770300
6080.000000 0.766950
6090.000000 0.764650
6100.000000 0.761200
6110.000000 0.757850
6120.000000 0.754550
6130.000000 0.751300
6140.000000 0.747950
6150.000000 0.744300
6160.000000 0.741200
6170.000000 0.737350
6180.000000 0.733750
6190.000000 0.729450
6200.000000 0.726050
6210.000000 0.722150
6220.000000 0.718250
6230.000000 0.714050
6240.000000 0.709700
6250.000000 0.705900
6260.000000 0.701800
6270.000000 0.696750
6280.000000 0.693000
6290.000000 0.687800
6300.000000 0.683650
6310.000000 0.679350
6320.000000 0.675900
6330.000000 0.670500
6340.000000 0.665550
6350.000000 0.661400
6360.000000 0.656350
6370.000000 0.651850
6380.000000 0.648200
6390.000000 0.643000
6400.000000 0.638400
6410.000000 0.633500
6420.000000 0.629200
6430.000000 0.623900
6440.000000 0.618900
6450.000000 0.614550
6460.000000 0.609250
6470.000000 0.604600
6480.000000 0.599700
6490.000000 0.594550
6500.000000 0.589800
6510.000000 0.585100
6520.000000 0.579900
6530.000000 0.574700
6540.000000 0.569750
6550.000000 0.564800
6560.000000 0.559650
6570.000000 0.555100
6580.000000 0.550100
6590.000000 0.545100
6600.000000 0.540150
6610.000000 0.535100
6620.000000 0.530300
6630.000000 0.525750
6640.000000 0.520200
6650.000000 0.515450
6660.000000 0.510600
6670.000000 0.505550
6680.000000 0.500400
6690.000000 0.494850
6700.000000 0.490100
6710.000000 0.485300
6720.000000 0.480150
6730.000000 0.474850
6740.000000 0.469700
6750.000000 0.464800
6760.000000 0.459100
6770.000000 0.453850
6780.000000 0.448650
6790.000000 0.443150
6800.000000 0.437750
6810.000000 0.432050
6820.000000 0.426950
6830.000000 0.421450
6840.000000 0.416000
6850.000000 0.410200
6860.000000 0.404450
6870.000000 0.399000
6880.000000 0.394200
6890.000000 0.388350
6900.000000 0.383050
6910.000000 0.377850
6920.000000 0.372000
6930.000000 0.367950
6940.000000 0.362100
6950.000000 0.356400
6960.000000 0.351600
6970.000000 0.345850
6980.000000 0.340950
6990.000000 0.335700
7000.000000 0.330850
7010.000000 0.326000
7020.000000 0.320300
7030.000000 0.315700
7040.000000 0.310450
7050.000000 0.305300
7060.000000 0.300900
7070.000000 0.295750
7080.000000 0.291200
7090.000000 0.286300
7100.000000 0.282150
7110.000000 0.276900
7120.000000 0.272200
7130.000000 0.267800
7140.000000 0.263150
7150.000000 0.258500
7160.000000 0.254350
7170.000000 0.249850
7180.000000 0.245550
7190.000000 0.240800
7200.000000 0.236650
7210.000000 0.232650
7220.000000 0.228550
7230.000000 0.224000
7240.000000 0.220200
7250.000000 0.216250
7260.000000 0.212150
7270.000000 0.208150
7280.000000 0.204150
7290.000000 0.200400
7300.000000 0.196100
7310.000000 0.192750
7320.000000 0.188700
7330.000000 0.185200
7340.000000 0.181900
7350.000000 0.177750
7360.000000 0.174300
7370.000000 0.171000
7380.000000 0.167650
7390.000000 0.163800
7400.000000 0.160400
7410.000000 0.157250
7420.000000 0.153750
7430.000000 0.150550
7440.000000 0.147150
7450.000000 0.143750
7460.000000 0.141050
7470.000000 0.137600
7480.000000 0.134700
7490.000000 0.132000
7500.000000 0.128450
7510.000000 0.125700
7520.000000 0.122850
7530.000000 0.120050
7540.000000 0.117450
7550.000000 0.114400
7560.000000 0.111800
7570.000000 0.108900
7580.000000 0.106450
7590.000000 0.104050
7600.000000 0.101400
7610.000000 0.098850
7620.000000 0.096800
7630.000000 0.093850
7640.000000 0.091650
7650.000000 0.089500
7660.000000 0.086850
7670.000000 0.084950
7680.000000 0.082850
7690.000000 0.080850
7700.000000 0.078450
7710.000000 0.076450
7720.000000 0.074600
7730.000000 0.072400
7740.000000 0.070450
7750.000000 0.068400
7760.000000 0.066650
7770.000000 0.064950
7780.000000 0.063500
7790.000000 0.061500
7800.000000 0.059750
7810.000000 0.058200
7820.000000 0.056350
7830.000000 0.055000
7840.000000 0.053300
7850.000000 0.051700
7860.000000 0.050400
7870.000000 0.049200
7880.000000 0.047750
7890.000000 0.046300
7900.000000 0.044700
7910.000000 0.043600
7920.000000 0.042000
7930.000000 0.041100
7940.000000 0.040050
7950.000000 0.038900
7960.000000 0.037400
7970.000000 0.036550
7980.000000 0.035350
7990.000000 0.034200
8000.000000 0.033350
8010.000000 0.032200
8020.000000 0.031100
8030.000000 0.030200
8040.000000 0.029250
8050.000000 0.028350
8060.000000 0.027600
8070.000000 0.026550
8080.000000 0.025800
8090.000000 0.024900
8100.000000 0.024150
8110.000000 0.023250
8120.000000 0.022900
8130.000000 0.022200
8140.000000 0.021400
8150.000000 0.020700
8160.000000 0.019950
8170.000000 0.019300
8180.000000 0.018550
8190.000000 0.018200
8200.000000 0.017500
8210.000000 0.016900
8220.000000 0.016600
8230.000000 0.016000
8240.000000 0.015400
8250.000000 0.014800
8260.000000 0.014650
8270.000000 0.014000
8280.000000 0.013250
8290.000000 0.013100
8300.000000 0.012500
8310.000000 0.012150
8320.000000 0.011600
8330.000000 0.011250
8340.000000 0.011000
8350.000000 0.010700
8360.000000 0.009950
8370.000000 0.009850
8380.000000 0.009450
8390.000000 0.008950
8400.000000 0.008850
8410.000000 0.008600
8420.000000 0.008100
8430.000000 0.007900
8440.000000 0.007550
8450.000000 0.007200
8460.000000 0.007400
8470.000000 0.006950
8480.000000 0.006500
8490.000000 0.006300
8500.000000 0.006350
8510.000000 0.005950
8520.000000 0.005650
8530.000000 0.005450
8540.000000 0.005400
8550.000000 0.005150
8560.000000 0.004900
8570.000000 0.004600
8580.000000 0.004500
8590.000000 0.004550
8600.000000 0.004300
8610.000000 0.004600
8620.000000 0.004350
8630.000000 0.003900
8640.000000 0.004000
8650.000000 0.003600
8660.000000 0.003550
8670.000000 0.003600
8680.000000 0.003200
8690.000000 0.003250
8700.000000 0.002800
8710.000000 0.002900
8720.000000 0.003050
8730.000000 0.002800
8740.000000 0.002500
8750.000000 0.002250
8760.000000 0.002700
8770.000000 0.002450
8780.000000 0.002600
8790.000000 0.002350
8800.000000 0.002200
8810.000000 0.002000
8820.000000 0.001750
8830.000000 0.001750
8840.000000 0.001750
8850.000000 0.001750
8860.000000 0.001550
8870.000000 0.001600
8880.000000 0.001350
8890.000000 0.001500
8900.000000 0.001450
8910.000000 0.001850
8920.000000 0.001000
8930.000000 0.000900
8940.000000 0.001400
8950.000000 0.001200
8960.000000 0.001000
8970.000000 0.001200
8980.000000 0.000750
8990.000000 0.001150
9000.000000 0.001200
9010.000000 0.001100
9020.000000 0.000950
9030.000000 0.000950
9040.000000 0.000700
9050.000000 0.000550
9060.000000 0.001000
9070.000000 0.000950
9080.000000 0.000750
9090.000000 0.000800
9100.000000 0.000450
9110.000000 0.000450
9120.000000 0.000550
9130.000000 0.000650
9140.000000 0.000800
9150.000000 0.000300
9160.000000 0.000500
9170.000000 0.000250
9180.000000 0.000450
9190.000000 0.000050
9200.000000 0.000200
9210.000000 0.000350
9220.000000 0.000400
9230.000000 0.000350
9240.000000 0.000200
9250.000000 0.000300
