3608.000000 0.000000
3610.000000 0.000050
3612.000000 0.000050
3614.000000 0.000050
3616.000000 0.000000
3618.000000 0.000050
3620.000000 0.000050
3622.000000 0.000050
3624.000000 0.000050
3626.000000 0.000100
3628.000000 0.000100
3630.000000 0.000100
3632.000000 0.000050
3634.000000 0.000100
3636.000000 0.000150
3638.000000 0.000100
3640.000000 0.000100
3642.000000 0.000050
3644.000000 0.000100
3646.000000 0.000150
3648.000000 0.000150
3650.000000 0.000150
3652.000000 0.000150
3654.000000 0.000150
3656.000000 0.000200
3658.000000 0.000200
3660.000000 0.000150
3662.000000 0.000200
3664.000000 0.000250
3666.000000 0.000250
3668.000000 0.000250
3670.000000 0.000300
3672.000000 0.000350
3674.000000 0.000350
3676.000000 0.000350
3678.000000 0.000350
3680.000000 0.000300
3682.000000 0.000350
3684.000000 0.000350
3686.000000 0.000400
3688.000000 0.000350
3690.000000 0.000400
3692.000000 0.000450
3694.000000 0.000450
3696.000000 0.000550
3698.000000 0.000550
3700.000000 0.000600
3702.000000 0.000700
3704.000000 0.000650
3706.000000 0.000600
3708.000000 0.000650
3710.000000 0.000750
3712.000000 0.000800
3714.000000 0.000800
3716.000000 0.000800
3718.000000 0.000800
3720.000000 0.000900
3722.000000 0.001000
3724.000000 0.001050
3726.000000 0.001150
3728.000000 0.001150
3730.000000 0.001200
3732.000000 0.001200
3734.000000 0.001200
3736.000000 0.001300
3738.000000 0.001350
3740.000000 0.001400
3742.000000 0.001450
3744.000000 0.001550
3746.000000 0.001500
3748.000000 0.001600
3750.000000 0.001600
3752.000000 0.001800
3754.000000 0.001900
3756.000000 0.002000
3758.000000 0.002100
3760.000000 0.002200
3762.000000 0.002300
3764.000000 0.002450
3766.000000 0.002700
3768.000000 0.002800
3770.000000 0.002800
3772.000000 0.002850
3774.000000 0.002900
3776.000000 0.003000
3778.000000 0.003100
3780.000000 0.003200
3782.000000 0.003400
3784.000000 0.003550
3786.000000 0.003750
3788.000000 0.003900
3790.000000 0.004150
3792.000000 0.004500
3794.000000 0.004750
3796.000000 0.004900
3798.000000 0.005200
3800.000000 0.005600
3802.000000 0.005900
3804.000000 0.006200
3806.000000 0.006300
3808.000000 0.006550
3810.000000 0.006800
3812.000000 0.006950
3814.000000 0.007100
3816.000000 0.007350
3818.000000 0.007550
3820.000000 0.007800
3822.000000 0.008350
3824.000000 0.008800
3826.000000 0.009300
3828.000000 0.009950
3830.000000 0.010500
3832.000000 0.011000
3834.000000 0.011750
3836.000000 0.012300
3838.000000 0.012850
3840.000000 0.013600
3842.000000 0.014250
3844.000000 0.014800
3846.000000 0.015350
3848.000000 0.015900
3850.000000 0.016300
3852.000000 0.016900
3854.000000 0.017650
3856.000000 0.018400
3858.000000 0.019750
3860.000000 0.020950
3862.000000 0.022400
3864.000000 0.023750
3866.000000 0.025100
3868.000000 0.026700
3870.000000 0.028350
3872.000000 0.029900
3874.000000 0.031850
3876.000000 0.033500
3878.000000 0.034850
3880.000000 0.036350
3882.000000 0.037650
3884.000000 0.038800
3886.000000 0.040200
3888.000000 0.042300
3890.000000 0.044500
3892.000000 0.047000
3894.000000 0.049650
3896.000000 0.052800
3898.000000 0.056550
3900.000000 0.060900
3902.000000 0.065000
3904.000000 0.069500
3906.000000 0.074650
3908.000000 0.079350
3910.000000 0.084350
3912.000000 0.088600
3914.000000 0.092350
3916.000000 0.095950
3918.000000 0.099150
3920.000000 0.103200
3922.000000 0.106900
3924.000000 0.111350
3926.000000 0.116000
3928.000000 0.122350
3930.000000 0.129050
3932.000000 0.137600
3934.000000 0.147650
3936.000000 0.157900
3938.000000 0.169300
3940.000000 0.180400
3942.000000 0.192500
3944.000000 0.204150
3946.000000 0.216750
3948.000000 0.227600
3950.000000 0.237800
3952.000000 0.246950
3954.000000 0.255950
3956.000000 0.265600
3958.000000 0.274550
3960.000000 0.282700
3962.000000 0.292650
3964.000000 0.304000
3966.000000 0.316400
3968.000000 0.330350
3970.000000 0.346250
3972.000000 0.363350
3974.000000 0.382900
3976.000000 0.402150
3978.000000 0.422200
3980.000000 0.440300
3982.000000 0.457850
3984.000000 0.474450
3986.000000 0.488500
3988.000000 0.500750
3990.000000 0.512400
3992.000000 0.523150
3994.000000 0.533200
3996.000000 0.544450
3998.000000 0.554850
4000.000000 0.563300
4002.000000 0.573750
4004.000000 0.584250
4006.000000 0.595300
4008.000000 0.607100
4010.000000 0.618850
4012.000000 0.629250
4014.000000 0.639750
4016.000000 0.649700
4018.000000 0.658750
4020.000000 0.664700
4022.000000 0.670150
4024.000000 0.675100
4026.000000 0.679950
4028.000000 0.683200
4030.000000 0.686650
4032.000000 0.691900
4034.000000 0.695800
4036.000000 0.699500
4038.000000 0.700800
4040.000000 0.703150
4042.000000 0.706200
4044.000000 0.710600
4046.000000 0.712250
4048.000000 0.714550
4050.000000 0.715150
4052.000000 0.718050
4054.000000 0.719100
4056.000000 0.718900
4058.000000 0.719650
4060.000000 0.722100
4062.000000 0.721250
4064.000000 0.721500
4066.000000 0.722950
4068.000000 0.725100
4070.000000 0.727000
4072.000000 0.726300
4074.000000 0.726550
4076.000000 0.725400
4078.000000 0.724200
4080.000000 0.723100
4082.000000 0.722650
4084.000000 0.720650
4086.000000 0.719700
4088.000000 0.715800
4090.000000 0.711800
4092.000000 0.710100
4094.000000 0.706000
4096.000000 0.700700
4098.000000 0.697100
4100.000000 0.694650
4102.000000 0.692750
4104.000000 0.690900
4106.000000 0.689750
4108.000000 0.688100
4110.000000 0.686250
4112.000000 0.685150
4114.000000 0.682350
4116.000000 0.679400
4118.000000 0.674350
4120.000000 0.668050
4122.000000 0.661250
4124.000000 0.652150
4126.000000 0.641150
4128.000000 0.627750
4130.000000 0.613700
4132.000000 0.599500
4134.000000 0.583400
4136.000000 0.568450
4138.000000 0.556400
4140.000000 0.543550
4142.000000 0.530150
4144.000000 0.520500
4146.000000 0.511950
4148.000000 0.503150
4150.000000 0.496650
4152.000000 0.489400
4154.000000 0.481950
4156.000000 0.473650
4158.000000 0.466400
4160.000000 0.457250
4162.000000 0.447050
4164.000000 0.436050
4166.000000 0.423200
4168.000000 0.409150
4170.000000 0.394300
4172.000000 0.378300
4174.000000 0.362500
4176.000000 0.345700
4178.000000 0.329500
4180.000000 0.314350
4182.000000 0.299050
4184.000000 0.286500
4186.000000 0.275000
4188.000000 0.265000
4190.000000 0.256100
4192.000000 0.247950
4194.000000 0.240800
4196.000000 0.233850
4198.000000 0.227350
4200.000000 0.221450
4202.000000 0.215750
4204.000000 0.209350
4206.000000 0.202450
4208.000000 0.195750
4210.000000 0.188900
4212.000000 0.182300
4214.000000 0.175900
4216.000000 0.168450
4218.000000 0.160750
4220.000000 0.153750
4222.000000 0.147850
4224.000000 0.141850
4226.000000 0.135400
4228.000000 0.129800
4230.000000 0.124450
4232.000000 0.119700
4234.000000 0.114850
4236.000000 0.110500
4238.000000 0.106000
4240.000000 0.101850
4242.000000 0.098350
4244.000000 0.094900
4246.000000 0.091350
4248.000000 0.088150
4250.000000 0.085200
4252.000000 0.082150
4254.000000 0.079450
4256.000000 0.077000
4258.000000 0.074850
4260.000000 0.072750
4262.000000 0.070950
4264.000000 0.068950
4266.000000 0.067350
4268.000000 0.065900
4270.000000 0.064150
4272.000000 0.062500
4274.000000 0.060900
4276.000000 0.059400
4278.000000 0.057600
4280.000000 0.055600
4282.000000 0.053800
4284.000000 0.051950
4286.000000 0.049950
4288.000000 0.047800
4290.000000 0.045850
4292.000000 0.043850
4294.000000 0.042000
4296.000000 0.040200
4298.000000 0.038100
4300.000000 0.036400
4302.000000 0.035350
4304.000000 0.033950
4306.000000 0.032900
4308.000000 0.032400
4310.000000 0.031600
4312.000000 0.031050
4314.000000 0.031150
4316.000000 0.031000
4318.000000 0.030850
4320.000000 0.030650
4322.000000 0.030200
4324.000000 0.030250
4326.000000 0.029750
4328.000000 0.029500
4330.000000 0.029050
4332.000000 0.028350
4334.000000 0.027800
4336.000000 0.026900
4338.000000 0.025900
4340.000000 0.024850
4342.000000 0.023800
4344.000000 0.022750
4346.000000 0.021650
4348.000000 0.020500
4350.000000 0.019700
4352.000000 0.018900
4354.000000 0.018000
4356.000000 0.017400
4358.000000 0.017050
4360.000000 0.016700
4362.000000 0.016500
4364.000000 0.016350
4366.000000 0.016250
4368.000000 0.016300
4370.000000 0.016300
4372.000000 0.016450
4374.000000 0.016700
4376.000000 0.016750
4378.000000 0.016900
4380.000000 0.016650
4382.000000 0.016650
4384.000000 0.016400
4386.000000 0.016050
4388.000000 0.015850
4390.000000 0.015400
4392.000000 0.015050
4394.000000 0.014450
4396.000000 0.013950
4398.000000 0.013450
4400.000000 0.013000
4402.000000 0.012500
4404.000000 0.012000
4406.000000 0.011600
4408.000000 0.011200
4410.000000 0.010800
4412.000000 0.010400
4414.000000 0.010250
4416.000000 0.010100
4418.000000 0.010050
4420.000000 0.010000
4422.000000 0.010100
4424.000000 0.010050
4426.000000 0.010000
4428.000000 0.010150
4430.000000 0.010200
4432.000000 0.010250
4434.000000 0.010300
4436.000000 0.010300
4438.000000 0.010150
4440.000000 0.010100
4442.000000 0.010100
4444.000000 0.010000
4446.000000 0.009850
4448.000000 0.009800
4450.000000 0.009650
4452.000000 0.009550
4454.000000 0.009150
4456.000000 0.008950
4458.000000 0.008800
4460.000000 0.008750
4462.000000 0.008500
4464.000000 0.008350
4466.000000 0.008150
4468.000000 0.008000
4470.000000 0.007800
4472.000000 0.007650
4474.000000 0.007600
4476.000000 0.007450
4478.000000 0.007300
4480.000000 0.007200
4482.000000 0.007050
4484.000000 0.006950
4486.000000 0.007000
4488.000000 0.006950
4490.000000 0.006950
4492.000000 0.006850
4494.000000 0.006800
4496.000000 0.006800
4498.000000 0.006800
4500.000000 0.006850
4502.000000 0.006950
4504.000000 0.007000
4506.000000 0.007050
4508.000000 0.007150
4510.000000 0.007150
4512.000000 0.007200
4514.000000 0.007250
4516.000000 0.007300
4518.000000 0.007300
4520.000000 0.007200
4522.000000 0.007250
4524.000000 0.007100
4526.000000 0.006950
4528.000000 0.006900
4530.000000 0.006800
4532.000000 0.006700
4534.000000 0.006550
4536.000000 0.006250
4538.000000 0.006000
4540.000000 0.005900
4542.000000 0.005650
4544.000000 0.005550
4546.000000 0.005350
4548.000000 0.005200
4550.000000 0.005200
4552.000000 0.005100
4554.000000 0.005050
4556.000000 0.005150
4558.000000 0.005300
4560.000000 0.005350
4562.000000 0.005550
4564.000000 0.005750
4566.000000 0.005800
4568.000000 0.006050
4570.000000 0.006300
4572.000000 0.006450
4574.000000 0.006600
4576.000000 0.006700
4578.000000 0.006850
4580.000000 0.006900
4582.000000 0.006900
4584.000000 0.006900
4586.000000 0.006850
4588.000000 0.006800
4590.000000 0.006650
4592.000000 0.006400
4594.000000 0.006250
4596.000000 0.006050
4598.000000 0.005850
4600.000000 0.005850
