4600.000000 0.000150
4602.000000 0.000150
4604.000000 0.000200
4606.000000 0.000200
4608.000000 0.000250
4610.000000 0.000250
4612.000000 0.000300
4614.000000 0.000250
4616.000000 0.000300
4618.000000 0.000400
4620.000000 0.000450
4622.000000 0.000450
4624.000000 0.000500
4626.000000 0.000500
4628.000000 0.000550
4630.000000 0.000600
4632.000000 0.000600
4634.000000 0.000650
4636.000000 0.000750
4638.000000 0.000800
4640.000000 0.000850
4642.000000 0.000850
4644.000000 0.000950
4646.000000 0.001000
4648.000000 0.001100
4650.000000 0.001200
4652.000000 0.001200
4654.000000 0.001200
4656.000000 0.001300
4658.000000 0.001400
4660.000000 0.001500
4662.000000 0.001600
4664.000000 0.001700
4666.000000 0.001750
4668.000000 0.001850
4670.000000 0.001900
4672.000000 0.002000
4674.000000 0.002100
4676.000000 0.002150
4678.000000 0.002250
4680.000000 0.002400
4682.000000 0.002500
4684.000000 0.002600
4686.000000 0.002700
4688.000000 0.002750
4690.000000 0.002900
4692.000000 0.003000
4694.000000 0.003100
4696.000000 0.003250
4698.000000 0.003400
4700.000000 0.003450
4702.000000 0.003550
4704.000000 0.003650
4706.000000 0.003800
4708.000000 0.003850
4710.000000 0.004050
4712.000000 0.004200
4714.000000 0.004400
4716.000000 0.004450
4718.000000 0.004550
4720.000000 0.004750
4722.000000 0.004950
4724.000000 0.005000
4726.000000 0.005150
4728.000000 0.005300
4730.000000 0.005350
4732.000000 0.005550
4734.000000 0.005700
4736.000000 0.005850
4738.000000 0.006050
4740.000000 0.006150
4742.000000 0.006350
4744.000000 0.006500
4746.000000 0.006600
4748.000000 0.006750
4750.000000 0.006850
4752.000000 0.006950
4754.000000 0.007200
4756.000000 0.007400
4758.000000 0.007600
4760.000000 0.007750
4762.000000 0.007850
4764.000000 0.007950
4766.000000 0.008200
4768.000000 0.008350
4770.000000 0.008650
4772.000000 0.008800
4774.000000 0.008950
4776.000000 0.009150
4778.000000 0.009400
4780.000000 0.009550
4782.000000 0.009750
4784.000000 0.010000
4786.000000 0.010200
4788.000000 0.010350
4790.000000 0.010600
4792.000000 0.010800
4794.000000 0.011000
4796.000000 0.011150
4798.000000 0.011450
4800.000000 0.011700
4802.000000 0.011850
4804.000000 0.012050
4806.000000 0.012350
4808.000000 0.012550
4810.000000 0.012750
4812.000000 0.013100
4814.000000 0.013350
4816.000000 0.013700
4818.000000 0.014000
4820.000000 0.014300
4822.000000 0.014450
4824.000000 0.014800
4826.000000 0.015150
4828.000000 0.015450
4830.000000 0.015900
4832.000000 0.016100
4834.000000 0.016350
4836.000000 0.016700
4838.000000 0.017050
4840.000000 0.017400
4842.000000 0.017750
4844.000000 0.018150
4846.000000 0.018700
4848.000000 0.019000
4850.000000 0.019350
4852.000000 0.019750
4854.000000 0.020200
4856.000000 0.020800
4858.000000 0.021350
4860.000000 0.021750
4862.000000 0.022200
4864.000000 0.022650
4866.000000 0.023200
4868.000000 0.023800
4870.000000 0.024150
4872.000000 0.024750
4874.000000 0.025500
4876.000000 0.025950
4878.000000 0.026550
4880.000000 0.027300
4882.000000 0.027800
4884.000000 0.028650
4886.000000 0.029200
4888.000000 0.029800
4890.000000 0.030450
4892.000000 0.031300
4894.000000 0.032150
4896.000000 0.033100
4898.000000 0.034000
4900.000000 0.034900
4902.000000 0.035700
4904.000000 0.036550
4906.000000 0.037400
4908.000000 0.038450
4910.000000 0.039600
4912.000000 0.040750
4914.000000 0.041850
4916.000000 0.042900
4918.000000 0.044150
4920.000000 0.045700
4922.000000 0.046750
4924.000000 0.048050
4926.000000 0.049300
4928.000000 0.050800
4930.000000 0.052150
4932.000000 0.053700
4934.000000 0.055100
4936.000000 0.056800
4938.000000 0.058500
4940.000000 0.060200
4942.000000 0.062150
4944.000000 0.063950
4946.000000 0.065850
4948.000000 0.067750
4950.000000 0.069950
4952.000000 0.072200
4954.000000 0.074700
4956.000000 0.076900
4958.000000 0.079300
4960.000000 0.081850
4962.000000 0.084450
4964.000000 0.087050
4966.000000 0.089800
4968.000000 0.092600
4970.000000 0.095800
4972.000000 0.098950
4974.000000 0.101900
4976.000000 0.105150
4978.000000 0.108750
4980.000000 0.112250
4982.000000 0.116150
4984.000000 0.119800
4986.000000 0.124050
4988.000000 0.128150
4990.000000 0.132650
4992.000000 0.137300
4994.000000 0.142000
4996.000000 0.146850
4998.000000 0.151900
5000.000000 0.157300
5002.000000 0.163050
5004.000000 0.168450
5006.000000 0.174150
5008.000000 0.180450
5010.000000 0.187050
5012.000000 0.193550
5014.000000 0.200150
5016.000000 0.207350
5018.000000 0.214650
5020.000000 0.221400
5022.000000 0.229250
5024.000000 0.237250
5026.000000 0.244900
5028.000000 0.253100
5030.000000 0.261200
5032.000000 0.269900
5034.000000 0.278250
5036.000000 0.287500
5038.000000 0.296850
5040.000000 0.306350
5042.000000 0.316250
5044.000000 0.326300
5046.000000 0.336550
5048.000000 0.347350
5050.000000 0.357450
5052.000000 0.367950
5054.000000 0.378650
5056.000000 0.390050
5058.000000 0.401050
5060.000000 0.412650
5062.000000 0.424000
5064.000000 0.435000
5066.000000 0.445650
5068.000000 0.456550
5070.000000 0.467950
5072.000000 0.478750
5074.000000 0.489600
5076.000000 0.499900
5078.000000 0.510800
5080.000000 0.521800
5082.000000 0.532900
5084.000000 0.543850
5086.000000 0.554100
5088.000000 0.564550
5090.000000 0.575100
5092.000000 0.585250
5094.000000 0.594650
5096.000000 0.603500
5098.000000 0.613300
5100.000000 0.622250
5102.000000 0.631250
5104.000000 0.640600
5106.000000 0.648450
5108.000000 0.655900
5110.000000 0.663150
5112.000000 0.670550
5114.000000 0.677900
5116.000000 0.684800
5118.000000 0.691600
5120.000000 0.698200
5122.000000 0.705150
5124.000000 0.709800
5126.000000 0.715500
5128.000000 0.721200
5130.000000 0.726700
5132.000000 0.731900
5134.000000 0.737400
5136.000000 0.741750
5138.000000 0.747350
5140.000000 0.751900
5142.000000 0.755750
5144.000000 0.760000
5146.000000 0.765150
5148.000000 0.770050
5150.000000 0.773650
5152.000000 0.778050
5154.000000 0.782150
5156.000000 0.785300
5158.000000 0.789650
5160.000000 0.793200
5162.000000 0.795800
5164.000000 0.799100
5166.000000 0.803200
5168.000000 0.807850
5170.000000 0.810400
5172.000000 0.814450
5174.000000 0.816650
5176.000000 0.820000
5178.000000 0.823300
5180.000000 0.826200
5182.000000 0.829100
5184.000000 0.830850
5186.000000 0.832700
5188.000000 0.834050
5190.000000 0.836750
5192.000000 0.837600
5194.000000 0.839150
5196.000000 0.840150
5198.000000 0.842100
5200.000000 0.841400
5202.000000 0.841300
5204.000000 0.842750
5206.000000 0.842350
5208.000000 0.841050
5210.000000 0.839600
5212.000000 0.836300
5214.000000 0.833800
5216.000000 0.830900
5218.000000 0.827100
5220.000000 0.823650
5222.000000 0.818900
5224.000000 0.814550
5226.000000 0.808300
5228.000000 0.802300
5230.000000 0.795850
5232.000000 0.788250
5234.000000 0.779900
5236.000000 0.771150
5238.000000 0.762550
5240.000000 0.752500
5242.000000 0.740900
5244.000000 0.730450
5246.000000 0.718350
5248.000000 0.706450
5250.000000 0.693450
5252.000000 0.679550
5254.000000 0.667350
5256.000000 0.654350
5258.000000 0.640900
5260.000000 0.626550
5262.000000 0.613000
5264.000000 0.599150
5266.000000 0.584450
5268.000000 0.569500
5270.000000 0.556150
5272.000000 0.541700
5274.000000 0.527800
5276.000000 0.514000
5278.000000 0.499750
5280.000000 0.486350
5282.000000 0.472550
5284.000000 0.458650
5286.000000 0.445250
5288.000000 0.431050
5290.000000 0.418200
5292.000000 0.405900
5294.000000 0.393650
5296.000000 0.381400
5298.000000 0.368700
5300.000000 0.357100
5302.000000 0.345950
5304.000000 0.334750
5306.000000 0.324300
5308.000000 0.313700
5310.000000 0.303400
5312.000000 0.293650
5314.000000 0.284400
5316.000000 0.274700
5318.000000 0.265900
5320.000000 0.257450
5322.000000 0.249100
5324.000000 0.241900
5326.000000 0.233500
5328.000000 0.225850
5330.000000 0.219200
5332.000000 0.212250
5334.000000 0.205650
5336.000000 0.199000
5338.000000 0.192650
5340.000000 0.186400
5342.000000 0.181250
5344.000000 0.175350
5346.000000 0.169750
5348.000000 0.164250
5350.000000 0.159350
5352.000000 0.154650
5354.000000 0.150050
5356.000000 0.145600
5358.000000 0.141000
5360.000000 0.136850
5362.000000 0.132650
5364.000000 0.128650
5366.000000 0.125050
5368.000000 0.121650
5370.000000 0.118350
5372.000000 0.114850
5374.000000 0.111600
5376.000000 0.108850
5378.000000 0.105900
5380.000000 0.103100
5382.000000 0.100050
5384.000000 0.097300
5386.000000 0.094900
5388.000000 0.092550
5390.000000 0.089750
5392.000000 0.087750
5394.000000 0.085000
5396.000000 0.082800
5398.000000 0.080550
5400.000000 0.078350
5402.000000 0.076150
5404.000000 0.074400
5406.000000 0.072400
5408.000000 0.070750
5410.000000 0.068950
5412.000000 0.067200
5414.000000 0.065500
5416.000000 0.063900
5418.000000 0.062350
5420.000000 0.060950
5422.000000 0.059500
5424.000000 0.058100
5426.000000 0.056900
5428.000000 0.055700
5430.000000 0.054450
5432.000000 0.053100
5434.000000 0.051750
5436.000000 0.050750
5438.000000 0.049550
5440.000000 0.048350
5442.000000 0.047250
5444.000000 0.046400
5446.000000 0.045550
5448.000000 0.044500
5450.000000 0.043650
5452.000000 0.042700
5454.000000 0.041700
5456.000000 0.040850
5458.000000 0.040050
5460.000000 0.039200
5462.000000 0.038400
5464.000000 0.037750
5466.000000 0.037050
5468.000000 0.036300
5470.000000 0.035500
5472.000000 0.034950
5474.000000 0.034200
5476.000000 0.033550
5478.000000 0.033050
5480.000000 0.032400
5482.000000 0.031700
5484.000000 0.031300
5486.000000 0.030750
5488.000000 0.030200
5490.000000 0.029650
5492.000000 0.029050
5494.000000 0.028600
5496.000000 0.028350
5498.000000 0.027700
5500.000000 0.027050
5502.000000 0.026650
5504.000000 0.026200
5506.000000 0.025700
5508.000000 0.025300
5510.000000 0.024950
5512.000000 0.024300
5514.000000 0.024000
5516.000000 0.023550
5518.000000 0.023400
5520.000000 0.022900
5522.000000 0.022700
5524.000000 0.022250
5526.000000 0.021800
5528.000000 0.021500
5530.000000 0.021000
5532.000000 0.020800
5534.000000 0.020650
5536.000000 0.020200
5538.000000 0.020000
5540.000000 0.019700
5542.000000 0.019400
5544.000000 0.019100
5546.000000 0.018900
5548.000000 0.018400
5550.000000 0.018100
5552.000000 0.017900
5554.000000 0.017700
5556.000000 0.017450
5558.000000 0.017300
5560.000000 0.017000
5562.000000 0.016750
5564.000000 0.016600
5566.000000 0.016350
5568.000000 0.016250
5570.000000 0.015800
5572.000000 0.015700
5574.000000 0.015500
5576.000000 0.015400
5578.000000 0.015100
5580.000000 0.015050
5582.000000 0.014750
5584.000000 0.014450
5586.000000 0.014400
5588.000000 0.014200
5590.000000 0.013950
5592.000000 0.013800
5594.000000 0.013800
5596.000000 0.013500
5598.000000 0.013350
5600.000000 0.013100
5602.000000 0.013000
5604.000000 0.012850
5606.000000 0.012700
5608.000000 0.012750
5610.000000 0.012450
5612.000000 0.012250
5614.000000 0.012200
5616.000000 0.012000
5618.000000 0.011950
5620.000000 0.011800
5622.000000 0.011650
5624.000000 0.011500
5626.000000 0.011300
5628.000000 0.011200
5630.000000 0.011150
5632.000000 0.010950
5634.000000 0.010900
5636.000000 0.010800
5638.000000 0.010700
5640.000000 0.010550
5642.000000 0.010450
5644.000000 0.010300
5646.000000 0.010200
5648.000000 0.010100
5650.000000 0.010050
5652.000000 0.009950
5654.000000 0.009800
5656.000000 0.009700
5658.000000 0.009650
5660.000000 0.009550
5662.000000 0.009450
5664.000000 0.009350
5666.000000 0.009250
5668.000000 0.009200
5670.000000 0.009050
5672.000000 0.009050
5674.000000 0.008950
5676.000000 0.008800
5678.000000 0.008750
5680.000000 0.008650
5682.000000 0.008550
5684.000000 0.008500
5686.000000 0.008500
5688.000000 0.008400
5690.000000 0.008400
5692.000000 0.008250
5694.000000 0.008150
5696.000000 0.008050
5698.000000 0.008000
5700.000000 0.008000
5702.000000 0.007850
5704.000000 0.007850
5706.000000 0.007800
5708.000000 0.007700
5710.000000 0.007650
5712.000000 0.007550
5714.000000 0.007500
5716.000000 0.007450
5718.000000 0.007350
5720.000000 0.007250
5722.000000 0.007200
5724.000000 0.007200
5726.000000 0.007100
5728.000000 0.007050
5730.000000 0.007000
5732.000000 0.007000
5734.000000 0.006950
5736.000000 0.006900
5738.000000 0.006850
5740.000000 0.006800
5742.000000 0.006700
5744.000000 0.006650
5746.000000 0.006600
5748.000000 0.006500
5750.000000 0.006500
5752.000000 0.006400
5754.000000 0.006400
5756.000000 0.006350
5758.000000 0.006350
5760.000000 0.006250
5762.000000 0.006250
5764.000000 0.006250
5766.000000 0.006150
5768.000000 0.006100
5770.000000 0.006100
5772.000000 0.006050
5774.000000 0.005900
5776.000000 0.005900
5778.000000 0.005900
5780.000000 0.005850
5782.000000 0.005800
5784.000000 0.005750
5786.000000 0.005750
5788.000000 0.005750
5790.000000 0.005650
5792.000000 0.005600
5794.000000 0.005600
5796.000000 0.005550
5798.000000 0.005500
5800.000000 0.005500
5802.000000 0.005450
5804.000000 0.005350
5806.000000 0.005350
5808.000000 0.005300
5810.000000 0.005250
5812.000000 0.005300
5814.000000 0.005300
5816.000000 0.005200
5818.000000 0.005150
5820.000000 0.005100
5822.000000 0.005100
5824.000000 0.005150
5826.000000 0.005050
5828.000000 0.005050
5830.000000 0.005050
5832.000000 0.005050
5834.000000 0.004950
5836.000000 0.004900
5838.000000 0.004900
5840.000000 0.004800
5842.000000 0.004800
5844.000000 0.004800
5846.000000 0.004750
5848.000000 0.004700
5850.000000 0.004700
5852.000000 0.004700
5854.000000 0.004650
5856.000000 0.004650
5858.000000 0.004650
5860.000000 0.004600
5862.000000 0.004550
5864.000000 0.004550
5866.000000 0.004450
5868.000000 0.004500
5870.000000 0.004450
5872.000000 0.004500
5874.000000 0.004450
5876.000000 0.004400
5878.000000 0.004400
5880.000000 0.004400
5882.000000 0.004350
5884.000000 0.004300
5886.000000 0.004250
5888.000000 0.004250
5890.000000 0.004250
5892.000000 0.004250
5894.000000 0.004250
5896.000000 0.004200
5898.000000 0.004250
5900.000000 0.004250
