4882.0 0.0048700000
4884.0 0.0051100000
4886.0 0.0054500000
4888.0 0.0056900000
4890.0 0.0060700000
4892.0 0.0064500000
4894.0 0.0067000000
4896.0 0.0070500000
4898.0 0.0074900000
4900.0 0.0079700000
4902.0 0.0084100000
4904.0 0.0088000000
4906.0 0.0093100000
4908.0 0.0098300000
4910.0 0.0104800000
4912.0 0.0112300000
4914.0 0.0119200000
4916.0 0.0126800000
4918.0 0.0135300000
4920.0 0.0143600000
4922.0 0.0153800000
4924.0 0.0165900000
4926.0 0.0177000000
4928.0 0.0189800000
4930.0 0.0205700000
4932.0 0.0222000000
4934.0 0.0237700000
4936.0 0.0255100000
4938.0 0.0275600000
4940.0 0.0298200000
4942.0 0.0323300000
4944.0 0.0351600000
4946.0 0.0382800000
4948.0 0.0419300000
4950.0 0.0460400000
4952.0 0.0500900000
4954.0 0.0546900000
4956.0 0.0602000000
4958.0 0.0663300000
4960.0 0.0732400000
4962.0 0.0806700000
4964.0 0.0892200000
4966.0 0.0990600000
4968.0 0.1096600000
4970.0 0.1217200000
4972.0 0.1360500000
4974.0 0.1521600000
4976.0 0.1699400000
4978.0 0.1898300000
4980.0 0.2124900000
4982.0 0.2379200000
4984.0 0.2662000000
4986.0 0.2972900000
4988.0 0.3306400000
4990.0 0.3676900000
4992.0 0.4081900000
4994.0 0.4509900000
4996.0 0.4951600000
4998.0 0.5396700000
5000.0 0.5833100000
5002.0 0.6276900000
5004.0 0.6706100000
5006.0 0.7099900000
5008.0 0.7460800000
5010.0 0.7778200000
5012.0 0.8051600000
5014.0 0.8270000000
5016.0 0.8427000000
5018.0 0.8543500000
5020.0 0.8656800000
5022.0 0.8741500000
5024.0 0.8774300000
5026.0 0.8774900000
5028.0 0.8787700000
5030.0 0.8809200000
5032.0 0.8810000000
5034.0 0.8813600000
5036.0 0.8840500000
5038.0 0.8857000000
5040.0 0.8871200000
5042.0 0.8901400000
5044.0 0.8922700000
5046.0 0.8947900000
5048.0 0.8968400000
5050.0 0.8961300000
5052.0 0.8933000000
5054.0 0.8887500000
5056.0 0.8803300000
5058.0 0.8665600000
5060.0 0.8466300000
5062.0 0.8234400000
5064.0 0.7960100000
5066.0 0.7608300000
5068.0 0.7228900000
5070.0 0.6813000000
5072.0 0.6366300000
5074.0 0.5914500000
5076.0 0.5440800000
5078.0 0.4979100000
5080.0 0.4529300000
5082.0 0.4094100000
5084.0 0.3703900000
5086.0 0.3343700000
5088.0 0.3003700000
5090.0 0.2694200000
5092.0 0.2422000000
5094.0 0.2179900000
5096.0 0.1956500000
5098.0 0.1760700000
5100.0 0.1581600000
5102.0 0.1418300000
5104.0 0.1282800000
5106.0 0.1163900000
5108.0 0.1052700000
5110.0 0.0953400000
5112.0 0.0867800000
5114.0 0.0790300000
5116.0 0.0722200000
5118.0 0.0662400000
5120.0 0.0606500000
5122.0 0.0556200000
5124.0 0.0510600000
5126.0 0.0470100000
5128.0 0.0434000000
5130.0 0.0401600000
5132.0 0.0371700000
5134.0 0.0342600000
5136.0 0.0319500000
5138.0 0.0296800000
5140.0 0.0276800000
5142.0 0.0257700000
5144.0 0.0239400000
5146.0 0.0224500000
5148.0 0.0210100000
5150.0 0.0198200000
5152.0 0.0185400000
5154.0 0.0172400000
5156.0 0.0162400000
5158.0 0.0153800000
5160.0 0.0144200000
5162.0 0.0135200000
5164.0 0.0128500000
5166.0 0.0121300000
5168.0 0.0113700000
5170.0 0.0108000000
5172.0 0.0102400000
5174.0 0.0096300000
5176.0 0.0092000000
5178.0 0.0087400000
5180.0 0.0083200000
5182.0 0.0079700000
5184.0 0.0076100000
5186.0 0.0071600000
5188.0 0.0067700000
5190.0 0.0066200000
5192.0 0.0063800000
5194.0 0.0060300000
5196.0 0.0056900000
5198.0 0.0054500000
5200.0 0.0053300000
5202.0 0.0051900000
5204.0 0.0050200000
5206.0 0.0047900000
