8160.0 0.0036000000
8180.0 0.0059100000
8200.0 0.0094100000
8220.0 0.0143700000
8240.0 0.0263400000
8260.0 0.0406500000
8280.0 0.0583200000
8300.0 0.0795100000
8320.0 0.1047500000
8340.0 0.1335300000
8360.0 0.1660800000
8380.0 0.2019500000
8400.0 0.2356400000
8420.0 0.2721400000
8440.0 0.3103200000
8460.0 0.3496400000
8480.0 0.3890800000
8500.0 0.4290600000
8520.0 0.4686000000
8540.0 0.5075400000
8560.0 0.5455200000
8580.0 0.5821200000
8600.0 0.6166100000
8620.0 0.6494900000
8640.0 0.6804400000
8660.0 0.7087600000
8680.0 0.7350900000
8700.0 0.7592000000
8720.0 0.7814000000
8740.0 0.8010400000
8760.0 0.8189100000
8780.0 0.8348500000
8800.0 0.8491700000
8820.0 0.8620600000
8840.0 0.8733500000
8860.0 0.8834100000
8880.0 0.8919700000
8900.0 0.8998600000
8920.0 0.9069500000
8940.0 0.9129300000
8960.0 0.9182100000
8980.0 0.9231400000
9000.0 0.9274900000
9020.0 0.9313500000
9040.0 0.9349800000
9060.0 0.9380800000
9080.0 0.9409200000
9100.0 0.9434400000
9120.0 0.9457100000
9140.0 0.9476300000
9160.0 0.9493900000
9180.0 0.9509900000
9200.0 0.9524100000
9220.0 0.9537800000
9240.0 0.9549400000
9260.0 0.9560900000
9280.0 0.9571100000
9300.0 0.9580400000
9320.0 0.9589200000
9340.0 0.9597000000
9360.0 0.9604200000
9380.0 0.9610600000
9400.0 0.9617200000
9420.0 0.9623000000
9440.0 0.9628400000
9460.0 0.9634700000
9480.0 0.9639400000
9500.0 0.9644600000
9520.0 0.9649000000
9540.0 0.9654200000
9560.0 0.9658400000
9580.0 0.9662500000
9600.0 0.9667200000
9620.0 0.9669800000
9640.0 0.9672700000
9660.0 0.9675800000
9680.0 0.9679100000
9700.0 0.9681900000
9720.0 0.9685500000
9740.0 0.9689000000
9760.0 0.9691500000
9780.0 0.9695100000
9800.0 0.9698300000
9820.0 0.9701700000
9840.0 0.9704600000
9860.0 0.9707300000
9880.0 0.9709500000
9900.0 0.9711600000
9920.0 0.9714500000
9940.0 0.9716500000
9960.0 0.9719100000
9980.0 0.9721400000
10000.0 0.9724000000
10020.0 0.9726300000
10040.0 0.9728900000
10060.0 0.9731300000
10080.0 0.9733400000
10100.0 0.9736000000
10120.0 0.9737500000
10140.0 0.9739400000
10160.0 0.9741100000
10180.0 0.9742600000
10200.0 0.9743800000
10220.0 0.9745200000
10240.0 0.9746100000
10260.0 0.9747300000
10280.0 0.9748700000
10300.0 0.9749600000
10320.0 0.9750700000
10340.0 0.9751300000
10360.0 0.9752200000
10380.0 0.9752800000
10400.0 0.9753400000
10420.0 0.9754200000
10440.0 0.9754900000
10460.0 0.9755600000
10480.0 0.9756200000
10500.0 0.9757200000
10520.0 0.9757700000
10540.0 0.9758500000
10560.0 0.9758600000
10580.0 0.9758000000
10600.0 0.9757500000
10620.0 0.9757500000
10640.0 0.9756800000
10660.0 0.9756300000
10680.0 0.9755700000
10700.0 0.9754800000
10720.0 0.9754200000
10740.0 0.9754000000
10760.0 0.9753300000
10780.0 0.9752300000
10800.0 0.9751400000
10820.0 0.9750200000
10840.0 0.9749000000
10860.0 0.9747800000
10880.0 0.9746100000
10900.0 0.9744100000
10920.0 0.9742400000
10940.0 0.9740800000
10960.0 0.9739100000
10980.0 0.9737200000
11000.0 0.9735100000
11020.0 0.9733000000
11040.0 0.9731000000
11060.0 0.9729200000
11080.0 0.9726700000
11100.0 0.9724400000
11120.0 0.9721700000
11140.0 0.9719100000
11160.0 0.9716600000
11180.0 0.9713700000
11200.0 0.9711000000
11220.0 0.9707800000
11240.0 0.9704900000
11260.0 0.9702000000
11280.0 0.9698900000
11300.0 0.9695700000
11320.0 0.9692400000
11340.0 0.9689200000
11360.0 0.9685800000
11380.0 0.9682600000
11400.0 0.9678800000
11420.0 0.9674500000
11440.0 0.9670400000
11460.0 0.9666600000
11480.0 0.9662500000
11500.0 0.9658100000
11520.0 0.9653800000
11540.0 0.9649000000
11560.0 0.9644300000
11580.0 0.9640000000
11600.0 0.9635800000
11620.0 0.9630700000
11640.0 0.9625700000
11660.0 0.9621000000
11680.0 0.9615600000
11700.0 0.9610900000
11720.0 0.9606000000
11740.0 0.9601100000
11760.0 0.9595600000
11780.0 0.9590600000
11800.0 0.9585300000
11820.0 0.9579600000
11840.0 0.9574300000
11860.0 0.9568900000
11880.0 0.9563400000
11900.0 0.9557600000
11920.0 0.9552200000
11940.0 0.9546400000
11960.0 0.9540600000
11980.0 0.9534800000
12000.0 0.9529000000
12020.0 0.9522900000
12040.0 0.9516600000
12060.0 0.9510500000
12080.0 0.9504200000
12100.0 0.9498000000
12120.0 0.9491900000
12140.0 0.9485500000
12160.0 0.9479200000
12180.0 0.9472700000
12200.0 0.9466100000
12220.0 0.9458900000
12240.0 0.9452500000
12260.0 0.9445500000
12280.0 0.9438600000
12300.0 0.9431600000
12320.0 0.9424300000
12340.0 0.9417000000
12360.0 0.9409900000
12380.0 0.9403100000
12400.0 0.9395600000
12420.0 0.9388900000
12440.0 0.9381600000
12460.0 0.9374200000
12480.0 0.9366900000
12500.0 0.9359700000
12520.0 0.9352300000
12540.0 0.9344600000
12560.0 0.9337000000
12580.0 0.9328900000
12600.0 0.9321300000
12620.0 0.9313200000
12640.0 0.9305400000
12660.0 0.9297600000
12680.0 0.9289400000
12700.0 0.9281300000
12720.0 0.9273400000
12740.0 0.9265300000
12760.0 0.9257500000
12780.0 0.9249900000
12800.0 0.9241900000
12820.0 0.9234000000
12840.0 0.9226200000
12860.0 0.9218400000
12880.0 0.9210700000
12900.0 0.9202900000
12920.0 0.9194900000
12940.0 0.9186900000
12960.0 0.9178900000
12980.0 0.9170800000
13000.0 0.9162600000
