3983.0 0.0049300000
3984.0 0.0050400000
3985.0 0.0051400000
3986.0 0.0052600000
3987.0 0.0053700000
3988.0 0.0054900000
3989.0 0.0056200000
3990.0 0.0057400000
3991.0 0.0058700000
3992.0 0.0060000000
3993.0 0.0061300000
3994.0 0.0062900000
3995.0 0.0064200000
3996.0 0.0065600000
3997.0 0.0067300000
3998.0 0.0068800000
3999.0 0.0070300000
4000.0 0.0072000000
4001.0 0.0073900000
4002.0 0.0075700000
4003.0 0.0077500000
4004.0 0.0079700000
4005.0 0.0081600000
4006.0 0.0083900000
4007.0 0.0086200000
4008.0 0.0088700000
4009.0 0.0091400000
4010.0 0.0094500000
4011.0 0.0097700000
4012.0 0.0101300000
4013.0 0.0105100000
4014.0 0.0109400000
4015.0 0.0114100000
4016.0 0.0119500000
4017.0 0.0125400000
4018.0 0.0132000000
4019.0 0.0139200000
4020.0 0.0147400000
4021.0 0.0156400000
4022.0 0.0166500000
4023.0 0.0177800000
4024.0 0.0190100000
4025.0 0.0203900000
4026.0 0.0219100000
4027.0 0.0236100000
4028.0 0.0254700000
4029.0 0.0275300000
4030.0 0.0297900000
4031.0 0.0322400000
4032.0 0.0349400000
4033.0 0.0378400000
4034.0 0.0409900000
4035.0 0.0444200000
4036.0 0.0481300000
4037.0 0.0520800000
4038.0 0.0563400000
4039.0 0.0608500000
4040.0 0.0656700000
4041.0 0.0708300000
4042.0 0.0762300000
4043.0 0.0819500000
4044.0 0.0879700000
4045.0 0.0942800000
4046.0 0.1008800000
4047.0 0.1077700000
4048.0 0.1149400000
4049.0 0.1223900000
4050.0 0.1300800000
4051.0 0.1379700000
4052.0 0.1460900000
4053.0 0.1544300000
4054.0 0.1629300000
4055.0 0.1716200000
4056.0 0.1804400000
4057.0 0.1893200000
4058.0 0.1983900000
4059.0 0.2074900000
4060.0 0.2166300000
4061.0 0.2258100000
4062.0 0.2349700000
4063.0 0.2441100000
4064.0 0.2532000000
4065.0 0.2622400000
4066.0 0.2711500000
4067.0 0.2800100000
4068.0 0.2887000000
4069.0 0.2972300000
4070.0 0.3056800000
4071.0 0.3139500000
4072.0 0.3220100000
4073.0 0.3299400000
4074.0 0.3375500000
4075.0 0.3450200000
4076.0 0.3523100000
4077.0 0.3593100000
4078.0 0.3661500000
4079.0 0.3728200000
4080.0 0.3792400000
4081.0 0.3854700000
4082.0 0.3915600000
4083.0 0.3974500000
4084.0 0.4031500000
4085.0 0.4087800000
4086.0 0.4141700000
4087.0 0.4194800000
4088.0 0.4247400000
4089.0 0.4299000000
4090.0 0.4349500000
4091.0 0.4400000000
4092.0 0.4449200000
4093.0 0.4498700000
4094.0 0.4548600000
4095.0 0.4597500000
4096.0 0.4646100000
4097.0 0.4695400000
4098.0 0.4744700000
4099.0 0.4794500000
4100.0 0.4844700000
4101.0 0.4895000000
4102.0 0.4945500000
4103.0 0.4996000000
4104.0 0.5047300000
4105.0 0.5098400000
4106.0 0.5149800000
4107.0 0.5200700000
4108.0 0.5252500000
4109.0 0.5303500000
4110.0 0.5353900000
4111.0 0.5404100000
4112.0 0.5454700000
4113.0 0.5504200000
4114.0 0.5552500000
4115.0 0.5599200000
4116.0 0.5645400000
4117.0 0.5689700000
4118.0 0.5733500000
4119.0 0.5775100000
4120.0 0.5814500000
4121.0 0.5851400000
4122.0 0.5887600000
4123.0 0.5921500000
4124.0 0.5952300000
4125.0 0.5981000000
4126.0 0.6006900000
4127.0 0.6030900000
4128.0 0.6051200000
4129.0 0.6069000000
4130.0 0.6084400000
4131.0 0.6097700000
4132.0 0.6107900000
4133.0 0.6116200000
4134.0 0.6121200000
4135.0 0.6124000000
4136.0 0.6124100000
4137.0 0.6122600000
4138.0 0.6118500000
4139.0 0.6112500000
4140.0 0.6105300000
4141.0 0.6096500000
4142.0 0.6086000000
4143.0 0.6073900000
4144.0 0.6061900000
4145.0 0.6048400000
4146.0 0.6034500000
4147.0 0.6020500000
4148.0 0.6006000000
4149.0 0.5992400000
4150.0 0.5978400000
4151.0 0.5965100000
4152.0 0.5952800000
4153.0 0.5941200000
4154.0 0.5930800000
4155.0 0.5922100000
4156.0 0.5914000000
4157.0 0.5907600000
4158.0 0.5902700000
4159.0 0.5899500000
4160.0 0.5897400000
4161.0 0.5897400000
4162.0 0.5899400000
4163.0 0.5903000000
4164.0 0.5908500000
4165.0 0.5914300000
4166.0 0.5922700000
4167.0 0.5932500000
4168.0 0.5943800000
4169.0 0.5956600000
4170.0 0.5970000000
4171.0 0.5984000000
4172.0 0.5999500000
4173.0 0.6016100000
4174.0 0.6033300000
4175.0 0.6050700000
4176.0 0.6069000000
4177.0 0.6086900000
4178.0 0.6103700000
4179.0 0.6120100000
4180.0 0.6135900000
4181.0 0.6151400000
4182.0 0.6165500000
4183.0 0.6178700000
4184.0 0.6190300000
4185.0 0.6200600000
4186.0 0.6209300000
4187.0 0.6216000000
4188.0 0.6219900000
4189.0 0.6220600000
4190.0 0.6219800000
4191.0 0.6216100000
4192.0 0.6209700000
4193.0 0.6200300000
4194.0 0.6189300000
4195.0 0.6175400000
4196.0 0.6159400000
4197.0 0.6140000000
4198.0 0.6117600000
4199.0 0.6092800000
4200.0 0.6065500000
4201.0 0.6035800000
4202.0 0.6002700000
4203.0 0.5967300000
4204.0 0.5930800000
4205.0 0.5892200000
4206.0 0.5851000000
4207.0 0.5808000000
4208.0 0.5762800000
4209.0 0.5715800000
4210.0 0.5667700000
4211.0 0.5617700000
4212.0 0.5566600000
4213.0 0.5513500000
4214.0 0.5459900000
4215.0 0.5404400000
4216.0 0.5347300000
4217.0 0.5288200000
4218.0 0.5229600000
4219.0 0.5169800000
4220.0 0.5107400000
4221.0 0.5044700000
4222.0 0.4981200000
4223.0 0.4916100000
4224.0 0.4850300000
4225.0 0.4783000000
4226.0 0.4714700000
4227.0 0.4645400000
4228.0 0.4573700000
4229.0 0.4501500000
4230.0 0.4428100000
4231.0 0.4352700000
4232.0 0.4276600000
4233.0 0.4199400000
4234.0 0.4119700000
4235.0 0.4038400000
4236.0 0.3956600000
4237.0 0.3872800000
4238.0 0.3787100000
4239.0 0.3701200000
4240.0 0.3613300000
4241.0 0.3524200000
4242.0 0.3433500000
4243.0 0.3341800000
4244.0 0.3249400000
4245.0 0.3155800000
4246.0 0.3061500000
4247.0 0.2966800000
4248.0 0.2870900000
4249.0 0.2774700000
4250.0 0.2678800000
4251.0 0.2583200000
4252.0 0.2487200000
4253.0 0.2392000000
4254.0 0.2297200000
4255.0 0.2202900000
4256.0 0.2110000000
4257.0 0.2018300000
4258.0 0.1927800000
4259.0 0.1838800000
4260.0 0.1751300000
4261.0 0.1666000000
4262.0 0.1582000000
4263.0 0.1500400000
4264.0 0.1421500000
4265.0 0.1345400000
4266.0 0.1271100000
4267.0 0.1199800000
4268.0 0.1131300000
4269.0 0.1065400000
4270.0 0.1002000000
4271.0 0.0941500000
4272.0 0.0883900000
4273.0 0.0829200000
4274.0 0.0777100000
4275.0 0.0727800000
4276.0 0.0681200000
4277.0 0.0637100000
4278.0 0.0595700000
4279.0 0.0556800000
4280.0 0.0520200000
4281.0 0.0485800000
4282.0 0.0453600000
4283.0 0.0423300000
4284.0 0.0395100000
4285.0 0.0368800000
4286.0 0.0344200000
4287.0 0.0321500000
4288.0 0.0300100000
4289.0 0.0280500000
4290.0 0.0262000000
4291.0 0.0244900000
4292.0 0.0229000000
4293.0 0.0214100000
4294.0 0.0200300000
4295.0 0.0187400000
4296.0 0.0175500000
4297.0 0.0164300000
4298.0 0.0154100000
4299.0 0.0144700000
4300.0 0.0135700000
4301.0 0.0127400000
4302.0 0.0119600000
4303.0 0.0112500000
4304.0 0.0105900000
4305.0 0.0099500000
4306.0 0.0093700000
4307.0 0.0088200000
4308.0 0.0083200000
4309.0 0.0078400000
4310.0 0.0074200000
4311.0 0.0070000000
4312.0 0.0066200000
4313.0 0.0062700000
4314.0 0.0059200000
4315.0 0.0056200000
4316.0 0.0053100000
4317.0 0.0050400000
4318.0 0.0047600000
