13180.000000 0.004140
13200.000000 0.004470
13220.000000 0.004930
13240.000000 0.005430
13260.000000 0.006040
13280.000000 0.006680
13300.000000 0.007310
13320.000000 0.008030
13340.000000 0.008850
13360.000000 0.009830
13380.000000 0.010800
13400.000000 0.011890
13420.000000 0.013110
13440.000000 0.014400
13460.000000 0.015840
13480.000000 0.017410
13500.000000 0.019070
13520.000000 0.020860
13540.000000 0.022690
13560.000000 0.024750
13580.000000 0.027110
13600.000000 0.029530
13620.000000 0.032120
13640.000000 0.035060
13660.000000 0.038280
13680.000000 0.041700
13700.000000 0.045380
13720.000000 0.049450
13740.000000 0.053910
13760.000000 0.058820
13780.000000 0.064220
13800.000000 0.070220
13820.000000 0.077130
13840.000000 0.084700
13860.000000 0.093000
13880.000000 0.102570
13900.000000 0.113020
13920.000000 0.124600
13940.000000 0.137360
13960.000000 0.151980
13980.000000 0.168050
14000.000000 0.185590
14020.000000 0.205510
14040.000000 0.227220
14060.000000 0.251250
14080.000000 0.276990
14100.000000 0.305020
14120.000000 0.335210
14140.000000 0.367490
14160.000000 0.401840
14180.000000 0.436800
14200.000000 0.472930
14220.000000 0.509520
14240.000000 0.546300
14260.000000 0.583020
14280.000000 0.618260
14300.000000 0.651690
14320.000000 0.682940
14340.000000 0.711790
14360.000000 0.738100
14380.000000 0.761580
14400.000000 0.782200
14420.000000 0.800160
14440.000000 0.815400
14460.000000 0.828230
14480.000000 0.839170
14500.000000 0.848140
14520.000000 0.855420
14540.000000 0.861310
14560.000000 0.865780
14580.000000 0.869230
14600.000000 0.871770
14620.000000 0.873380
14640.000000 0.874590
14660.000000 0.875310
14680.000000 0.875470
14700.000000 0.875200
14720.000000 0.874620
14740.000000 0.873830
14760.000000 0.872880
14780.000000 0.872060
14800.000000 0.871310
14820.000000 0.870510
14840.000000 0.869710
14860.000000 0.868870
14880.000000 0.868260
14900.000000 0.867890
14920.000000 0.867610
14940.000000 0.867570
14960.000000 0.867720
14980.000000 0.867890
15000.000000 0.868090
15020.000000 0.868620
15040.000000 0.869420
15060.000000 0.870120
15080.000000 0.871120
15100.000000 0.872280
15120.000000 0.873410
15140.000000 0.874570
15160.000000 0.875990
15180.000000 0.877610
15200.000000 0.879290
15220.000000 0.880910
15240.000000 0.882290
15260.000000 0.883900
15280.000000 0.885530
15300.000000 0.887080
15320.000000 0.888600
15340.000000 0.890400
15360.000000 0.892350
15380.000000 0.894230
15400.000000 0.896360
15420.000000 0.898500
15440.000000 0.900510
15460.000000 0.902600
15480.000000 0.904710
15500.000000 0.907010
15520.000000 0.909560
15540.000000 0.911910
15560.000000 0.914280
15580.000000 0.916840
15600.000000 0.919370
15620.000000 0.921830
15640.000000 0.924360
15660.000000 0.926960
15680.000000 0.929520
15700.000000 0.931930
15720.000000 0.934140
15740.000000 0.936230
15760.000000 0.938290
15780.000000 0.940170
15800.000000 0.941710
15820.000000 0.943120
15840.000000 0.944180
15860.000000 0.944930
15880.000000 0.945480
15900.000000 0.945650
15920.000000 0.945370
15940.000000 0.944790
15960.000000 0.944060
15980.000000 0.942900
16000.000000 0.940990
16020.000000 0.938960
16040.000000 0.936980
16060.000000 0.934740
16080.000000 0.932010
16100.000000 0.929150
16120.000000 0.926240
16140.000000 0.922900
16160.000000 0.919490
16180.000000 0.915910
16200.000000 0.912320
16220.000000 0.908940
16240.000000 0.905270
16260.000000 0.901870
16280.000000 0.898830
16300.000000 0.895710
16320.000000 0.892530
16340.000000 0.889850
16360.000000 0.887590
16380.000000 0.885390
16400.000000 0.883620
16420.000000 0.882230
16440.000000 0.881240
16460.000000 0.880550
16480.000000 0.880170
16500.000000 0.880070
16520.000000 0.880160
16540.000000 0.880770
16560.000000 0.881580
16580.000000 0.882720
16600.000000 0.884380
16620.000000 0.886290
16640.000000 0.888470
16660.000000 0.890810
16680.000000 0.893400
16700.000000 0.896260
16720.000000 0.899220
16740.000000 0.902340
16760.000000 0.905580
16780.000000 0.909010
16800.000000 0.912520
16820.000000 0.915660
16840.000000 0.918990
16860.000000 0.922390
16880.000000 0.925450
16900.000000 0.928190
16920.000000 0.931340
16940.000000 0.934360
16960.000000 0.936950
16980.000000 0.939510
17000.000000 0.941650
17020.000000 0.943530
17040.000000 0.945220
17060.000000 0.946590
17080.000000 0.947780
17100.000000 0.948680
17120.000000 0.949250
17140.000000 0.949620
17160.000000 0.949660
17180.000000 0.949480
17200.000000 0.949260
17220.000000 0.948620
17240.000000 0.947710
17260.000000 0.946960
17280.000000 0.945970
17300.000000 0.944690
17320.000000 0.943240
17340.000000 0.941860
17360.000000 0.940670
17380.000000 0.939390
17400.000000 0.938110
17420.000000 0.936870
17440.000000 0.935580
17460.000000 0.934390
17480.000000 0.933320
17500.000000 0.932190
17520.000000 0.931110
17540.000000 0.930300
17560.000000 0.929490
17580.000000 0.928830
17600.000000 0.928450
17620.000000 0.927870
17640.000000 0.927510
17660.000000 0.927230
17680.000000 0.927230
17700.000000 0.927510
17720.000000 0.927430
17740.000000 0.927890
17760.000000 0.928280
17780.000000 0.928180
17800.000000 0.928680
17820.000000 0.929460
17840.000000 0.929890
17860.000000 0.930270
17880.000000 0.930860
17900.000000 0.931320
17920.000000 0.931660
17940.000000 0.931820
17960.000000 0.932020
17980.000000 0.932270
18000.000000 0.932340
18020.000000 0.932340
18040.000000 0.932480
18060.000000 0.932220
18080.000000 0.931260
18100.000000 0.930790
18120.000000 0.930160
18140.000000 0.929430
18160.000000 0.929660
18180.000000 0.928150
18200.000000 0.925890
18220.000000 0.924800
18240.000000 0.922700
18260.000000 0.921690
18280.000000 0.921830
18300.000000 0.919560
18320.000000 0.916660
18340.000000 0.915330
18360.000000 0.913680
18380.000000 0.911010
18400.000000 0.908630
18420.000000 0.907460
18440.000000 0.907000
18460.000000 0.905300
18480.000000 0.903110
18500.000000 0.901540
18520.000000 0.899690
18540.000000 0.897950
18560.000000 0.894520
18580.000000 0.889600
18600.000000 0.886920
18620.000000 0.885700
18640.000000 0.885240
18660.000000 0.885600
18680.000000 0.882780
18700.000000 0.877940
18720.000000 0.878890
18740.000000 0.880020
18760.000000 0.876510
18780.000000 0.873500
18800.000000 0.871860
18820.000000 0.871280
18840.000000 0.870760
18860.000000 0.869690
18880.000000 0.867750
18900.000000 0.866900
18920.000000 0.867460
18940.000000 0.867430
18960.000000 0.866300
18980.000000 0.864960
19000.000000 0.862850
19020.000000 0.862410
19040.000000 0.865250
19060.000000 0.865800
19080.000000 0.864290
19100.000000 0.863950
19120.000000 0.862750
19140.000000 0.862110
19160.000000 0.864110
19180.000000 0.866180
19200.000000 0.868240
19220.000000 0.868180
19240.000000 0.865910
19260.000000 0.864880
19280.000000 0.864470
19300.000000 0.864960
19320.000000 0.866420
19340.000000 0.866520
19360.000000 0.866680
19380.000000 0.867860
19400.000000 0.868420
19420.000000 0.869080
19440.000000 0.869950
19460.000000 0.870150
19480.000000 0.869800
19500.000000 0.870010
19520.000000 0.870680
19540.000000 0.871490
19560.000000 0.872240
19580.000000 0.872740
19600.000000 0.873000
19620.000000 0.873410
19640.000000 0.874450
19660.000000 0.875560
19680.000000 0.876130
19700.000000 0.876460
19720.000000 0.877140
19740.000000 0.878110
19760.000000 0.878920
19780.000000 0.879700
19800.000000 0.880540
19820.000000 0.880830
19840.000000 0.881440
19860.000000 0.882640
19880.000000 0.883120
19900.000000 0.883670
19920.000000 0.884570
19940.000000 0.884900
19960.000000 0.885420
19980.000000 0.886290
20000.000000 0.886780
20020.000000 0.887390
20040.000000 0.887850
20060.000000 0.888400
20080.000000 0.888990
20100.000000 0.888960
20120.000000 0.889390
20140.000000 0.890030
20160.000000 0.890240
20180.000000 0.889890
20200.000000 0.889860
20220.000000 0.890030
20240.000000 0.889910
20260.000000 0.890240
20280.000000 0.890140
20300.000000 0.889590
20320.000000 0.889160
20340.000000 0.888460
20360.000000 0.888080
20380.000000 0.887800
20400.000000 0.887220
20420.000000 0.886460
20440.000000 0.885640
20460.000000 0.884840
20480.000000 0.883960
20500.000000 0.883060
20520.000000 0.881960
20540.000000 0.880800
20560.000000 0.879850
20580.000000 0.878800
20600.000000 0.877870
20620.000000 0.877080
20640.000000 0.875580
20660.000000 0.874220
20680.000000 0.873280
20700.000000 0.872180
20720.000000 0.871110
20740.000000 0.869550
20760.000000 0.868290
20780.000000 0.867320
20800.000000 0.866330
20820.000000 0.865450
20840.000000 0.864120
20860.000000 0.863020
20880.000000 0.862140
20900.000000 0.861480
20920.000000 0.860720
20940.000000 0.859500
20960.000000 0.858700
20980.000000 0.858200
21000.000000 0.857590
21020.000000 0.857190
21040.000000 0.856930
21060.000000 0.856110
21080.000000 0.855410
21100.000000 0.855480
21120.000000 0.855150
21140.000000 0.854920
21160.000000 0.854900
21180.000000 0.854690
21200.000000 0.854870
21220.000000 0.854550
21240.000000 0.854310
21260.000000 0.854720
21280.000000 0.855240
21300.000000 0.855060
21320.000000 0.855070
21340.000000 0.855550
21360.000000 0.855640
21380.000000 0.855970
21400.000000 0.856080
21420.000000 0.856230
21440.000000 0.856540
21460.000000 0.856570
21480.000000 0.856200
21500.000000 0.855970
21520.000000 0.856260
21540.000000 0.856060
21560.000000 0.855300
21580.000000 0.855260
21600.000000 0.854870
21620.000000 0.854050
21640.000000 0.853970
21660.000000 0.853200
21680.000000 0.851930
21700.000000 0.851030
21720.000000 0.849550
21740.000000 0.848250
21760.000000 0.847430
21780.000000 0.846450
21800.000000 0.845250
21820.000000 0.843580
21840.000000 0.842270
21860.000000 0.840840
21880.000000 0.838850
21900.000000 0.836910
21920.000000 0.835040
21940.000000 0.833270
21960.000000 0.831770
21980.000000 0.829820
22000.000000 0.827510
22020.000000 0.825940
22040.000000 0.824220
22060.000000 0.821960
22080.000000 0.819850
22100.000000 0.818040
22120.000000 0.816730
22140.000000 0.815120
22160.000000 0.812960
22180.000000 0.811160
22200.000000 0.809390
22220.000000 0.807910
22240.000000 0.806260
22260.000000 0.804280
22280.000000 0.802550
22300.000000 0.801150
22320.000000 0.799560
22340.000000 0.798160
22360.000000 0.797040
22380.000000 0.795550
22400.000000 0.794600
22420.000000 0.793950
22440.000000 0.792760
22460.000000 0.791850
22480.000000 0.791600
22500.000000 0.790710
22520.000000 0.789950
22540.000000 0.789600
22560.000000 0.789510
22580.000000 0.789780
22600.000000 0.789600
22620.000000 0.789290
22640.000000 0.789400
22660.000000 0.789670
22680.000000 0.789570
22700.000000 0.789660
22720.000000 0.790530
22740.000000 0.791520
22760.000000 0.792220
22780.000000 0.792710
22800.000000 0.793490
22820.000000 0.794600
22840.000000 0.795360
22860.000000 0.796230
22880.000000 0.797440
22900.000000 0.798490
22920.000000 0.799290
22940.000000 0.800160
22960.000000 0.801560
22980.000000 0.802670
23000.000000 0.802990
23020.000000 0.803650
23040.000000 0.804960
23060.000000 0.806200
23080.000000 0.807100
23100.000000 0.808010
23120.000000 0.809480
23140.000000 0.810380
23160.000000 0.810850
23180.000000 0.811460
23200.000000 0.811920
23220.000000 0.812230
23240.000000 0.812230
23260.000000 0.812480
23280.000000 0.812820
23300.000000 0.812820
23320.000000 0.812650
23340.000000 0.812440
23360.000000 0.812190
23380.000000 0.811940
23400.000000 0.811680
23420.000000 0.811040
23440.000000 0.810180
23460.000000 0.809420
23480.000000 0.808410
23500.000000 0.807690
23520.000000 0.806870
23540.000000 0.805210
23560.000000 0.803990
23580.000000 0.802570
23600.000000 0.801280
23620.000000 0.800750
23640.000000 0.799160
23660.000000 0.797300
23680.000000 0.795940
23700.000000 0.793850
23720.000000 0.792210
23740.000000 0.791580
23760.000000 0.790760
23780.000000 0.789370
23800.000000 0.787750
23820.000000 0.786070
23840.000000 0.784390
23860.000000 0.782380
23880.000000 0.780980
23900.000000 0.780210
23920.000000 0.778640
23940.000000 0.776990
23960.000000 0.776120
23980.000000 0.775470
24000.000000 0.774150
24020.000000 0.772990
24040.000000 0.772630
24060.000000 0.772060
24080.000000 0.771190
24100.000000 0.770490
24120.000000 0.769840
24140.000000 0.769610
24160.000000 0.769550
24180.000000 0.768750
24200.000000 0.768170
24220.000000 0.768040
24240.000000 0.767760
24260.000000 0.767500
24280.000000 0.767140
24300.000000 0.766650
24320.000000 0.766460
24340.000000 0.766860
24360.000000 0.766280
24380.000000 0.765120
24400.000000 0.764860
24420.000000 0.764950
24440.000000 0.764330
24460.000000 0.763500
24480.000000 0.763230
24500.000000 0.763030
24520.000000 0.762500
24540.000000 0.761580
24560.000000 0.760680
24580.000000 0.760130
24600.000000 0.759290
24620.000000 0.757770
24640.000000 0.757250
24660.000000 0.756210
24680.000000 0.753880
24700.000000 0.753200
24720.000000 0.751420
24740.000000 0.749190
24760.000000 0.747770
24780.000000 0.746310
24800.000000 0.744720
24820.000000 0.742430
24840.000000 0.740370
24860.000000 0.737960
24880.000000 0.736160
24900.000000 0.734420
24920.000000 0.732640
24940.000000 0.730190
24960.000000 0.728500
24980.000000 0.727910
25000.000000 0.725970
25020.000000 0.723750
25040.000000 0.723130
25060.000000 0.722520
25080.000000 0.720890
25100.000000 0.719540
25120.000000 0.719040
25140.000000 0.718610
25160.000000 0.717820
25180.000000 0.717700
25200.000000 0.717470
25220.000000 0.716930
25240.000000 0.716250
25260.000000 0.715990
25280.000000 0.716870
25300.000000 0.717360
25320.000000 0.717070
25340.000000 0.716020
25360.000000 0.715670
25380.000000 0.717410
25400.000000 0.718980
25420.000000 0.718520
25440.000000 0.715870
25460.000000 0.714610
25480.000000 0.709980
25500.000000 0.702970
25520.000000 0.701280
25540.000000 0.695720
25560.000000 0.683730
25580.000000 0.672580
25600.000000 0.661190
25620.000000 0.647890
25640.000000 0.628850
25660.000000 0.606870
25680.000000 0.590010
25700.000000 0.569210
25720.000000 0.546420
25740.000000 0.527500
25760.000000 0.508480
25780.000000 0.484560
25800.000000 0.457530
25820.000000 0.427380
25840.000000 0.389370
25860.000000 0.363490
25880.000000 0.341660
25900.000000 0.312990
25920.000000 0.293430
25940.000000 0.279480
25960.000000 0.254650
25980.000000 0.227870
26000.000000 0.211840
26020.000000 0.195330
26040.000000 0.179930
26060.000000 0.163210
26080.000000 0.147980
26100.000000 0.137280
26120.000000 0.125410
26140.000000 0.113820
26160.000000 0.103440
26180.000000 0.095490
26200.000000 0.088170
26220.000000 0.080490
26240.000000 0.073490
26260.000000 0.066530
26280.000000 0.060960
26300.000000 0.055790
26320.000000 0.051760
26340.000000 0.048200
26360.000000 0.044420
26380.000000 0.041890
26400.000000 0.038940
26420.000000 0.036060
26440.000000 0.032940
26460.000000 0.030200
26480.000000 0.028270
26500.000000 0.026720
26520.000000 0.024220
26540.000000 0.022350
26560.000000 0.021560
26580.000000 0.019260
26600.000000 0.017790
26620.000000 0.017230
26640.000000 0.017530
26660.000000 0.014530
26680.000000 0.014470
26700.000000 0.016080
26720.000000 0.013580
26740.000000 0.012820
26760.000000 0.009170
26780.000000 0.007190
26800.000000 0.008510
26820.000000 0.008880
26840.000000 0.008730
26860.000000 0.008390
26880.000000 0.008500
26900.000000 0.008210
26920.000000 0.007170
26940.000000 0.008470
26960.000000 0.007690
26980.000000 0.005510
27000.000000 0.005130
27020.000000 0.004530
27040.000000 0.004530
27060.000000 0.004650
27080.000000 0.004850
27100.000000 0.004380
