6800.500000 0.001322
6801.060000 0.001356
6801.630000 0.001346
6802.190000 0.001246
6802.750000 0.001335
6803.310000 0.001406
6803.870000 0.001245
6804.430000 0.001430
6804.990000 0.001320
6805.550000 0.001278
6806.110000 0.001352
6806.670000 0.001423
6807.230000 0.001480
6807.790000 0.001354
6808.350000 0.001424
6808.910000 0.001286
6809.470000 0.001464
6810.030000 0.001368
6810.590000 0.001461
6811.150000 0.001434
6811.700000 0.001341
6812.260000 0.001302
6812.820000 0.001497
6813.380000 0.001419
6813.940000 0.001370
6814.500000 0.001363
6815.050000 0.001420
6815.610000 0.001321
6816.170000 0.001413
6816.730000 0.001368
6817.280000 0.001310
6817.840000 0.001679
6818.400000 0.001523
6818.950000 0.001429
6819.510000 0.001551
6820.070000 0.001427
6820.620000 0.001624
6821.180000 0.001605
6821.730000 0.001638
6822.290000 0.001355
6822.850000 0.001645
6823.400000 0.001413
6823.960000 0.001467
6824.510000 0.001402
6825.070000 0.001591
6825.620000 0.001558
6826.180000 0.001461
6826.730000 0.001581
6827.290000 0.001547
6827.840000 0.001394
6828.390000 0.001546
6828.950000 0.001528
6829.500000 0.001646
6830.060000 0.001694
6830.610000 0.001859
6831.160000 0.001663
6831.720000 0.001657
6832.270000 0.001636
6832.820000 0.001492
6833.380000 0.001538
6833.930000 0.001695
6834.480000 0.001732
6835.030000 0.001728
6835.590000 0.001723
6836.140000 0.001562
6836.690000 0.001828
6837.240000 0.001790
6837.790000 0.001671
6838.340000 0.001780
6838.900000 0.001843
6839.450000 0.001783
6840.000000 0.001839
6840.550000 0.001746
6841.100000 0.001793
6841.650000 0.001860
6842.200000 0.001762
6842.750000 0.001847
6843.300000 0.001796
6843.850000 0.001865
6844.400000 0.001833
6844.950000 0.001716
6845.500000 0.001894
6846.050000 0.001870
6846.600000 0.001980
6847.150000 0.001957
6847.700000 0.002035
6848.250000 0.002060
6848.790000 0.001951
6849.340000 0.001984
6849.890000 0.002040
6850.440000 0.001955
6850.990000 0.002131
6851.530000 0.002269
6852.080000 0.001992
6852.630000 0.001998
6853.180000 0.002116
6853.720000 0.002138
6854.270000 0.002118
6854.820000 0.002128
6855.360000 0.002203
6855.910000 0.002124
6856.460000 0.002259
6857.000000 0.002257
6857.550000 0.002128
6858.100000 0.002263
6858.640000 0.002313
6859.190000 0.002273
6859.730000 0.002366
6860.280000 0.002558
6860.820000 0.002303
6861.370000 0.002379
6861.910000 0.002349
6862.460000 0.002526
6863.000000 0.002411
6863.550000 0.002403
6864.090000 0.002392
6864.640000 0.002541
6865.180000 0.002536
6865.720000 0.002520
6866.270000 0.002597
6866.810000 0.002491
6867.350000 0.002652
6867.900000 0.002765
6868.440000 0.002763
6868.980000 0.002855
6869.530000 0.002825
6870.070000 0.002951
6870.610000 0.002878
6871.150000 0.002758
6871.690000 0.003048
6872.240000 0.003006
6872.780000 0.003009
6873.320000 0.003078
6873.860000 0.002987
6874.400000 0.003086
6874.940000 0.003341
6875.490000 0.003223
6876.030000 0.003296
6876.570000 0.003321
6877.110000 0.003220
6877.650000 0.003373
6878.190000 0.003278
6878.730000 0.003553
6879.270000 0.003429
6879.810000 0.003432
6880.350000 0.003499
6880.890000 0.003678
6881.430000 0.003717
6881.960000 0.003622
6882.500000 0.003670
6883.040000 0.003883
6883.580000 0.003814
6884.120000 0.003790
6884.660000 0.003908
6885.200000 0.003939
6885.730000 0.004050
6886.270000 0.004145
6886.810000 0.004409
6887.350000 0.004362
6887.880000 0.004229
6888.420000 0.004357
6888.960000 0.004469
6889.490000 0.004608
6890.030000 0.004625
6890.570000 0.004711
6891.100000 0.004708
6891.640000 0.005100
6892.180000 0.004851
6892.710000 0.005123
6893.250000 0.005298
6893.780000 0.004993
6894.320000 0.005470
6894.850000 0.005513
6895.390000 0.005715
6895.920000 0.005610
6896.460000 0.005699
6896.990000 0.005863
6897.530000 0.005859
6898.060000 0.006148
6898.600000 0.006184
6899.130000 0.006259
6899.660000 0.006526
6900.200000 0.006516
6900.730000 0.006405
6901.260000 0.006503
6901.800000 0.006836
6902.330000 0.006985
6902.860000 0.007125
6903.400000 0.007059
6903.930000 0.007326
6904.460000 0.007665
6904.990000 0.007476
6905.530000 0.007528
6906.060000 0.007991
6906.590000 0.008263
6907.120000 0.008441
6907.650000 0.008551
6908.180000 0.008645
6908.710000 0.008942
6909.240000 0.009114
6909.780000 0.008959
6910.310000 0.009364
6910.840000 0.009928
6911.370000 0.009921
6911.900000 0.010018
6912.430000 0.010572
6912.960000 0.010259
6913.490000 0.010973
6914.020000 0.011114
6914.540000 0.011210
6915.070000 0.011524
6915.600000 0.011709
6916.130000 0.011885
6916.660000 0.012182
6917.190000 0.012492
6917.720000 0.013009
6918.240000 0.013094
6918.770000 0.013585
6919.300000 0.013883
6919.830000 0.014327
6920.360000 0.014728
6920.880000 0.015079
6921.410000 0.015107
6921.940000 0.015780
6922.460000 0.016113
6922.990000 0.016458
6923.520000 0.016663
6924.040000 0.017315
6924.570000 0.017859
6925.090000 0.018385
6925.620000 0.018658
6926.150000 0.019242
6926.670000 0.019974
6927.200000 0.020268
6927.720000 0.020755
6928.250000 0.021135
6928.770000 0.022107
6929.300000 0.022330
6929.820000 0.022803
6930.340000 0.023529
6930.870000 0.024710
6931.390000 0.025500
6931.920000 0.025881
6932.440000 0.026998
6932.960000 0.027071
6933.490000 0.028158
6934.010000 0.029310
6934.530000 0.029576
6935.060000 0.030514
6935.580000 0.031442
6936.100000 0.032255
6936.620000 0.032943
6937.140000 0.034031
6937.670000 0.035285
6938.190000 0.036514
6938.710000 0.037186
6939.230000 0.037881
6939.750000 0.039435
6940.270000 0.040576
6940.790000 0.041417
6941.320000 0.043352
6941.840000 0.044739
6942.360000 0.045108
6942.880000 0.047129
6943.400000 0.048132
6943.920000 0.049400
6944.440000 0.051372
6944.960000 0.052522
6945.480000 0.054765
6945.990000 0.055949
6946.510000 0.057123
6947.030000 0.059276
6947.550000 0.061232
6948.070000 0.063540
6948.590000 0.064796
6949.110000 0.067181
6949.620000 0.068514
6950.140000 0.070719
6950.660000 0.072979
6951.180000 0.076094
6951.700000 0.078092
6952.210000 0.080407
6952.730000 0.082659
6953.250000 0.085187
6953.760000 0.087659
6954.280000 0.090245
6954.800000 0.093887
6955.310000 0.095701
6955.830000 0.099599
6956.340000 0.101207
6956.860000 0.105508
6957.370000 0.108406
6957.890000 0.112152
6958.410000 0.114495
6958.920000 0.118413
6959.440000 0.122246
6959.950000 0.126428
6960.460000 0.130815
6960.980000 0.134292
6961.490000 0.137001
6962.010000 0.142414
6962.520000 0.146667
6963.030000 0.151573
6963.550000 0.156183
6964.060000 0.161463
6964.570000 0.165595
6965.090000 0.171175
6965.600000 0.176031
6966.110000 0.180553
6966.620000 0.187259
6967.140000 0.192957
6967.650000 0.199241
6968.160000 0.203939
6968.670000 0.210148
6969.180000 0.215610
6969.700000 0.222737
6970.210000 0.229181
6970.720000 0.235599
6971.230000 0.242287
6971.740000 0.250598
6972.250000 0.256761
6972.760000 0.263808
6973.270000 0.272392
6973.780000 0.280131
6974.290000 0.286623
6974.800000 0.294306
6975.310000 0.304507
6975.820000 0.313036
6976.330000 0.320750
6976.840000 0.327872
6977.340000 0.338127
6977.850000 0.346546
6978.360000 0.355438
6978.870000 0.365784
6979.380000 0.375500
6979.890000 0.384913
6980.390000 0.393984
6980.900000 0.403079
6981.410000 0.414255
6981.920000 0.422838
6982.420000 0.434686
6982.930000 0.443435
6983.440000 0.453853
6983.940000 0.464007
6984.450000 0.477581
6984.960000 0.487514
6985.460000 0.496534
6985.970000 0.510004
6986.470000 0.520246
6986.980000 0.530040
6987.480000 0.540890
6987.990000 0.553818
6988.490000 0.563979
6989.000000 0.575722
6989.500000 0.583618
6990.010000 0.595771
6990.510000 0.606625
6991.020000 0.617185
6991.520000 0.628560
6992.020000 0.639456
6992.530000 0.650534
6993.030000 0.661338
6993.530000 0.673187
6994.040000 0.684420
6994.540000 0.693195
6995.040000 0.703144
6995.540000 0.716570
6996.050000 0.722940
6996.550000 0.733996
6997.050000 0.741868
6997.550000 0.752285
6998.050000 0.763181
6998.550000 0.770936
6999.060000 0.784494
6999.560000 0.791842
7000.060000 0.798150
7000.560000 0.805543
7001.060000 0.818462
7001.560000 0.823011
7002.060000 0.830601
7002.560000 0.838184
7003.060000 0.844420
7003.560000 0.852946
7004.060000 0.858002
7004.560000 0.867036
7005.060000 0.872607
7005.560000 0.878137
7006.050000 0.887252
7006.550000 0.891268
7007.050000 0.902933
7007.550000 0.900469
7008.050000 0.901975
7008.540000 0.911761
7009.040000 0.918130
7009.540000 0.920392
7010.040000 0.922085
7010.530000 0.928971
7011.030000 0.932727
7011.530000 0.937770
7012.020000 0.942052
7012.520000 0.941965
7013.020000 0.943625
7013.510000 0.946536
7014.010000 0.949923
7014.500000 0.953622
7015.000000 0.957133
7015.490000 0.956938
7015.990000 0.960866
7016.490000 0.960912
7016.980000 0.960083
7017.470000 0.961216
7017.970000 0.967783
7018.460000 0.966584
7018.960000 0.969162
7019.450000 0.968721
7019.940000 0.971103
7020.440000 0.971821
7020.930000 0.974239
7021.420000 0.973695
7021.920000 0.972456
7022.410000 0.970304
7022.900000 0.972277
7023.400000 0.974658
7023.890000 0.971522
7024.380000 0.973524
7024.870000 0.972740
7025.500000 0.959695
7026.070000 0.958095
7026.630000 0.954319
7027.200000 0.962571
7027.770000 0.957166
7028.340000 0.956844
7028.910000 0.955042
7029.470000 0.953349
7030.040000 0.953386
7030.610000 0.951934
7031.180000 0.952819
7031.740000 0.952524
7032.310000 0.951838
7032.880000 0.946501
7033.450000 0.947695
7034.010000 0.951882
7034.580000 0.947965
7035.150000 0.946775
7035.710000 0.950753
7036.280000 0.946002
7036.850000 0.947102
7037.410000 0.948626
7037.980000 0.942764
7038.540000 0.945738
7039.110000 0.943636
7039.680000 0.943789
7040.240000 0.943156
7040.810000 0.943727
7041.370000 0.945613
7041.940000 0.944972
7042.500000 0.942312
7043.070000 0.942486
7043.630000 0.943960
7044.200000 0.943138
7044.760000 0.942800
7045.330000 0.944524
7045.890000 0.944557
7046.460000 0.941338
7047.020000 0.945581
7047.590000 0.943493
7048.150000 0.940279
7048.720000 0.944100
7049.280000 0.941308
7049.840000 0.943144
7050.410000 0.940141
7050.970000 0.942652
7051.540000 0.943724
7052.100000 0.941842
7052.660000 0.944229
7053.230000 0.946638
7053.790000 0.938073
7054.350000 0.942100
7054.910000 0.943735
7055.480000 0.945331
7056.040000 0.946261
7056.600000 0.944088
7057.160000 0.945841
7057.730000 0.943372
7058.290000 0.945513
7058.850000 0.946946
7059.410000 0.944046
7059.980000 0.949505
7060.540000 0.949397
7061.100000 0.949839
7061.660000 0.946230
7062.220000 0.950163
7062.780000 0.949786
7063.340000 0.950606
7063.910000 0.953623
7064.470000 0.952152
7065.030000 0.954750
7065.590000 0.951683
7066.150000 0.953553
7066.710000 0.958912
7067.270000 0.956120
7067.830000 0.955762
7068.390000 0.955780
7068.950000 0.955026
7069.510000 0.957253
7070.070000 0.953980
7070.630000 0.956450
7071.190000 0.956083
7071.750000 0.960187
7072.310000 0.959270
7072.870000 0.959574
7073.430000 0.962452
7073.990000 0.961400
7074.550000 0.961210
7075.100000 0.963110
7075.660000 0.961789
7076.220000 0.963885
7076.780000 0.960700
7077.340000 0.966478
7077.900000 0.965069
7078.460000 0.964436
7079.010000 0.966583
7079.570000 0.967831
7080.130000 0.967762
7080.690000 0.972485
7081.240000 0.965829
7081.800000 0.969452
7082.360000 0.968812
7082.920000 0.970962
7083.470000 0.969918
7084.030000 0.973930
7084.590000 0.973592
7085.140000 0.970637
7085.700000 0.972104
7086.260000 0.972995
7086.810000 0.969650
7087.370000 0.972267
7087.930000 0.972699
7088.480000 0.969335
7089.040000 0.978636
7089.590000 0.972397
7090.150000 0.975240
7090.700000 0.974499
7091.260000 0.973989
7091.820000 0.972429
7092.370000 0.979203
7092.930000 0.975569
7093.480000 0.977630
7094.040000 0.974940
7094.590000 0.973336
7095.150000 0.979569
7095.700000 0.978107
7096.250000 0.980548
7096.810000 0.977650
7097.360000 0.976804
7097.920000 0.980276
7098.470000 0.978572
7099.020000 0.979754
7099.580000 0.979190
7100.130000 0.978346
7100.680000 0.979354
7101.240000 0.980840
7101.790000 0.981540
7102.340000 0.982560
7102.900000 0.981404
7103.450000 0.979108
7104.000000 0.978269
7104.560000 0.980699
7105.110000 0.980095
7105.660000 0.978033
7106.210000 0.981526
7106.760000 0.982284
7107.320000 0.981334
7107.870000 0.978763
7108.420000 0.980188
7108.970000 0.979957
7109.520000 0.981204
7110.070000 0.981692
7110.630000 0.982026
7111.180000 0.981039
7111.730000 0.980036
7112.280000 0.978805
7112.830000 0.979980
7113.380000 0.982447
7113.930000 0.979633
7114.480000 0.982659
7115.030000 0.979502
7115.580000 0.981885
7116.130000 0.979725
7116.680000 0.981201
7117.230000 0.979290
7117.780000 0.980241
7118.330000 0.978406
7118.880000 0.977172
7119.430000 0.980259
7119.980000 0.978676
7120.530000 0.975131
7121.080000 0.973990
7121.630000 0.981396
7122.170000 0.978313
7122.720000 0.980309
7123.270000 0.980764
7123.820000 0.980014
7124.370000 0.977513
7124.920000 0.975411
7125.460000 0.976483
7126.010000 0.976407
7126.560000 0.979511
7127.110000 0.979993
7127.650000 0.978897
7128.200000 0.973751
7128.750000 0.977741
7129.300000 0.978488
7129.840000 0.976863
7130.390000 0.979806
7130.940000 0.975919
7131.480000 0.979251
7132.030000 0.973563
7132.580000 0.976815
7133.120000 0.972775
7133.670000 0.977013
7134.210000 0.976423
7134.760000 0.976482
7135.310000 0.977182
7135.850000 0.971076
7136.400000 0.977346
7136.940000 0.971639
7137.490000 0.977177
7138.030000 0.972566
7138.580000 0.975950
7139.120000 0.975608
7139.670000 0.974533
7140.210000 0.975965
7140.760000 0.971555
7141.300000 0.975826
7141.840000 0.974527
7142.390000 0.973446
7142.930000 0.972406
7143.480000 0.970212
7144.020000 0.975489
7144.560000 0.973502
7145.110000 0.972499
7145.650000 0.972843
7146.190000 0.969451
7146.740000 0.971985
7147.280000 0.971106
7147.820000 0.972442
7148.360000 0.972630
7148.910000 0.970578
7149.450000 0.971584
7149.990000 0.971710
7150.530000 0.973222
7151.080000 0.970471
7151.620000 0.977119
7152.160000 0.971299
7152.700000 0.972834
7153.240000 0.971496
7153.780000 0.968930
7154.330000 0.969620
7154.870000 0.972015
7155.410000 0.971064
7155.950000 0.972492
7156.490000 0.970557
7157.030000 0.973776
7157.570000 0.971713
7158.110000 0.972546
7158.650000 0.971384
7159.190000 0.968465
7159.730000 0.971128
7160.270000 0.972854
7160.810000 0.970947
7161.350000 0.968823
7161.890000 0.970966
7162.430000 0.974252
7162.970000 0.971483
7163.510000 0.973730
7164.050000 0.970822
7164.580000 0.975263
7165.120000 0.969189
7165.660000 0.968327
7166.200000 0.969999
7166.740000 0.970409
7167.280000 0.970158
7167.810000 0.971587
7168.350000 0.973154
7168.890000 0.968485
7169.430000 0.972960
7169.960000 0.969460
7170.500000 0.972106
7171.040000 0.969950
7171.580000 0.971850
7172.110000 0.969730
7172.650000 0.975907
7173.190000 0.972761
7173.720000 0.967831
7174.260000 0.971669
7174.800000 0.972013
7175.330000 0.975381
7175.870000 0.971360
7176.400000 0.970863
7176.940000 0.975586
7177.470000 0.971955
7178.010000 0.970112
7178.550000 0.970720
7179.080000 0.973554
7179.620000 0.973494
7180.150000 0.970700
7180.690000 0.974198
7181.220000 0.973639
7181.750000 0.972327
7182.290000 0.970510
7182.820000 0.973659
7183.360000 0.972973
7183.890000 0.973814
7184.430000 0.970767
7184.960000 0.973985
7185.490000 0.971471
7186.030000 0.975626
7186.560000 0.969823
7187.090000 0.967704
7187.630000 0.972761
7188.160000 0.971472
7188.690000 0.973128
7189.220000 0.977094
7189.760000 0.975111
7190.290000 0.975665
7190.820000 0.974267
7191.350000 0.970677
7191.880000 0.974632
7192.420000 0.973152
7192.950000 0.974897
7193.480000 0.973116
7194.010000 0.974216
7194.540000 0.977113
7195.070000 0.974932
7195.600000 0.976278
7196.140000 0.973775
7196.670000 0.976129
7197.200000 0.976703
7197.730000 0.975786
7198.260000 0.976422
7198.790000 0.976197
7199.320000 0.972997
7199.850000 0.970408
7200.380000 0.977231
7200.910000 0.976587
7201.440000 0.975204
7201.970000 0.976065
7202.490000 0.971510
7203.020000 0.971338
7203.550000 0.977086
7204.080000 0.976123
7204.610000 0.972999
7205.140000 0.973399
7205.670000 0.975008
7206.200000 0.973357
7206.720000 0.971612
7207.250000 0.970108
7207.780000 0.975510
7208.310000 0.970382
7208.830000 0.971313
7209.360000 0.974423
7209.890000 0.972816
7210.420000 0.970998
7210.940000 0.977167
7211.470000 0.971041
7212.000000 0.973221
7212.520000 0.975416
7213.050000 0.971638
7213.580000 0.971677
7214.100000 0.974335
7214.630000 0.971877
7215.150000 0.973154
7215.680000 0.974470
7216.210000 0.971759
7216.730000 0.974253
7217.260000 0.974425
7217.780000 0.975442
7218.310000 0.970697
7218.830000 0.970597
7219.360000 0.971763
7219.880000 0.969739
7220.410000 0.971379
7220.930000 0.969539
7221.450000 0.969338
7221.980000 0.971172
7222.500000 0.969734
7223.030000 0.969649
7223.550000 0.969254
7224.070000 0.968173
7224.600000 0.970022
7225.120000 0.969830
7225.640000 0.967288
7226.160000 0.966136
7226.690000 0.966616
7227.210000 0.970499
7227.730000 0.968149
7228.260000 0.972413
7228.780000 0.967264
7229.300000 0.965053
7229.820000 0.965871
7230.340000 0.966329
7230.860000 0.965649
7231.390000 0.964060
7231.910000 0.963651
7232.430000 0.965193
7232.950000 0.965317
7233.470000 0.964230
7233.990000 0.964313
7234.510000 0.964244
7235.030000 0.964400
7235.550000 0.962650
7236.070000 0.963052
7236.590000 0.962405
7237.110000 0.963003
7237.630000 0.964094
7238.150000 0.961386
7238.670000 0.960784
7239.190000 0.958959
7239.710000 0.960750
7240.230000 0.960729
7240.750000 0.959527
7241.270000 0.960821
7241.790000 0.959028
7242.300000 0.960603
7242.820000 0.961188
7243.340000 0.960284
7243.860000 0.959430
7244.380000 0.957794
7244.890000 0.955109
7245.410000 0.958166
7245.930000 0.953574
7246.450000 0.955837
7246.960000 0.953659
7247.480000 0.953994
7248.000000 0.955262
7248.510000 0.954987
7249.030000 0.957701
7249.550000 0.955823
7250.060000 0.951704
7250.580000 0.952647
7251.100000 0.953888
7251.610000 0.948803
7252.130000 0.952269
7252.640000 0.950763
7253.160000 0.954140
7253.670000 0.951052
7254.190000 0.946034
7254.700000 0.948656
7255.220000 0.953381
7255.730000 0.946432
7256.250000 0.949318
7256.760000 0.947099
7257.280000 0.950041
7257.790000 0.948851
7258.300000 0.949353
7258.820000 0.946585
7259.330000 0.945804
7259.840000 0.947195
7260.360000 0.947956
7260.870000 0.946328
7261.380000 0.946555
7261.900000 0.944541
7262.410000 0.943821
7262.920000 0.945900
7263.430000 0.943669
7263.950000 0.944668
7264.460000 0.944581
7264.970000 0.943054
7265.480000 0.944302
7265.990000 0.945205
7266.510000 0.944947
7267.020000 0.943413
7267.530000 0.940410
7268.040000 0.943045
7268.550000 0.940219
7269.060000 0.941899
7269.570000 0.944320
7270.080000 0.941712
7270.590000 0.941746
7271.100000 0.941497
7271.610000 0.940699
7272.120000 0.942797
7272.630000 0.940762
7273.140000 0.938979
7273.650000 0.939499
7274.160000 0.938443
7274.670000 0.936083
7275.180000 0.937693
7275.690000 0.936503
7276.200000 0.935985
7276.700000 0.940619
7277.210000 0.936981
7277.720000 0.941067
7278.230000 0.939421
7278.740000 0.937415
7279.250000 0.938201
7279.750000 0.936881
7280.260000 0.935362
7280.770000 0.936896
7281.270000 0.936692
7281.780000 0.935984
7282.290000 0.934265
7282.800000 0.935636
7283.300000 0.940008
7283.810000 0.934908
7284.310000 0.935355
7284.820000 0.936371
7285.330000 0.936727
7285.830000 0.934876
7286.340000 0.936200
7286.840000 0.936763
7287.350000 0.937913
7287.850000 0.938658
7288.360000 0.936229
7288.860000 0.937371
7289.370000 0.933805
7289.870000 0.931137
7290.380000 0.936263
7290.880000 0.935633
7291.390000 0.936340
7291.890000 0.933257
7292.390000 0.936776
7292.900000 0.937183
7293.400000 0.932755
7293.900000 0.936065
7294.410000 0.937497
7294.910000 0.937956
7295.410000 0.937347
7295.920000 0.938232
7296.420000 0.937122
7296.920000 0.936111
7297.420000 0.937953
7297.930000 0.937255
7298.430000 0.938821
7298.930000 0.937526
7299.430000 0.933416
7299.930000 0.934402
7300.430000 0.936894
7300.930000 0.936214
7301.440000 0.935568
7301.940000 0.938014
7302.440000 0.938744
7302.940000 0.936422
7303.440000 0.936395
7303.940000 0.939321
7304.440000 0.933670
7304.940000 0.938517
7305.440000 0.938236
7305.940000 0.938405
7306.440000 0.936957
7306.940000 0.939425
7307.440000 0.939671
7307.930000 0.940132
7308.430000 0.938264
7308.930000 0.939413
7309.430000 0.940028
7309.930000 0.937618
7310.430000 0.938185
7310.920000 0.935982
7311.420000 0.940482
7311.920000 0.940665
7312.420000 0.941862
7312.920000 0.940500
7313.410000 0.942233
7313.910000 0.940188
7314.410000 0.939718
7314.900000 0.941588
7315.400000 0.941789
7315.900000 0.945782
7316.390000 0.942038
7316.890000 0.938436
7317.380000 0.945142
7317.880000 0.942567
7318.380000 0.944086
7318.870000 0.944926
7319.370000 0.947019
7319.860000 0.946211
7320.360000 0.947557
7320.850000 0.943255
7321.350000 0.948155
7321.840000 0.942078
7322.340000 0.944293
7322.830000 0.945055
7323.320000 0.944484
7323.820000 0.942732
7324.310000 0.943677
7324.810000 0.945164
7325.300000 0.945479
7325.790000 0.946325
7326.290000 0.951764
7326.780000 0.946664
7327.270000 0.948157
7327.760000 0.945545
7328.260000 0.949748
7328.750000 0.947894
7329.240000 0.947343
7329.730000 0.945499
7330.220000 0.947687
7330.720000 0.952713
7331.210000 0.950578
7331.700000 0.945750
7332.190000 0.949164
7332.680000 0.947523
7333.170000 0.948919
7333.660000 0.949745
7334.150000 0.949450
7334.640000 0.950127
7335.130000 0.950530
7335.620000 0.952340
7336.110000 0.954320
7336.600000 0.951665
7337.090000 0.957114
7337.580000 0.954004
7338.070000 0.953474
7338.560000 0.947981
7339.050000 0.953688
7339.540000 0.953530
7340.030000 0.951029
7340.520000 0.953828
7341.000000 0.955209
7341.490000 0.954922
7341.980000 0.953526
7342.470000 0.956398
7342.960000 0.955074
7343.440000 0.954809
7343.930000 0.957407
7344.420000 0.956262
7344.900000 0.954631
7345.390000 0.953263
7345.880000 0.958622
7346.360000 0.953932
7346.850000 0.958703
7347.340000 0.953643
7347.820000 0.954724
7348.310000 0.960796
7348.790000 0.958697
7349.280000 0.957874
7349.760000 0.957527
7350.250000 0.962795
7350.730000 0.957127
7351.220000 0.959170
7351.700000 0.960258
7352.190000 0.962452
7352.670000 0.960332
7353.160000 0.961018
7353.640000 0.959786
7354.130000 0.961648
7354.610000 0.959104
7355.090000 0.961392
7355.580000 0.961917
7356.060000 0.959447
7356.540000 0.962797
7357.020000 0.960581
7357.510000 0.963303
7357.990000 0.962014
7358.470000 0.961607
7358.950000 0.965619
7359.440000 0.959515
7359.920000 0.962308
7360.400000 0.959522
7360.880000 0.959081
7361.360000 0.964678
7361.840000 0.960354
7362.330000 0.960614
7362.810000 0.963370
7363.290000 0.964556
7363.770000 0.958015
7364.250000 0.963572
7364.730000 0.963808
7365.210000 0.961491
7365.690000 0.964072
7366.170000 0.964623
7366.650000 0.962061
7367.130000 0.964901
7367.610000 0.968868
7368.080000 0.966742
7368.560000 0.965310
7369.040000 0.967102
7369.520000 0.963835
7370.000000 0.965526
7370.480000 0.969677
7370.960000 0.966065
7371.430000 0.963580
7371.910000 0.964676
7372.390000 0.963952
7372.870000 0.967102
7373.340000 0.966175
7373.820000 0.964571
7374.300000 0.966562
7374.770000 0.968358
7375.250000 0.968306
7375.730000 0.967154
7376.200000 0.967774
7376.680000 0.969238
7377.150000 0.972242
7377.630000 0.969232
7378.110000 0.969204
7378.580000 0.968228
7379.060000 0.968832
7379.530000 0.969784
7380.010000 0.968593
7380.480000 0.968962
7380.950000 0.967893
7381.430000 0.968528
7381.900000 0.966670
7382.380000 0.968093
7382.850000 0.971313
7383.320000 0.964726
7383.800000 0.971246
7384.270000 0.970658
7384.740000 0.967971
7385.220000 0.968179
7385.690000 0.971920
7386.160000 0.973660
7386.640000 0.969151
7387.110000 0.974582
7387.580000 0.971283
7388.050000 0.972205
7388.520000 0.974540
7388.990000 0.968833
7389.470000 0.968268
7389.940000 0.975199
7390.410000 0.972157
7390.880000 0.967405
7391.350000 0.970673
7391.820000 0.971296
7392.290000 0.969999
7392.760000 0.971229
7393.230000 0.969891
7393.700000 0.971432
7394.170000 0.972516
7394.640000 0.972980
7395.110000 0.971355
7395.580000 0.971421
7396.050000 0.975213
7396.520000 0.974580
7396.990000 0.971189
7397.450000 0.973125
7397.920000 0.970296
7398.390000 0.973646
7398.860000 0.972205
7399.330000 0.973398
7399.790000 0.974321
7400.260000 0.975376
7400.730000 0.972033
7401.200000 0.971834
7401.660000 0.973173
7402.130000 0.973815
7402.600000 0.972287
7403.060000 0.972132
7403.530000 0.971172
7403.990000 0.971699
7404.460000 0.970654
7404.930000 0.975489
7405.390000 0.972914
7405.860000 0.973208
7406.320000 0.977278
7406.790000 0.971686
7407.250000 0.975065
7407.720000 0.976148
7408.180000 0.968764
7408.650000 0.971965
7409.110000 0.975742
7409.570000 0.975325
7410.040000 0.976633
7410.500000 0.974826
7410.960000 0.973139
7411.430000 0.975083
7411.890000 0.977745
7412.350000 0.975135
7412.820000 0.974935
7413.280000 0.973152
7413.740000 0.975826
7414.200000 0.977643
7414.670000 0.973808
7415.130000 0.976740
7415.590000 0.976069
7416.050000 0.971409
7416.510000 0.977531
7416.970000 0.972783
7417.430000 0.972868
7417.900000 0.972577
7418.360000 0.975025
7418.820000 0.972697
7419.280000 0.977106
7419.740000 0.973352
7420.200000 0.975420
7420.660000 0.976898
7421.120000 0.975693
7421.580000 0.974674
7422.030000 0.976019
7422.490000 0.974507
7422.950000 0.975300
7423.410000 0.973731
7423.870000 0.971874
7424.330000 0.974201
7424.790000 0.973880
7425.240000 0.980499
7425.700000 0.974070
7426.160000 0.975989
7426.620000 0.975440
7427.070000 0.974275
7427.530000 0.972184
7427.990000 0.977085
7428.450000 0.977285
7428.900000 0.976383
7429.360000 0.975922
7429.810000 0.974729
7430.270000 0.976691
7430.730000 0.975977
7431.180000 0.976213
7431.640000 0.972080
7432.090000 0.974887
7432.550000 0.976153
7433.000000 0.975639
7433.460000 0.977197
7433.910000 0.972062
7434.370000 0.977023
7434.820000 0.978407
7435.280000 0.976278
7435.730000 0.974342
7436.180000 0.977030
7436.640000 0.973724
7437.090000 0.978172
7437.540000 0.977143
7438.000000 0.976796
7438.450000 0.979880
7438.900000 0.975006
7439.350000 0.978246
7439.810000 0.973353
7440.260000 0.973641
7440.710000 0.977948
7441.160000 0.976580
7441.610000 0.975081
7442.060000 0.974604
7442.520000 0.976240
7442.970000 0.978002
7443.420000 0.976764
7443.870000 0.979923
7444.320000 0.975780
7444.770000 0.974036
7445.220000 0.978221
7445.670000 0.977615
7446.120000 0.974222
7446.570000 0.975989
7447.020000 0.975613
7447.470000 0.977230
7447.920000 0.975758
7448.370000 0.977893
7448.810000 0.974304
7449.260000 0.979310
7449.710000 0.978761
7450.160000 0.978319
7450.610000 0.974815
7451.300000 0.978501
7451.820000 0.975141
7452.340000 0.974716
7452.860000 0.982680
7453.380000 0.980347
7453.900000 0.979721
7454.420000 0.980972
7454.940000 0.979216
7455.460000 0.980373
7455.980000 0.976486
7456.500000 0.977768
7457.020000 0.976784
7457.540000 0.979452
7458.060000 0.982005
7458.570000 0.980939
7459.090000 0.982131
7459.610000 0.976473
7460.130000 0.979143
7460.650000 0.978030
7461.170000 0.979731
7461.690000 0.977954
7462.210000 0.981717
7462.720000 0.979463
7463.240000 0.980249
7463.760000 0.980441
7464.280000 0.985772
7464.800000 0.980271
7465.310000 0.980107
7465.830000 0.976269
7466.350000 0.982104
7466.860000 0.982826
7467.380000 0.979345
7467.900000 0.980918
7468.420000 0.982184
7468.930000 0.984643
7469.450000 0.980756
7469.970000 0.979322
7470.480000 0.982026
7471.000000 0.982187
7471.510000 0.978574
7472.030000 0.980358
7472.550000 0.980592
7473.060000 0.981350
7473.580000 0.982448
7474.090000 0.982761
7474.610000 0.981618
7475.120000 0.986795
7475.640000 0.981224
7476.150000 0.983938
7476.670000 0.982162
7477.180000 0.981094
7477.700000 0.983976
7478.210000 0.986422
7478.730000 0.981482
7479.240000 0.980904
7479.760000 0.985869
7480.270000 0.979026
7480.780000 0.984583
7481.300000 0.985270
7481.810000 0.980925
7482.330000 0.983670
7482.840000 0.983709
7483.350000 0.982221
7483.870000 0.981867
7484.380000 0.981494
7484.890000 0.987120
7485.400000 0.983864
7485.920000 0.983374
7486.430000 0.984957
7486.940000 0.983238
7487.450000 0.984884
7487.970000 0.983082
7488.480000 0.986172
7488.990000 0.983891
7489.500000 0.982135
7490.010000 0.984984
7490.530000 0.983184
7491.040000 0.981211
7491.550000 0.989311
7492.060000 0.987240
7492.570000 0.983174
7493.080000 0.985783
7493.590000 0.986390
7494.100000 0.986326
7494.610000 0.979736
7495.120000 0.982669
7495.640000 0.984965
7496.150000 0.987442
7496.660000 0.986643
7497.170000 0.985188
7497.680000 0.985627
7498.190000 0.986621
7498.690000 0.982178
7499.200000 0.985604
7499.710000 0.987862
7500.220000 0.986414
7500.730000 0.986273
7501.240000 0.983551
7501.750000 0.986150
7502.260000 0.985956
7502.770000 0.989526
7503.280000 0.985004
7503.780000 0.988178
7504.290000 0.989272
7504.800000 0.984875
7505.310000 0.990489
7505.820000 0.984947
7506.320000 0.987077
7506.830000 0.988843
7507.340000 0.984593
7507.850000 0.985804
7508.350000 0.987339
7508.860000 0.984350
7509.370000 0.986893
7509.870000 0.983246
7510.380000 0.988442
7510.890000 0.988523
7511.390000 0.989450
7511.900000 0.987706
7512.410000 0.986999
7512.910000 0.989130
7513.420000 0.988113
7513.920000 0.987982
7514.430000 0.987361
7514.940000 0.988271
7515.440000 0.988898
7515.950000 0.989607
7516.450000 0.987278
7516.960000 0.984256
7517.460000 0.987643
7517.970000 0.986602
7518.470000 0.986859
7518.980000 0.990004
7519.480000 0.987296
7519.980000 0.990067
7520.490000 0.986349
7520.990000 0.987668
7521.500000 0.989797
7522.000000 0.986926
7522.500000 0.991311
7523.010000 0.989691
7523.510000 0.988309
7524.010000 0.991717
7524.520000 0.988806
7525.020000 0.986356
7525.520000 0.991071
7526.030000 0.989097
7526.530000 0.987173
7527.030000 0.984949
7527.530000 0.986273
7528.030000 0.989383
7528.540000 0.988034
7529.040000 0.990063
7529.540000 0.988039
7530.040000 0.990809
7530.540000 0.989405
7531.040000 0.986628
7531.550000 0.985789
7532.050000 0.991237
7532.550000 0.988225
7533.050000 0.992026
7533.550000 0.986011
7534.050000 0.991072
7534.550000 0.984356
7535.050000 0.989966
7535.550000 0.990378
7536.050000 0.984050
7536.550000 0.988553
7537.050000 0.987156
7537.550000 0.986424
7538.050000 0.989990
7538.550000 0.988640
7539.050000 0.987694
7539.550000 0.986941
7540.050000 0.987036
7540.550000 0.991205
7541.040000 0.989431
7541.540000 0.988380
7542.040000 0.990030
7542.540000 0.984095
7543.040000 0.987917
7543.540000 0.989533
7544.030000 0.988490
7544.530000 0.989444
7545.030000 0.986613
7545.530000 0.989192
7546.020000 0.987268
7546.520000 0.988739
7547.020000 0.987906
7547.520000 0.985497
7548.010000 0.985879
7548.510000 0.991705
7549.010000 0.990366
7549.500000 0.989340
7550.000000 0.985326
7550.500000 0.987803
7550.990000 0.990625
7551.490000 0.988796
7551.980000 0.988129
7552.480000 0.988070
7552.970000 0.989977
7553.470000 0.988081
7553.960000 0.988407
7554.460000 0.988693
7554.950000 0.991694
7555.450000 0.985439
7555.940000 0.987369
7556.440000 0.987238
7556.930000 0.989999
7557.430000 0.990692
7557.920000 0.986482
7558.420000 0.982190
7558.910000 0.987142
7559.400000 0.988936
7559.900000 0.982938
7560.390000 0.987903
7560.880000 0.987446
7561.380000 0.987309
7561.870000 0.985426
7562.360000 0.988954
7562.860000 0.987584
7563.350000 0.989362
7563.840000 0.987171
7564.330000 0.986376
7564.830000 0.988524
7565.320000 0.988179
7565.810000 0.989670
7566.300000 0.988440
7566.790000 0.986448
7567.280000 0.986929
7567.780000 0.986065
7568.270000 0.984929
7568.760000 0.988456
7569.250000 0.985085
7569.740000 0.987326
7570.230000 0.990445
7570.720000 0.984788
7571.210000 0.989821
7571.700000 0.986688
7572.190000 0.988146
7572.680000 0.989496
7573.170000 0.987316
7573.660000 0.986436
7574.150000 0.987532
7574.640000 0.985653
7575.130000 0.988925
7575.620000 0.987001
7576.110000 0.984512
7576.600000 0.987321
7577.090000 0.985754
7577.570000 0.985606
7578.060000 0.985851
7578.550000 0.985199
7579.040000 0.986161
7579.530000 0.989305
7580.020000 0.984390
7580.500000 0.982257
7580.990000 0.985476
7581.480000 0.988615
7581.970000 0.986502
7582.450000 0.986598
7582.940000 0.984396
7583.430000 0.983478
7583.910000 0.984977
7584.400000 0.984660
7584.890000 0.985955
7585.370000 0.987162
7585.860000 0.985089
7586.350000 0.984825
7586.830000 0.985902
7587.320000 0.987808
7587.800000 0.985931
7588.290000 0.988754
7588.770000 0.985079
7589.260000 0.985169
7589.740000 0.986231
7590.230000 0.986127
7590.710000 0.987704
7591.200000 0.986830
7591.680000 0.987711
7592.170000 0.988512
7592.650000 0.985063
7593.130000 0.981904
7593.620000 0.984006
7594.100000 0.982444
7594.590000 0.987798
7595.070000 0.981922
7595.550000 0.984823
7596.040000 0.984602
7596.520000 0.983349
7597.000000 0.985874
7597.480000 0.981672
7597.970000 0.982394
7598.450000 0.981960
7598.930000 0.985559
7599.410000 0.985476
7599.900000 0.983127
7600.380000 0.984085
7600.860000 0.984040
7601.340000 0.982900
7601.820000 0.982926
7602.300000 0.987588
7602.790000 0.986827
7603.270000 0.982526
7603.750000 0.983804
7604.230000 0.985415
7604.710000 0.981736
7605.190000 0.982633
7605.670000 0.985636
7606.150000 0.983710
7606.630000 0.980426
7607.110000 0.983247
7607.590000 0.985254
7608.070000 0.983447
7608.550000 0.984033
7609.030000 0.985602
7609.510000 0.980737
7609.990000 0.983696
7610.460000 0.984462
7610.940000 0.980694
7611.420000 0.983503
7611.900000 0.984126
7612.380000 0.980999
7612.860000 0.981031
7613.330000 0.984123
7613.810000 0.982607
7614.290000 0.984724
7614.770000 0.980601
7615.240000 0.983961
7615.720000 0.983810
7616.200000 0.982866
7616.680000 0.981401
7617.150000 0.979233
7617.630000 0.978585
7618.110000 0.979024
7618.580000 0.981571
7619.060000 0.978372
7619.530000 0.978211
7620.010000 0.980640
7620.490000 0.980068
7620.960000 0.981732
7621.440000 0.979716
7621.910000 0.980229
7622.390000 0.981027
7622.860000 0.980170
7623.340000 0.980950
7623.810000 0.980686
7624.290000 0.977125
7624.760000 0.979488
7625.240000 0.978164
7625.710000 0.978676
7626.180000 0.977944
7626.660000 0.981840
7627.130000 0.979186
7627.600000 0.978032
7628.080000 0.979450
7628.550000 0.982318
7629.020000 0.976587
7629.500000 0.980495
7629.970000 0.979077
7630.440000 0.977286
7630.910000 0.977000
7631.390000 0.976458
7631.860000 0.975713
7632.330000 0.979973
7632.800000 0.976869
7633.270000 0.976946
7633.750000 0.978638
7634.220000 0.978384
7634.690000 0.975947
7635.160000 0.976011
7635.630000 0.975143
7636.100000 0.977690
7636.570000 0.977319
7637.040000 0.976724
7637.510000 0.979117
7637.980000 0.977462
7638.450000 0.979819
7638.920000 0.981975
7639.390000 0.975417
7639.860000 0.976789
7640.330000 0.976334
7640.800000 0.974733
7641.270000 0.980135
7641.740000 0.976441
7642.210000 0.973553
7642.680000 0.978017
7643.140000 0.975808
7643.610000 0.976510
7644.080000 0.974962
7644.550000 0.975297
7645.020000 0.974113
7645.490000 0.976368
7645.950000 0.976680
7646.420000 0.973522
7646.890000 0.975445
7647.350000 0.980778
7647.820000 0.975144
7648.290000 0.978115
7648.750000 0.979680
7649.220000 0.974877
7649.690000 0.975187
7650.150000 0.975001
7650.620000 0.974684
7651.090000 0.975031
7651.550000 0.972102
7652.020000 0.974130
7652.480000 0.972870
7652.950000 0.972136
7653.410000 0.976404
7653.880000 0.975478
7654.340000 0.973906
7654.810000 0.972082
7655.270000 0.972554
7655.740000 0.973313
7656.200000 0.972403
7656.660000 0.973653
7657.130000 0.974488
7657.590000 0.973308
7658.060000 0.970525
7658.520000 0.973167
7658.980000 0.972860
7659.450000 0.971325
7659.910000 0.976107
7660.370000 0.972199
7660.830000 0.972925
7661.300000 0.973230
7661.760000 0.972091
7662.220000 0.971438
7662.680000 0.974263
7663.140000 0.973757
7663.610000 0.971371
7664.070000 0.972293
7664.530000 0.971743
7664.990000 0.971533
7665.450000 0.971267
7665.910000 0.970533
7666.370000 0.969407
7666.830000 0.970568
7667.290000 0.971054
7667.750000 0.971769
7668.210000 0.972696
7668.670000 0.970073
7669.130000 0.972337
7669.590000 0.973593
7670.050000 0.972949
7670.510000 0.970963
7670.970000 0.971186
7671.430000 0.967138
7671.890000 0.967923
7672.350000 0.968639
7672.810000 0.971080
7673.270000 0.970926
7673.720000 0.970990
7674.180000 0.972270
7674.640000 0.973232
7675.100000 0.972559
7675.550000 0.970571
7676.010000 0.969377
7676.470000 0.970683
7676.930000 0.970786
7677.380000 0.973798
7677.840000 0.970930
7678.300000 0.966663
7678.750000 0.971146
7679.210000 0.969520
7679.670000 0.970405
7680.120000 0.968752
7680.580000 0.970501
7681.030000 0.969118
7681.490000 0.970416
7681.940000 0.968257
7682.400000 0.971627
7682.850000 0.970422
7683.310000 0.967480
7683.760000 0.971731
7684.220000 0.968391
7684.670000 0.968424
7685.130000 0.965518
7685.580000 0.969967
7686.030000 0.970863
7686.490000 0.969688
7686.940000 0.971215
7687.400000 0.971572
7687.850000 0.969034
7688.300000 0.971594
7688.750000 0.969562
7689.210000 0.967242
7689.660000 0.967951
7690.110000 0.970464
7690.560000 0.970581
7691.020000 0.964776
7691.470000 0.967043
7691.920000 0.968673
7692.370000 0.965263
7692.820000 0.970162
7693.270000 0.969907
7693.730000 0.968192
7694.180000 0.967668
7694.630000 0.971532
7695.080000 0.966985
7695.530000 0.965880
7695.980000 0.967369
7696.430000 0.968707
7696.880000 0.965322
7697.330000 0.969521
7697.780000 0.967818
7698.230000 0.967120
7698.680000 0.967187
7699.130000 0.968348
7699.580000 0.966838
7700.030000 0.966927
7700.470000 0.968166
7700.920000 0.969180
7701.370000 0.967439
7701.820000 0.968857
7702.270000 0.966221
7702.710000 0.969176
7703.160000 0.969858
7703.610000 0.963837
7704.060000 0.969417
7704.500000 0.967421
7704.950000 0.966954
7705.400000 0.967081
7705.850000 0.965642
7706.290000 0.968429
7706.740000 0.964813
7707.180000 0.968353
7707.630000 0.966641
7708.080000 0.968255
7708.520000 0.969277
7708.970000 0.965657
7709.410000 0.967129
7709.860000 0.970891
7710.300000 0.968921
7710.750000 0.967296
7711.190000 0.965893
7711.640000 0.964461
7712.080000 0.969898
7712.530000 0.969217
7712.970000 0.967419
7713.410000 0.969073
7713.860000 0.969924
7714.300000 0.972177
7714.750000 0.967437
7715.190000 0.967810
7715.630000 0.972084
7716.070000 0.966814
7716.520000 0.969603
7716.960000 0.970748
7717.400000 0.964817
7717.840000 0.971654
7718.290000 0.967676
7718.730000 0.966245
7719.170000 0.968286
7719.610000 0.970310
7720.050000 0.968233
7720.490000 0.971439
7720.940000 0.967244
7721.380000 0.967534
7721.820000 0.964853
7722.260000 0.970273
7722.700000 0.969869
7723.140000 0.968146
7723.580000 0.966544
7724.020000 0.969083
7724.460000 0.967661
7724.900000 0.964577
7725.340000 0.970718
7725.780000 0.968718
7726.220000 0.966793
7726.650000 0.968542
7727.090000 0.973352
7727.530000 0.969165
7727.970000 0.969767
7728.410000 0.968330
7728.850000 0.971693
7729.280000 0.970199
7729.720000 0.966800
7730.160000 0.966057
7730.600000 0.967406
7731.030000 0.968925
7731.470000 0.971786
7731.910000 0.967069
7732.340000 0.967715
7732.780000 0.971245
7733.220000 0.969483
7733.650000 0.970576
7734.090000 0.969225
7734.520000 0.971170
7734.960000 0.969693
7735.400000 0.969385
7735.830000 0.969109
7736.270000 0.969877
7736.700000 0.970337
7737.140000 0.969638
7737.570000 0.970298
7738.010000 0.967127
7738.440000 0.971979
7738.870000 0.972183
7739.310000 0.971271
7739.740000 0.964592
7740.180000 0.971003
7740.610000 0.970954
7741.040000 0.972127
7741.480000 0.970850
7741.910000 0.972689
7742.340000 0.968933
7742.770000 0.973182
7743.210000 0.973325
7743.640000 0.972404
7744.070000 0.971468
7744.500000 0.973468
7744.930000 0.977237
7745.370000 0.972548
7745.800000 0.970726
7746.230000 0.971454
7746.660000 0.971673
7747.090000 0.975945
7747.520000 0.973586
7747.950000 0.969553
7748.380000 0.975430
7748.810000 0.974862
7749.240000 0.975477
7749.670000 0.968155
7750.100000 0.975882
7750.530000 0.974947
7750.960000 0.974362
7751.390000 0.974485
7751.820000 0.976331
7752.250000 0.967573
7752.680000 0.974932
7753.100000 0.975463
7753.530000 0.975183
7753.960000 0.973530
7754.390000 0.973598
7754.820000 0.975218
7755.240000 0.976392
7755.670000 0.973549
7756.100000 0.975450
7756.530000 0.977180
7756.950000 0.975692
7757.380000 0.975447
7757.810000 0.977126
7758.230000 0.977299
7758.660000 0.975890
7759.080000 0.978111
7759.510000 0.977473
7759.940000 0.975239
7760.360000 0.978090
7760.790000 0.972385
7761.210000 0.975107
7761.640000 0.973682
7762.060000 0.976354
7762.490000 0.973535
7762.910000 0.973476
7763.330000 0.979446
7763.760000 0.978285
7764.180000 0.980572
7764.610000 0.976857
7765.030000 0.973990
7765.450000 0.975057
7765.880000 0.978813
7766.300000 0.978122
7766.720000 0.979601
7767.140000 0.979187
7767.570000 0.979179
7767.990000 0.980659
7768.410000 0.976191
7768.830000 0.975487
7769.260000 0.976166
7769.680000 0.979236
7770.100000 0.984060
7770.520000 0.975612
7770.940000 0.975485
7771.360000 0.979595
7771.780000 0.978500
7772.130000 0.982102
7772.610000 0.983298
7773.090000 0.983729
7773.580000 0.984904
7774.060000 0.984265
7774.540000 0.985231
7775.020000 0.986824
7775.500000 0.987543
7775.980000 0.984591
7776.460000 0.983413
7776.940000 0.984598
7777.420000 0.980644
7777.900000 0.984773
7778.380000 0.984811
7778.860000 0.985430
7779.340000 0.986823
7779.820000 0.981225
7780.300000 0.981823
7780.780000 0.985406
7781.260000 0.987303
7781.740000 0.985881
7782.220000 0.985490
7782.700000 0.986057
7783.180000 0.987005
7783.660000 0.985035
7784.140000 0.982491
7784.620000 0.983261
7785.100000 0.987538
7785.570000 0.988537
7786.050000 0.984456
7786.530000 0.976340
7787.010000 0.986974
7787.490000 0.984205
7787.960000 0.987669
7788.440000 0.984959
7788.920000 0.984808
7789.400000 0.986728
7789.870000 0.982754
7790.350000 0.984863
7790.830000 0.985426
7791.300000 0.985563
7791.780000 0.984297
7792.260000 0.982609
7792.730000 0.981558
7793.210000 0.987694
7793.690000 0.989997
7794.160000 0.985539
7794.640000 0.985344
7795.110000 0.983708
7795.590000 0.986514
7796.070000 0.986698
7796.540000 0.984445
7797.020000 0.985011
7797.490000 0.981068
7797.970000 0.985397
7798.440000 0.986936
7798.920000 0.987954
7799.390000 0.982657
7799.870000 0.981922
7800.340000 0.984946
7800.810000 0.985004
7801.290000 0.987425
7801.760000 0.982480
7802.240000 0.986670
7802.710000 0.983938
7803.180000 0.985365
7803.660000 0.982984
7804.130000 0.984897
7804.600000 0.984778
7805.080000 0.987270
7805.550000 0.983602
7806.020000 0.986321
7806.500000 0.984126
7806.970000 0.986062
7807.440000 0.982087
7807.910000 0.985196
7808.390000 0.987659
7808.860000 0.981916
7809.330000 0.978506
7809.800000 0.979173
7810.270000 0.986181
7810.740000 0.984256
7811.220000 0.983560
7811.690000 0.982209
7812.160000 0.979347
7812.630000 0.985551
7813.100000 0.981676
7813.570000 0.979501
7814.040000 0.981449
7814.510000 0.980501
7814.980000 0.981245
7815.450000 0.979471
7815.920000 0.981965
7816.390000 0.979827
7816.860000 0.978793
7817.330000 0.979533
7817.800000 0.982754
7818.270000 0.981622
7818.740000 0.979167
7819.210000 0.982402
7819.680000 0.979227
7820.150000 0.979315
7820.620000 0.979963
7821.080000 0.978144
7821.550000 0.975014
7822.020000 0.979420
7822.490000 0.978742
7822.960000 0.976203
7823.420000 0.973959
7823.890000 0.975646
7824.360000 0.975806
7824.830000 0.974243
7825.300000 0.976321
7825.760000 0.976350
7826.230000 0.976936
7826.700000 0.978481
7827.160000 0.973856
7827.630000 0.977050
7828.100000 0.976839
7828.560000 0.971287
7829.030000 0.975839
7829.500000 0.977252
7829.960000 0.973784
7830.430000 0.971180
7830.890000 0.971450
7831.360000 0.972685
7831.820000 0.972074
7832.290000 0.974368
7832.750000 0.967936
7833.220000 0.969375
7833.680000 0.972734
7834.150000 0.969211
7834.610000 0.972514
7835.080000 0.970361
7835.540000 0.969749
7836.010000 0.973502
7836.470000 0.970895
7836.940000 0.972889
7837.400000 0.965650
7837.860000 0.968302
7838.330000 0.969866
7838.790000 0.969856
7839.250000 0.964748
7839.720000 0.967972
7840.180000 0.970212
7840.640000 0.966528
7841.110000 0.964660
7841.570000 0.967933
7842.030000 0.966258
7842.490000 0.965046
7842.950000 0.967281
7843.420000 0.965913
7843.880000 0.964045
7844.340000 0.966258
7844.800000 0.965035
7845.260000 0.961771
7845.720000 0.963215
7846.190000 0.967313
7846.650000 0.962616
7847.110000 0.963325
7847.570000 0.964371
7848.030000 0.964453
7848.490000 0.961024
7848.950000 0.960784
7849.410000 0.961806
7849.870000 0.960220
7850.330000 0.960788
7850.790000 0.955722
7851.250000 0.962905
7851.710000 0.961495
7852.170000 0.960616
7852.630000 0.961599
7853.090000 0.961036
7853.550000 0.957023
7854.010000 0.958731
7854.460000 0.959435
7854.920000 0.956826
7855.380000 0.962003
7855.840000 0.957489
7856.300000 0.956768
7856.760000 0.958244
7857.210000 0.958643
7857.670000 0.956425
7858.130000 0.957706
7858.590000 0.956162
7859.040000 0.956466
7859.500000 0.957401
7859.960000 0.956106
7860.410000 0.956397
7860.870000 0.956222
7861.330000 0.958294
7861.780000 0.953560
7862.240000 0.956021
7862.700000 0.957457
7863.150000 0.952522
7863.610000 0.958498
7864.060000 0.951931
7864.520000 0.953797
7864.970000 0.955024
7865.430000 0.950612
7865.890000 0.952554
7866.340000 0.953822
7866.800000 0.954568
7867.250000 0.954011
7867.700000 0.955881
7868.160000 0.952683
7868.610000 0.956918
7869.070000 0.952379
7869.520000 0.953172
7869.980000 0.951037
7870.430000 0.953706
7870.880000 0.952991
7871.340000 0.950921
7871.790000 0.949710
7872.240000 0.953672
7872.700000 0.950396
7873.150000 0.954002
7873.600000 0.951163
7874.050000 0.949855
7874.510000 0.951626
7874.960000 0.952355
7875.410000 0.951973
7875.860000 0.950466
7876.310000 0.955862
7876.770000 0.949546
7877.220000 0.948398
7877.670000 0.950978
7878.120000 0.952281
7878.570000 0.948714
7879.020000 0.948490
7879.470000 0.950682
7879.920000 0.946562
7880.370000 0.951744
7880.820000 0.951043
7881.270000 0.948986
7881.720000 0.953535
7882.170000 0.950801
7882.620000 0.952145
7883.070000 0.948516
7883.520000 0.946375
7883.970000 0.946708
7884.420000 0.950109
7884.870000 0.953310
7885.320000 0.950445
7885.770000 0.953831
7886.220000 0.948833
7886.670000 0.947915
7887.110000 0.949094
7887.560000 0.947923
7888.010000 0.952915
7888.460000 0.950038
7888.910000 0.954464
7889.350000 0.948287
7889.800000 0.947532
7890.250000 0.950879
7890.700000 0.950481
7891.140000 0.950506
7891.590000 0.952877
7892.040000 0.951919
7892.480000 0.948893
7892.930000 0.954388
7893.370000 0.957640
7893.820000 0.953425
7894.270000 0.952251
7894.710000 0.953176
7895.160000 0.956365
7895.600000 0.949408
7896.050000 0.950439
7896.490000 0.951498
7896.940000 0.953193
7897.380000 0.955427
7897.830000 0.952554
7898.270000 0.951518
7898.720000 0.952566
7899.160000 0.955283
7899.610000 0.954019
7900.050000 0.951524
7900.490000 0.952750
7900.940000 0.950944
7901.380000 0.950354
7901.830000 0.956142
7902.270000 0.952275
7902.710000 0.952729
7903.150000 0.954482
7903.600000 0.955258
7904.040000 0.957219
7904.480000 0.953291
7904.920000 0.952637
7905.370000 0.958178
7905.810000 0.955697
7906.250000 0.956258
7906.690000 0.953006
7907.130000 0.959042
7907.580000 0.958255
7908.020000 0.958099
7908.460000 0.955210
7908.900000 0.957884
7909.340000 0.955985
7909.780000 0.956549
7910.220000 0.956840
7910.660000 0.957454
7911.100000 0.959646
7911.540000 0.957747
7911.980000 0.957102
7912.420000 0.957347
7912.860000 0.957325
7913.300000 0.955451
7913.740000 0.959424
7914.180000 0.962415
7914.620000 0.962045
7915.060000 0.958851
7915.500000 0.955364
7915.930000 0.959386
7916.370000 0.959237
7916.810000 0.960853
7917.250000 0.962107
7917.690000 0.961820
7918.120000 0.960354
7918.560000 0.960635
7919.000000 0.961756
7919.440000 0.963465
7919.870000 0.961711
7920.310000 0.959163
7920.750000 0.962427
7921.180000 0.960546
7921.620000 0.963384
7922.060000 0.963948
7922.490000 0.964493
7922.930000 0.962382
7923.370000 0.967215
7923.800000 0.964934
7924.240000 0.961021
7924.670000 0.962989
7925.110000 0.967496
7925.540000 0.964133
7925.980000 0.961242
7926.410000 0.964270
7926.850000 0.962560
7927.280000 0.963674
7927.720000 0.962072
7928.150000 0.969461
7928.590000 0.961043
7929.020000 0.965120
7929.450000 0.966607
7929.890000 0.963322
7930.320000 0.965386
7930.750000 0.966572
7931.190000 0.966663
7931.620000 0.965836
7932.050000 0.967469
7932.480000 0.965554
7932.920000 0.964186
7933.350000 0.968671
7933.780000 0.970454
7934.210000 0.968660
7934.650000 0.966528
7935.080000 0.966763
7935.510000 0.969912
7935.940000 0.970823
7936.370000 0.968566
7936.800000 0.971247
7937.230000 0.974793
7937.660000 0.967141
7938.100000 0.970947
7938.530000 0.975766
7938.960000 0.968737
7939.390000 0.974157
7939.820000 0.970144
7940.250000 0.968763
7940.680000 0.971030
7941.110000 0.974151
7941.530000 0.974243
7941.960000 0.971638
7942.390000 0.972631
7942.820000 0.970721
7943.250000 0.970255
7943.680000 0.973796
7944.110000 0.972235
7944.540000 0.976587
7944.960000 0.976589
7945.390000 0.972017
7945.820000 0.971518
7946.250000 0.979238
7946.670000 0.973756
7947.100000 0.973262
7947.530000 0.972265
7947.960000 0.979263
7948.380000 0.974313
7948.810000 0.973593
7949.240000 0.973764
7949.660000 0.975515
7950.090000 0.974770
7950.510000 0.973062
7950.940000 0.970104
7951.370000 0.976671
7951.790000 0.974199
7952.220000 0.978314
7952.640000 0.975610
7953.070000 0.976547
7953.490000 0.976387
7953.920000 0.974819
7954.340000 0.974448
7954.770000 0.976176
7955.190000 0.980067
7955.610000 0.978602
7956.040000 0.976617
7956.460000 0.978865
7956.890000 0.978940
7957.310000 0.976108
7957.730000 0.980236
7958.160000 0.982993
7958.580000 0.979734
7959.000000 0.978476
7959.420000 0.983707
7959.850000 0.979745
7960.270000 0.974519
7960.690000 0.978714
7961.110000 0.977663
7961.530000 0.980012
7961.960000 0.979239
7962.380000 0.982608
7962.800000 0.976977
7963.220000 0.979898
7963.640000 0.978259
7964.060000 0.981519
7964.480000 0.981153
7964.900000 0.984423
7965.320000 0.984746
7965.740000 0.978097
7966.160000 0.985725
7966.580000 0.981159
7967.000000 0.981132
7967.420000 0.980395
7967.840000 0.978925
7968.260000 0.980728
7968.680000 0.983961
7969.100000 0.982770
7969.520000 0.983647
7969.940000 0.985657
7970.360000 0.980501
7970.770000 0.979666
7971.190000 0.985176
7971.610000 0.983951
7972.030000 0.983282
7972.450000 0.980666
7972.860000 0.980932
7973.280000 0.983616
7973.700000 0.985606
7974.110000 0.985872
7974.530000 0.984613
7974.950000 0.988904
7975.360000 0.987390
7975.780000 0.983862
7976.200000 0.983445
7976.610000 0.983536
7977.030000 0.981224
7977.440000 0.983948
7977.860000 0.983154
7978.270000 0.981002
7978.690000 0.979397
7979.100000 0.985538
7979.520000 0.983740
7979.930000 0.980599
7980.350000 0.984067
7980.760000 0.983442
7981.180000 0.982958
7981.590000 0.986195
7982.000000 0.985362
7982.420000 0.986770
7982.830000 0.984350
7983.240000 0.985966
7983.660000 0.987150
7984.070000 0.984341
7984.480000 0.985112
7984.900000 0.986417
7985.310000 0.987762
7985.720000 0.983624
7986.130000 0.986164
7986.550000 0.983938
7986.830000 0.983082
7987.290000 0.983625
7987.740000 0.980373
7988.190000 0.984581
7988.650000 0.982817
7989.100000 0.985260
7989.560000 0.982582
7990.010000 0.983946
7990.460000 0.981312
7990.920000 0.983624
7991.370000 0.981597
7991.820000 0.981131
7992.280000 0.982015
7992.730000 0.984388
7993.180000 0.978221
7993.630000 0.983273
7994.090000 0.984124
7994.540000 0.982812
7994.990000 0.985576
7995.440000 0.983129
7995.890000 0.981114
7996.340000 0.983748
7996.800000 0.986092
7997.250000 0.987784
7997.700000 0.985918
7998.150000 0.982545
7998.600000 0.986040
7999.050000 0.983338
7999.500000 0.983813
7999.950000 0.982567
8000.400000 0.979488
8000.850000 0.987598
8001.300000 0.984234
8001.750000 0.983610
8002.200000 0.980618
8002.650000 0.982666
8003.100000 0.984039
8003.550000 0.985760
8004.000000 0.978181
8004.450000 0.985251
8004.900000 0.985118
8005.350000 0.982437
8005.800000 0.981913
8006.250000 0.985141
8006.700000 0.981176
8007.140000 0.985913
8007.590000 0.979566
8008.040000 0.983414
8008.490000 0.982366
8008.940000 0.982135
8009.380000 0.986266
8009.830000 0.985834
8010.280000 0.981480
8010.730000 0.983970
8011.170000 0.984490
8011.620000 0.986342
8012.070000 0.983264
8012.520000 0.983058
8012.960000 0.981053
8013.410000 0.984292
8013.850000 0.983613
8014.300000 0.982419
8014.750000 0.983120
8015.190000 0.980586
8015.640000 0.985606
8016.080000 0.982935
8016.530000 0.979544
8016.980000 0.983854
8017.420000 0.985640
8017.870000 0.978164
8018.310000 0.985046
8018.760000 0.986013
8019.200000 0.983506
8019.650000 0.981579
8020.090000 0.979297
8020.530000 0.981409
8020.980000 0.983356
8021.420000 0.981332
8021.870000 0.983232
8022.310000 0.984944
8022.750000 0.983439
8023.200000 0.981484
8023.640000 0.982405
8024.090000 0.980361
8024.530000 0.981445
8024.970000 0.984241
8025.410000 0.979176
8025.860000 0.981105
8026.300000 0.980205
8026.740000 0.986512
8027.180000 0.979788
8027.630000 0.986045
8028.070000 0.981449
8028.510000 0.983883
8028.950000 0.983066
8029.390000 0.983992
8029.840000 0.980746
8030.280000 0.979910
8030.720000 0.981818
8031.160000 0.981093
8031.600000 0.981451
8032.040000 0.982819
8032.480000 0.981059
8032.920000 0.979217
8033.360000 0.985510
8033.800000 0.980577
8034.240000 0.980107
8034.680000 0.978891
8035.120000 0.981637
8035.560000 0.980574
8036.000000 0.981588
8036.440000 0.979445
8036.880000 0.979837
8037.320000 0.982928
8037.760000 0.984823
8038.200000 0.979124
8038.640000 0.983512
8039.070000 0.980273
8039.510000 0.979699
8039.950000 0.979272
8040.390000 0.982416
8040.830000 0.979106
8041.270000 0.982053
8041.700000 0.979901
8042.140000 0.984298
8042.580000 0.980352
8043.020000 0.980831
8043.450000 0.979798
8043.890000 0.980722
8044.330000 0.979229
8044.760000 0.980487
8045.200000 0.977645
8045.640000 0.979913
8046.070000 0.979740
8046.510000 0.982653
8046.940000 0.978108
8047.380000 0.979519
8047.820000 0.977507
8048.250000 0.977255
8048.690000 0.978894
8049.120000 0.981704
8049.560000 0.976552
8049.990000 0.979480
8050.430000 0.975231
8050.860000 0.976688
8051.300000 0.977327
8051.730000 0.978514
8052.170000 0.978680
8052.600000 0.982786
8053.030000 0.978022
8053.470000 0.975854
8053.900000 0.975735
8054.340000 0.979868
8054.770000 0.975591
8055.200000 0.975364
8055.640000 0.979058
8056.070000 0.976747
8056.500000 0.977577
8056.930000 0.978580
8057.370000 0.973049
8057.800000 0.972328
8058.230000 0.976790
8058.660000 0.971232
8059.100000 0.976875
8059.530000 0.971394
8059.960000 0.973912
8060.390000 0.975168
8060.820000 0.977951
8061.250000 0.974698
8061.680000 0.973647
8062.120000 0.973627
8062.550000 0.976015
8062.980000 0.974268
8063.410000 0.972336
8063.840000 0.972254
8064.270000 0.971446
8064.700000 0.971478
8065.130000 0.977021
8065.560000 0.972890
8065.990000 0.972445
8066.420000 0.973528
8066.850000 0.972737
8067.280000 0.971837
8067.700000 0.972415
8068.130000 0.973223
8068.560000 0.969159
8068.990000 0.969324
8069.420000 0.971535
8069.850000 0.971890
8070.280000 0.967854
8070.700000 0.971639
8071.130000 0.971132
8071.560000 0.974890
8071.990000 0.972435
8072.420000 0.967696
8072.840000 0.968379
8073.270000 0.974044
8073.700000 0.970986
8074.120000 0.970855
8074.550000 0.970116
8074.980000 0.970377
8075.400000 0.972042
8075.830000 0.968860
8076.260000 0.970632
8076.680000 0.968218
8077.110000 0.967191
8077.530000 0.967911
8077.960000 0.968771
8078.380000 0.969392
8078.810000 0.970003
8079.230000 0.969474
8079.660000 0.966532
8080.080000 0.968112
8080.510000 0.963749
8080.930000 0.968755
8081.360000 0.966398
8081.780000 0.969191
8082.210000 0.966308
8082.630000 0.967372
8083.050000 0.966811
8083.480000 0.965104
8083.900000 0.967349
8084.320000 0.968077
8084.750000 0.960745
8085.170000 0.966933
8085.590000 0.967701
8086.020000 0.960795
8086.440000 0.966200
8086.860000 0.962415
8087.280000 0.966356
8087.710000 0.965859
8088.130000 0.965715
8088.550000 0.963061
8088.970000 0.966184
8089.390000 0.963869
8089.810000 0.965184
8090.230000 0.966198
8090.660000 0.966062
8091.080000 0.963641
8091.500000 0.963971
8091.920000 0.967315
8092.340000 0.962310
8092.760000 0.959022
8093.180000 0.962471
8093.600000 0.965559
8094.020000 0.962466
8094.440000 0.962581
8094.860000 0.964595
8095.280000 0.961997
8095.700000 0.961197
8096.120000 0.966956
8096.530000 0.959829
8096.950000 0.960378
8097.370000 0.962099
8097.790000 0.965216
8098.210000 0.962347
8098.630000 0.961443
8099.050000 0.962815
8099.460000 0.962394
8099.880000 0.960978
8100.300000 0.961649
8100.720000 0.962741
8101.130000 0.961917
8101.550000 0.960677
8101.970000 0.959062
8102.380000 0.963251
8102.800000 0.961579
8103.220000 0.961683
8103.630000 0.960573
8104.050000 0.957267
8104.470000 0.957473
8104.880000 0.960989
8105.300000 0.961549
8105.710000 0.956733
8106.130000 0.960621
8106.540000 0.955660
8106.960000 0.960133
8107.370000 0.955405
8107.790000 0.959760
8108.200000 0.961688
8108.620000 0.958853
8109.030000 0.959743
8109.450000 0.959933
8109.860000 0.959019
8110.270000 0.956830
8110.690000 0.960990
8111.100000 0.961894
8111.510000 0.957663
8111.930000 0.960036
8112.340000 0.955201
8112.750000 0.959255
8113.170000 0.959633
8113.580000 0.958837
8113.990000 0.957152
8114.400000 0.956173
8114.820000 0.960333
8115.230000 0.958684
8115.640000 0.957795
8116.050000 0.960947
8116.460000 0.960832
8116.870000 0.956422
8117.280000 0.956051
8117.700000 0.955790
8118.110000 0.955854
8118.520000 0.957946
8118.930000 0.955792
8119.340000 0.960022
8119.750000 0.958312
8120.160000 0.956951
8120.570000 0.953990
8120.980000 0.959027
8121.390000 0.959285
8121.800000 0.957944
8122.210000 0.958781
8122.620000 0.957844
8123.020000 0.957495
8123.430000 0.959976
8123.840000 0.960561
8124.250000 0.958464
8124.660000 0.958255
8125.070000 0.957840
8125.480000 0.957892
8125.880000 0.959768
8126.290000 0.956394
8126.700000 0.957435
8127.110000 0.958093
8127.510000 0.959288
8127.920000 0.953769
8128.330000 0.959844
8128.730000 0.957618
8129.140000 0.957729
8129.550000 0.957471
8129.950000 0.955709
8130.360000 0.959209
8130.770000 0.956509
8131.170000 0.956107
8131.580000 0.957423
8131.980000 0.955728
8132.390000 0.956887
8132.790000 0.959032
8133.200000 0.960719
8133.600000 0.955929
8134.010000 0.956837
8134.410000 0.956659
8134.820000 0.959150
8135.220000 0.958030
8135.620000 0.955910
8136.030000 0.959663
8136.430000 0.959872
8136.840000 0.961615
8137.240000 0.954098
8137.640000 0.958933
8138.050000 0.957293
8138.450000 0.955019
8138.850000 0.961167
8139.250000 0.956270
8139.660000 0.961230
8140.060000 0.958961
8140.460000 0.960045
8140.860000 0.957644
8141.260000 0.960555
8141.670000 0.959240
8142.070000 0.961356
8142.470000 0.961811
8142.870000 0.959086
8143.270000 0.957666
8143.670000 0.956367
8144.070000 0.961142
8144.470000 0.960118
8144.870000 0.962239
8145.270000 0.958347
8145.670000 0.957318
8146.070000 0.960087
8146.470000 0.963346
8146.870000 0.962289
8147.270000 0.960987
8147.670000 0.958605
8148.070000 0.959467
8148.470000 0.958361
8148.870000 0.961527
8149.270000 0.959097
8149.660000 0.958354
8150.060000 0.962102
8150.460000 0.961205
8150.860000 0.960314
8151.260000 0.961967
8151.650000 0.964114
8152.050000 0.960849
8152.450000 0.962231
8152.850000 0.960787
8153.240000 0.957851
8153.640000 0.966214
8154.040000 0.958810
8154.430000 0.962728
8154.830000 0.960735
8155.220000 0.961363
8155.620000 0.961708
8156.020000 0.967262
8156.410000 0.960067
8156.810000 0.959415
8157.200000 0.962947
8157.600000 0.962201
8157.990000 0.966107
8158.390000 0.963827
8158.780000 0.965682
8159.180000 0.960482
8159.570000 0.962126
8159.960000 0.961541
8160.360000 0.963529
8160.750000 0.965098
8161.150000 0.966342
8161.540000 0.964167
8161.930000 0.965263
8162.330000 0.964082
8162.720000 0.964380
8163.110000 0.962377
8163.500000 0.965731
8163.900000 0.961901
8164.290000 0.966184
8164.680000 0.963885
8165.070000 0.964488
8165.460000 0.966013
8165.860000 0.964990
8166.250000 0.964881
8166.640000 0.963962
8167.030000 0.967911
8167.420000 0.966362
8167.810000 0.969564
8168.200000 0.966638
8168.590000 0.966169
8168.980000 0.967633
8169.370000 0.962820
8169.760000 0.961878
8170.150000 0.964569
8170.540000 0.968542
8170.930000 0.969555
8171.320000 0.966248
8171.710000 0.965529
8172.100000 0.968696
8172.490000 0.963684
8172.880000 0.966733
8173.260000 0.966494
8173.650000 0.970867
8174.040000 0.968675
8174.430000 0.965880
8174.820000 0.968838
8175.200000 0.966396
8175.590000 0.964744
8175.980000 0.969594
8176.370000 0.970753
8176.750000 0.972938
8177.140000 0.971016
8177.530000 0.969755
8177.910000 0.968408
8178.300000 0.967555
8178.680000 0.968091
8179.070000 0.967654
8179.460000 0.969686
8179.840000 0.972394
8180.230000 0.964590
8180.610000 0.970018
8181.000000 0.969020
8181.380000 0.963679
8181.770000 0.973729
8182.150000 0.967000
8182.540000 0.972020
8182.920000 0.968785
8183.300000 0.970733
8183.690000 0.965823
8184.070000 0.965641
8184.450000 0.968687
8184.840000 0.972260
8185.220000 0.967427
8185.600000 0.972289
8185.990000 0.972554
8186.370000 0.969014
8186.750000 0.969348
8187.130000 0.973982
8187.520000 0.973953
8187.900000 0.967630
8188.280000 0.970786
8188.660000 0.967701
8189.040000 0.973074
8189.420000 0.970069
8189.810000 0.970777
8190.190000 0.974008
8190.570000 0.970562
8190.950000 0.971566
8191.330000 0.968911
8191.710000 0.971908
8192.090000 0.974083
8192.470000 0.972173
8192.850000 0.971582
8193.230000 0.970324
8193.610000 0.973946
8193.990000 0.971352
8194.370000 0.970566
8194.740000 0.973327
8195.120000 0.973357
8195.500000 0.972789
8195.880000 0.973785
8196.260000 0.975336
8196.640000 0.973414
8197.010000 0.973053
8197.390000 0.972231
8197.770000 0.970942
8198.150000 0.973334
8198.520000 0.974105
8198.900000 0.976048
8199.280000 0.975443
8199.650000 0.971022
8200.030000 0.973922
8200.410000 0.970830
8200.780000 0.971897
8201.160000 0.973329
8201.530000 0.978125
8201.910000 0.976586
8202.240000 0.975317
8202.670000 0.974088
8203.090000 0.977991
8203.520000 0.972086
8203.940000 0.973469
8204.370000 0.976097
8204.790000 0.976375
8205.220000 0.975464
8205.640000 0.973446
8206.070000 0.974452
8206.490000 0.975029
8206.910000 0.972990
8207.340000 0.976078
8207.760000 0.973117
8208.180000 0.973982
8208.610000 0.980237
8209.030000 0.977465
8209.450000 0.972399
8209.880000 0.972533
8210.300000 0.977149
8210.720000 0.979787
8211.140000 0.977429
8211.570000 0.977738
8211.990000 0.974172
8212.410000 0.977125
8212.830000 0.975315
8213.260000 0.974084
8213.680000 0.976337
8214.100000 0.980343
8214.520000 0.973652
8214.940000 0.976167
8215.360000 0.974970
8215.780000 0.974491
8216.200000 0.978885
8216.630000 0.973106
8217.050000 0.973922
8217.470000 0.979057
8217.890000 0.972025
8218.310000 0.974343
8218.730000 0.976124
8219.150000 0.977241
8219.570000 0.978594
8219.990000 0.976576
8220.410000 0.977873
8220.830000 0.975706
8221.240000 0.981860
8221.660000 0.975295
8222.080000 0.974149
8222.500000 0.973890
8222.920000 0.975787
8223.340000 0.976189
8223.760000 0.976574
8224.170000 0.975224
8224.590000 0.976415
8225.010000 0.973484
8225.430000 0.974297
8225.850000 0.976505
8226.260000 0.975758
8226.680000 0.979261
8227.100000 0.973704
8227.520000 0.973103
8227.930000 0.972809
8228.350000 0.973642
8228.770000 0.972077
8229.180000 0.974556
8229.600000 0.974512
8230.020000 0.976280
8230.430000 0.976274
8230.850000 0.977158
8231.260000 0.975267
8231.680000 0.977070
8232.090000 0.973043
8232.510000 0.977523
8232.930000 0.973858
8233.340000 0.974333
8233.760000 0.974250
8234.170000 0.976637
8234.590000 0.974992
8235.000000 0.977408
8235.410000 0.978481
8235.830000 0.975644
8236.240000 0.975444
8236.660000 0.975372
8237.070000 0.973017
8237.480000 0.973711
8237.900000 0.974766
8238.310000 0.976377
8238.720000 0.976340
8239.140000 0.973109
8239.550000 0.971996
8239.960000 0.972074
8240.380000 0.977904
8240.790000 0.976124
8241.200000 0.974032
8241.610000 0.978774
8242.030000 0.974199
8242.440000 0.975797
8242.850000 0.974659
8243.260000 0.975518
8243.670000 0.973252
8244.080000 0.973886
8244.500000 0.976016
8244.910000 0.973261
8245.320000 0.973553
8245.730000 0.972381
8246.140000 0.977090
8246.550000 0.975012
8246.960000 0.975339
8247.370000 0.973420
8247.780000 0.974693
8248.190000 0.972789
8248.600000 0.974693
8249.010000 0.970471
8249.420000 0.971228
8249.830000 0.976087
8250.240000 0.977224
8250.650000 0.973179
8251.060000 0.975108
8251.460000 0.974502
8251.870000 0.974903
8252.280000 0.976504
8252.690000 0.979591
8253.100000 0.973042
8253.510000 0.971070
8253.910000 0.978376
8254.320000 0.973110
8254.730000 0.972401
8255.140000 0.974856
8255.540000 0.972465
8255.950000 0.976998
8256.360000 0.975129
8256.770000 0.973352
8257.170000 0.974266
8257.580000 0.979268
8257.990000 0.972595
8258.390000 0.977918
8258.800000 0.976355
8259.200000 0.977380
8259.610000 0.977560
8260.020000 0.972950
8260.420000 0.974085
8260.830000 0.972080
8261.230000 0.976390
8261.640000 0.972185
8262.040000 0.973675
8262.450000 0.974716
8262.850000 0.974492
8263.260000 0.974885
8263.660000 0.972781
8264.060000 0.975068
8264.470000 0.973596
8264.870000 0.970617
8265.280000 0.977615
8265.680000 0.975591
8266.080000 0.977645
8266.490000 0.973204
8266.890000 0.971651
8267.290000 0.973118
8267.700000 0.976065
8268.100000 0.974829
8268.500000 0.966644
8268.900000 0.972281
8269.310000 0.975805
8269.710000 0.973679
8270.110000 0.973937
8270.510000 0.972961
8270.910000 0.971724
8271.320000 0.977057
8271.720000 0.971962
8272.120000 0.973152
8272.520000 0.974647
8272.920000 0.973556
8273.320000 0.972104
8273.720000 0.971559
8274.120000 0.972941
8274.520000 0.970636
8274.920000 0.970180
8275.320000 0.976306
8275.720000 0.973781
8276.120000 0.974093
8276.520000 0.973162
8276.920000 0.970176
8277.320000 0.976613
8277.720000 0.972244
8278.120000 0.973538
8278.520000 0.976979
8278.920000 0.974147
8279.320000 0.971410
8279.710000 0.966679
8280.110000 0.973603
8280.510000 0.970332
8280.910000 0.969413
8281.310000 0.974295
8281.700000 0.971355
8282.100000 0.971605
8282.500000 0.972227
8282.900000 0.971643
8283.290000 0.971125
8283.690000 0.971741
8284.090000 0.973517
8284.480000 0.975534
8284.880000 0.975549
8285.270000 0.971577
8285.670000 0.969309
8286.070000 0.972407
8286.460000 0.971988
8286.860000 0.974157
8287.250000 0.973304
8287.650000 0.971182
8288.040000 0.973944
8288.440000 0.968385
8288.830000 0.974545
8289.230000 0.968850
8289.620000 0.967979
8290.020000 0.969871
8290.410000 0.971262
8290.810000 0.972583
8291.200000 0.973102
8291.590000 0.971506
8291.990000 0.969911
8292.380000 0.975375
8292.770000 0.968101
8293.170000 0.971511
8293.560000 0.972040
8293.950000 0.973868
8294.350000 0.972357
8294.740000 0.970068
8295.130000 0.967714
8295.520000 0.970949
8295.920000 0.971387
8296.310000 0.969232
8296.700000 0.971946
8297.090000 0.973573
8297.480000 0.966736
8297.870000 0.974294
8298.260000 0.967807
8298.660000 0.973961
8299.050000 0.971424
8299.440000 0.971645
8299.830000 0.968393
8300.220000 0.973012
8300.610000 0.970811
8301.000000 0.971283
8301.390000 0.969114
8301.780000 0.973353
8302.170000 0.970507
8302.560000 0.971121
8302.950000 0.970908
8303.340000 0.968436
8303.720000 0.966621
8304.110000 0.968862
8304.500000 0.968339
8304.890000 0.971746
8305.280000 0.968099
8305.670000 0.970618
8306.050000 0.967301
8306.440000 0.975120
8306.830000 0.972431
8307.220000 0.972369
8307.610000 0.967617
8307.990000 0.970488
8308.380000 0.970085
8308.770000 0.963649
8309.150000 0.972610
8309.540000 0.969246
8309.930000 0.969038
8310.310000 0.963967
8310.700000 0.968992
8311.080000 0.971080
8311.470000 0.972696
8311.860000 0.968992
8312.240000 0.968716
8312.630000 0.966746
8313.010000 0.969070
8313.400000 0.968082
8313.780000 0.969532
8314.170000 0.970724
8314.550000 0.967962
8314.940000 0.971461
8315.320000 0.970471
8315.700000 0.969176
8316.090000 0.968443
8316.470000 0.969354
8316.850000 0.966767
8317.240000 0.965928
8317.620000 0.967087
8318.000000 0.970816
8318.390000 0.969763
8318.770000 0.969191
8319.150000 0.969512
8319.540000 0.968377
8319.920000 0.967008
8320.300000 0.967405
8320.680000 0.967194
8321.060000 0.968501
8321.450000 0.967808
8321.830000 0.969434
8322.210000 0.966892
8322.590000 0.966313
8322.970000 0.968435
8323.350000 0.967423
8323.730000 0.966404
8324.110000 0.971126
8324.490000 0.967432
8324.870000 0.969374
8325.250000 0.964883
8325.630000 0.969147
8326.010000 0.965672
8326.390000 0.969358
8326.770000 0.967906
8327.150000 0.966866
8327.530000 0.968637
8327.910000 0.962990
8328.290000 0.965042
8328.670000 0.968701
8329.040000 0.967354
8329.420000 0.967037
8329.800000 0.969947
8330.180000 0.969872
8330.560000 0.966324
8330.930000 0.966297
8331.310000 0.967735
8331.690000 0.970460
8332.070000 0.964276
8332.440000 0.970911
8332.820000 0.963148
8333.200000 0.970971
8333.570000 0.965778
8333.950000 0.965500
8334.320000 0.965615
8334.700000 0.967624
8335.080000 0.964110
8335.450000 0.963628
8335.830000 0.969429
8336.200000 0.966759
8336.580000 0.965675
8336.950000 0.969111
8337.330000 0.962064
8337.700000 0.968596
8338.080000 0.967060
8338.450000 0.966576
8338.820000 0.967141
8339.200000 0.964702
8339.570000 0.967615
8339.950000 0.967623
8340.320000 0.964876
8340.690000 0.968962
8341.070000 0.965840
8341.440000 0.964733
8341.810000 0.967119
8342.180000 0.969706
8342.560000 0.962287
8342.930000 0.965521
8343.300000 0.965803
8343.670000 0.964474
8344.050000 0.967885
8344.420000 0.965264
8344.790000 0.963093
8345.160000 0.965182
8345.530000 0.960957
8345.900000 0.963920
8346.270000 0.967239
8346.640000 0.967557
8347.010000 0.961943
8347.380000 0.968238
8347.750000 0.968595
8348.120000 0.966117
8348.490000 0.964283
8348.860000 0.967758
8349.230000 0.967502
8349.600000 0.964206
8349.970000 0.966534
8350.340000 0.966777
8350.710000 0.965141
8351.080000 0.961216
8351.450000 0.965865
8351.820000 0.969547
8352.180000 0.961069
8352.550000 0.969027
8352.920000 0.967170
8353.290000 0.966803
8353.650000 0.968625
8354.020000 0.965392
8354.390000 0.966177
8354.760000 0.971886
8355.120000 0.965651
8355.490000 0.968198
8355.860000 0.963932
8356.220000 0.965779
8356.590000 0.964786
8356.950000 0.963080
8357.320000 0.966727
8357.690000 0.966936
8358.050000 0.965762
8358.420000 0.964390
8358.780000 0.969154
8359.150000 0.966199
8359.510000 0.968560
8359.880000 0.968715
8360.240000 0.968247
8360.600000 0.968816
8360.970000 0.963287
8361.330000 0.964948
8361.700000 0.962889
8362.060000 0.969283
8362.420000 0.966416
8362.790000 0.964303
8363.150000 0.970252
8363.510000 0.965616
8363.880000 0.965976
8364.240000 0.965084
8364.600000 0.970133
8364.960000 0.966716
8365.320000 0.968996
8365.690000 0.969891
8366.050000 0.966695
8366.410000 0.965153
8366.770000 0.964504
8367.130000 0.970324
8367.490000 0.968575
8367.850000 0.965734
8368.210000 0.965652
8368.580000 0.970997
8368.940000 0.965977
8369.300000 0.968754
8369.660000 0.969204
8370.020000 0.974130
8370.380000 0.968943
8370.730000 0.968556
8371.090000 0.967208
8371.450000 0.967620
8371.810000 0.970929
8372.170000 0.969295
8372.530000 0.971013
8372.890000 0.965894
8373.250000 0.967811
8373.600000 0.968823
8373.960000 0.964861
8374.320000 0.968087
8374.680000 0.966248
8375.040000 0.971031
8375.390000 0.972886
8375.750000 0.975472
8376.110000 0.968304
8376.460000 0.965538
8376.820000 0.971363
8377.180000 0.966803
8377.530000 0.969565
8377.890000 0.969470
8378.240000 0.969838
8378.600000 0.968705
8378.960000 0.970454
8379.310000 0.973068
8379.670000 0.972029
8380.020000 0.966493
8380.380000 0.969787
8380.730000 0.970045
8381.080000 0.968016
8381.440000 0.970034
8381.790000 0.970385
8382.150000 0.970093
8382.500000 0.970403
8382.850000 0.968775
8383.210000 0.966741
8383.560000 0.968113
8383.910000 0.971648
8384.270000 0.967240
8384.620000 0.972350
8384.970000 0.970098
8385.330000 0.974961
8385.680000 0.967842
8386.030000 0.972543
8386.380000 0.970583
8386.730000 0.970034
8387.080000 0.968394
8387.440000 0.970451
8387.790000 0.976474
8388.140000 0.977589
8388.490000 0.971018
8388.840000 0.970901
8389.190000 0.971668
8389.540000 0.972330
8389.890000 0.973747
8390.240000 0.973963
8390.590000 0.967763
8390.940000 0.970380
8391.290000 0.968289
8391.640000 0.972682
8391.990000 0.969168
8392.340000 0.974253
8392.680000 0.969867
8393.030000 0.972718
8393.380000 0.974938
8393.730000 0.969236
8394.080000 0.975551
8394.430000 0.974998
8394.770000 0.975403
8395.120000 0.975437
8395.470000 0.972871
8395.810000 0.973794
8396.160000 0.976002
8396.510000 0.976116
8396.850000 0.972353
8397.200000 0.974691
8397.550000 0.973655
8397.890000 0.974273
8398.240000 0.974823
8398.590000 0.974068
8398.930000 0.971165
8399.280000 0.972378
8399.620000 0.972995
8399.970000 0.971995
8400.310000 0.976401
8400.660000 0.977537
8401.000000 0.977079
8401.340000 0.974209
8401.690000 0.974394
8402.030000 0.976498
8402.380000 0.976923
8402.720000 0.974754
8403.060000 0.976507
8403.410000 0.973913
8403.750000 0.977455
8404.090000 0.976110
8404.430000 0.979001
8404.780000 0.974101
8405.120000 0.973175
8405.460000 0.973584
8405.800000 0.972001
8406.140000 0.974080
8406.490000 0.975554
8406.830000 0.975037
8407.170000 0.972837
8407.510000 0.975375
8407.850000 0.977029
8408.190000 0.975777
8408.530000 0.977105
8408.870000 0.974020
8409.210000 0.976054
8409.550000 0.977437
8409.890000 0.976529
8410.230000 0.981721
8410.570000 0.979832
8410.910000 0.970747
8411.250000 0.976047
8411.590000 0.974792
8411.930000 0.975086
8412.270000 0.976273
8412.600000 0.975596
8412.940000 0.973868
8413.280000 0.979492
8413.620000 0.974506
8413.960000 0.978213
8414.290000 0.975146
8414.630000 0.972553
8414.970000 0.976370
8415.300000 0.978926
8415.640000 0.978323
8415.980000 0.978061
8416.310000 0.976096
8416.650000 0.974968
8416.990000 0.976758
8417.320000 0.976861
8417.660000 0.977122
8417.990000 0.976254
8418.330000 0.976518
8418.610000 0.976230
8419.000000 0.975187
8419.400000 0.973470
8419.790000 0.974883
8420.190000 0.976469
8420.580000 0.975564
8420.970000 0.969767
8421.370000 0.974431
8421.760000 0.978011
8422.160000 0.970731
8422.550000 0.973268
8422.940000 0.972155
8423.330000 0.970703
8423.730000 0.975144
8424.120000 0.973836
8424.510000 0.977343
8424.910000 0.975049
8425.300000 0.978183
8425.690000 0.971355
8426.080000 0.975947
8426.470000 0.978532
8426.870000 0.973648
8427.260000 0.973898
8427.650000 0.973990
8428.040000 0.973513
8428.430000 0.975009
8428.820000 0.973606
8429.210000 0.972777
8429.600000 0.973339
8429.990000 0.976057
8430.380000 0.974659
8430.770000 0.975352
8431.170000 0.971341
8431.560000 0.975060
8431.950000 0.974479
8432.330000 0.974228
8432.720000 0.972816
8433.110000 0.973410
8433.500000 0.975534
8433.890000 0.974327
8434.280000 0.973815
8434.670000 0.975802
8435.060000 0.971072
8435.450000 0.972292
8435.840000 0.969267
8436.220000 0.973731
8436.610000 0.971392
8437.000000 0.970841
8437.390000 0.969735
8437.780000 0.972092
8438.160000 0.972229
8438.550000 0.971957
8438.940000 0.972109
8439.330000 0.973379
8439.710000 0.972810
8440.100000 0.970859
8440.490000 0.970632
8440.870000 0.972327
8441.260000 0.970982
8441.650000 0.968486
8442.030000 0.972213
8442.420000 0.970710
8442.800000 0.970455
8443.190000 0.968441
8443.570000 0.972596
8443.960000 0.967184
8444.340000 0.968939
8444.730000 0.969173
8445.110000 0.967994
8445.500000 0.970862
8445.880000 0.970043
8446.270000 0.967960
8446.650000 0.967748
8447.040000 0.968084
8447.420000 0.970848
8447.810000 0.968886
8448.190000 0.967830
8448.570000 0.969121
8448.960000 0.970656
8449.340000 0.971618
8449.720000 0.967932
8450.110000 0.971044
8450.490000 0.965951
8450.870000 0.972721
8451.250000 0.967480
8451.640000 0.970819
8452.020000 0.968061
8452.400000 0.970141
8452.780000 0.973152
8453.160000 0.969897
8453.550000 0.967633
8453.930000 0.968284
8454.310000 0.966560
8454.690000 0.968210
8455.070000 0.966672
8455.450000 0.969455
8455.830000 0.969593
8456.210000 0.967217
8456.590000 0.966809
8456.970000 0.967380
8457.350000 0.968647
8457.740000 0.970898
8458.110000 0.963864
8458.490000 0.962574
8458.870000 0.970536
8459.250000 0.967548
8459.630000 0.966497
8460.010000 0.964744
8460.390000 0.966485
8460.770000 0.965608
8461.150000 0.967888
8461.530000 0.965769
8461.910000 0.969570
8462.280000 0.966309
8462.660000 0.966494
8463.040000 0.966862
8463.420000 0.968580
8463.800000 0.961739
8464.170000 0.969928
8464.550000 0.961970
8464.930000 0.964203
8465.300000 0.963216
8465.680000 0.966129
8466.060000 0.967636
8466.430000 0.964394
8466.810000 0.967285
8467.190000 0.963278
8467.560000 0.965727
8467.940000 0.964222
8468.320000 0.963286
8468.690000 0.963161
8469.070000 0.967264
8469.440000 0.963109
8469.820000 0.961930
8470.190000 0.961306
8470.570000 0.964195
8470.940000 0.960359
8471.320000 0.960432
8471.690000 0.965188
8472.070000 0.961844
8472.440000 0.959306
8472.810000 0.958512
8473.190000 0.963040
8473.560000 0.961296
8473.930000 0.960462
8474.310000 0.957288
8474.680000 0.962382
8475.050000 0.959138
8475.430000 0.957752
8475.800000 0.959010
8476.170000 0.958182
8476.550000 0.962696
8476.920000 0.953892
8477.290000 0.954880
8477.660000 0.960317
8478.030000 0.959331
8478.410000 0.956798
8478.780000 0.954948
8479.150000 0.956341
8479.520000 0.951367
8479.890000 0.954730
8480.260000 0.954462
8480.630000 0.954191
8481.000000 0.952618
8481.370000 0.950676
8481.740000 0.951274
8482.110000 0.948267
8482.480000 0.954644
8482.850000 0.950006
8483.220000 0.947946
8483.590000 0.946393
8483.960000 0.947387
8484.330000 0.946597
8484.700000 0.943882
8485.070000 0.945764
8485.440000 0.945385
8485.810000 0.945233
8486.180000 0.945016
8486.540000 0.940998
8486.910000 0.944437
8487.280000 0.939044
8487.650000 0.939565
8488.010000 0.944055
8488.380000 0.938228
8488.750000 0.937894
8489.120000 0.935529
8489.480000 0.936312
8489.850000 0.934151
8490.220000 0.932276
8490.580000 0.932024
8490.950000 0.933319
8491.320000 0.928461
8491.680000 0.926715
8492.050000 0.929189
8492.410000 0.925029
8492.780000 0.926481
8493.150000 0.926360
8493.510000 0.924084
8493.880000 0.917840
8494.240000 0.916570
8494.610000 0.917778
8494.970000 0.919269
8495.340000 0.915701
8495.700000 0.916046
8496.060000 0.910468
8496.430000 0.910571
8496.790000 0.903195
8497.160000 0.907307
8497.520000 0.905550
8497.880000 0.899704
8498.250000 0.902330
8498.610000 0.897636
8498.970000 0.895119
8499.330000 0.896371
8499.700000 0.892072
8500.060000 0.891437
8500.420000 0.887450
8500.780000 0.888999
8501.150000 0.884426
8501.510000 0.881003
8501.870000 0.877354
8502.230000 0.874334
8502.590000 0.872216
8502.950000 0.870972
8503.310000 0.867852
8503.680000 0.862220
8504.040000 0.862978
8504.400000 0.858320
8504.760000 0.858528
8505.120000 0.853499
8505.480000 0.849295
8505.840000 0.849339
8506.200000 0.843740
8506.560000 0.842535
8506.920000 0.837123
8507.270000 0.835703
8507.630000 0.832521
8507.990000 0.828492
8508.350000 0.824267
8508.710000 0.823064
8509.070000 0.819068
8509.430000 0.816191
8509.780000 0.813654
8510.140000 0.807866
8510.500000 0.803679
8510.860000 0.799508
8511.220000 0.795788
8511.570000 0.795453
8511.930000 0.788061
8512.290000 0.782008
8512.640000 0.782478
8513.000000 0.779067
8513.360000 0.771112
8513.710000 0.769011
8514.070000 0.761869
8514.430000 0.759580
8514.780000 0.753556
8515.140000 0.752423
8515.490000 0.749530
8515.850000 0.743948
8516.200000 0.739060
8516.560000 0.735416
8516.910000 0.727611
8517.270000 0.723456
8517.620000 0.715747
8517.980000 0.716077
8518.330000 0.709990
8518.690000 0.706105
8519.040000 0.700446
8519.390000 0.695150
8519.750000 0.691914
8520.100000 0.686783
8520.450000 0.680401
8520.810000 0.678740
8521.160000 0.673798
8521.510000 0.664833
8521.860000 0.662193
8522.220000 0.655933
8522.570000 0.650809
8522.920000 0.649147
8523.270000 0.641407
8523.620000 0.633085
8523.980000 0.630048
8524.330000 0.626159
8524.680000 0.617236
8525.030000 0.615305
8525.380000 0.610232
8525.730000 0.603896
8526.080000 0.597203
8526.430000 0.591062
8526.780000 0.587784
8527.130000 0.582540
8527.480000 0.579896
8527.830000 0.572469
8528.180000 0.566342
8528.530000 0.560209
8528.880000 0.554438
8529.230000 0.550396
8529.580000 0.545762
8529.930000 0.539793
8530.280000 0.536901
8530.630000 0.529093
8530.970000 0.522113
8531.320000 0.520236
8531.670000 0.514526
8532.020000 0.507815
8532.360000 0.501978
8532.710000 0.497723
8533.060000 0.492310
8533.410000 0.487633
8533.750000 0.482947
8534.100000 0.474005
8534.450000 0.470172
8534.790000 0.463259
8535.140000 0.461131
8535.490000 0.454683
8535.830000 0.449709
8536.180000 0.445476
8536.520000 0.439502
8536.870000 0.434668
8537.210000 0.431385
8537.560000 0.425774
8537.900000 0.421848
8538.250000 0.413528
8538.590000 0.410832
8538.940000 0.405802
8539.280000 0.402066
8539.630000 0.397141
8539.970000 0.391404
8540.310000 0.386344
8540.660000 0.383849
8541.000000 0.377433
8541.340000 0.371396
8541.690000 0.367702
8542.030000 0.363970
8542.370000 0.361370
8542.720000 0.353855
8543.060000 0.349695
8543.400000 0.343924
8543.740000 0.343038
8544.080000 0.338521
8544.430000 0.331742
8544.770000 0.328617
8545.110000 0.324997
8545.450000 0.320888
8545.790000 0.315230
8546.130000 0.312708
8546.470000 0.309597
8546.810000 0.303512
8547.150000 0.300750
8547.490000 0.296160
8547.830000 0.293620
8548.170000 0.289634
8548.510000 0.283592
8548.850000 0.281359
8549.190000 0.277233
8549.530000 0.274869
8549.870000 0.270311
8550.210000 0.267395
8550.550000 0.264709
8550.890000 0.257985
8551.220000 0.255862
8551.560000 0.252710
8551.900000 0.249857
8552.240000 0.245252
8552.580000 0.244422
8552.910000 0.240437
8553.250000 0.235837
8553.590000 0.234160
8553.930000 0.228934
8554.260000 0.227390
8554.600000 0.223456
8554.930000 0.218941
8555.270000 0.217964
8555.610000 0.214346
8555.940000 0.210135
8556.280000 0.207818
8556.610000 0.205676
8556.950000 0.202223
8557.290000 0.199362
8557.620000 0.197780
8557.960000 0.195000
8558.290000 0.192587
8558.620000 0.191028
8558.960000 0.186706
8559.290000 0.184265
8559.630000 0.181772
8559.960000 0.179146
8560.290000 0.176639
8560.630000 0.174596
8560.960000 0.172752
8561.290000 0.169316
8561.630000 0.167380
8561.960000 0.165963
8562.290000 0.163384
8562.630000 0.160541
8562.960000 0.157418
8563.290000 0.157285
8563.620000 0.153831
8563.950000 0.150962
8564.290000 0.149920
8564.620000 0.146914
8564.950000 0.145226
8565.280000 0.144517
8565.610000 0.141927
8565.940000 0.139936
8566.270000 0.137888
8566.600000 0.135761
8566.930000 0.134601
8567.260000 0.132811
8567.590000 0.130509
8567.920000 0.129433
8568.250000 0.126462
8568.580000 0.126035
8568.910000 0.124204
8569.240000 0.122556
8569.570000 0.120045
8569.900000 0.119121
8570.220000 0.117324
8570.550000 0.115803
8570.880000 0.113750
8571.210000 0.113508
8571.540000 0.110955
8571.860000 0.109948
8572.190000 0.108275
8572.520000 0.105624
8572.850000 0.105180
8573.170000 0.103961
8573.500000 0.103009
8573.830000 0.100717
8574.150000 0.100102
8574.480000 0.098701
8574.800000 0.097501
8575.130000 0.095862
8575.460000 0.093904
8575.780000 0.094642
8576.110000 0.092796
8576.430000 0.091144
8576.760000 0.089497
8577.080000 0.087666
8577.410000 0.086573
8577.730000 0.086979
8578.050000 0.085467
8578.380000 0.083897
8578.700000 0.083098
8579.030000 0.081927
8579.350000 0.080406
8579.670000 0.079775
8580.000000 0.079819
8580.320000 0.077959
8580.640000 0.076732
8580.960000 0.075460
8581.290000 0.074738
8581.610000 0.074440
8581.930000 0.072855
8582.250000 0.072268
8582.570000 0.071322
8582.900000 0.070988
8583.220000 0.069307
8583.540000 0.068118
8583.860000 0.067467
8584.180000 0.066636
8584.500000 0.065326
8584.820000 0.065530
8585.140000 0.064685
8585.460000 0.063653
8585.780000 0.062798
8586.100000 0.061750
8586.420000 0.060854
8586.740000 0.060139
8587.060000 0.059839
8587.380000 0.058260
8587.700000 0.057647
8588.020000 0.057532
8588.330000 0.057281
8588.650000 0.056163
8588.970000 0.055427
8589.290000 0.054603
8589.610000 0.054051
8589.920000 0.053751
8590.240000 0.053027
8590.560000 0.052428
8590.880000 0.050997
8591.190000 0.051037
8591.510000 0.050610
8591.830000 0.049642
8592.140000 0.049396
8592.460000 0.048538
8592.770000 0.047758
8593.090000 0.047249
8593.410000 0.046767
8593.720000 0.045764
8594.040000 0.046349
8594.350000 0.044734
8594.670000 0.044867
8594.980000 0.044430
8595.300000 0.043624
8595.610000 0.043109
8595.920000 0.042870
8596.240000 0.042066
8596.550000 0.041523
8596.870000 0.041180
8597.180000 0.040768
8597.490000 0.040537
8597.810000 0.040079
8598.120000 0.038740
8598.430000 0.038985
8598.740000 0.038313
8599.060000 0.038155
8599.370000 0.037668
8599.680000 0.036722
8599.990000 0.036587
8600.300000 0.036236
8600.620000 0.035939
8600.930000 0.035223
8601.240000 0.034867
8601.550000 0.035016
8601.860000 0.034896
8602.170000 0.034261
8602.480000 0.033651
8602.790000 0.033361
8603.100000 0.033184
8603.410000 0.032274
8603.720000 0.032740
8604.030000 0.032132
8604.340000 0.031547
8604.650000 0.031488
8604.960000 0.031124
8605.260000 0.030749
8605.570000 0.030876
8605.880000 0.030093
8606.190000 0.029525
8606.500000 0.029592
8606.810000 0.028818
8607.110000 0.028555
8607.420000 0.028284
8607.730000 0.028533
8608.030000 0.028130
8608.340000 0.028215
8608.650000 0.027612
8608.950000 0.027533
8609.260000 0.026829
8609.570000 0.026438
8609.870000 0.026443
8610.180000 0.026015
8610.480000 0.025977
8610.790000 0.025784
8611.090000 0.025231
8611.400000 0.025232
8611.700000 0.025179
8612.010000 0.024611
8612.310000 0.023961
8612.620000 0.024012
8612.920000 0.023632
8613.230000 0.023484
8613.530000 0.023583
8613.830000 0.023239
8614.140000 0.022628
8614.440000 0.022829
8614.740000 0.022142
8615.050000 0.022501
8615.350000 0.022286
8615.650000 0.021853
8615.950000 0.021547
8616.250000 0.021578
8616.560000 0.021326
8616.860000 0.020707
8617.160000 0.021438
8617.460000 0.020726
8617.760000 0.020646
8618.060000 0.020037
8618.360000 0.020406
8618.660000 0.020108
8618.960000 0.019492
8619.260000 0.019725
8619.560000 0.019594
8619.860000 0.019977
8620.160000 0.019182
8620.460000 0.019087
8620.760000 0.018178
8621.060000 0.018482
8621.360000 0.018276
8621.660000 0.018173
8621.960000 0.018348
8622.260000 0.018216
8622.550000 0.018165
8622.850000 0.017774
8623.150000 0.017885
8623.450000 0.017745
8623.750000 0.017128
8624.040000 0.016978
8624.340000 0.017487
8624.640000 0.016839
8624.930000 0.016595
8625.230000 0.016709
8625.530000 0.016290
8625.820000 0.016421
8626.120000 0.016275
8626.410000 0.016015
8626.710000 0.015550
8627.000000 0.015904
8627.300000 0.015438
8627.590000 0.015365
8627.890000 0.015291
8628.180000 0.015391
8628.480000 0.015116
8628.770000 0.015040
8629.070000 0.014768
8629.360000 0.015188
8629.650000 0.014457
8629.950000 0.015142
8630.240000 0.014888
8630.530000 0.014603
8630.830000 0.014735
8631.120000 0.014600
8631.410000 0.014305
8631.700000 0.013787
8631.990000 0.014226
8632.290000 0.013745
8632.580000 0.013454
8632.870000 0.013852
8633.160000 0.013377
8633.450000 0.013472
8633.740000 0.013140
8634.030000 0.013301
8634.320000 0.013142
8634.610000 0.013113
8634.910000 0.013013
8635.200000 0.012621
8635.480000 0.012839
8635.770000 0.012580
8636.060000 0.012648
8636.350000 0.012350
8636.640000 0.012262
8636.930000 0.012299
8637.220000 0.012360
8637.510000 0.012389
8637.800000 0.011972
8638.080000 0.012138
8638.370000 0.011965
8638.660000 0.011954
8638.950000 0.011772
8639.230000 0.011851
8639.520000 0.011779
8639.810000 0.011328
8640.100000 0.011610
8640.380000 0.011325
8640.670000 0.011250
8640.950000 0.011453
8641.240000 0.011479
8641.530000 0.010852
8641.810000 0.011278
8642.100000 0.010928
8642.380000 0.010869
8642.670000 0.010807
8642.950000 0.010951
8643.240000 0.010871
8643.520000 0.010917
8643.810000 0.010630
8644.090000 0.010456
8644.370000 0.010260
8644.660000 0.010282
8644.940000 0.010532
8645.220000 0.010206
8645.510000 0.010183
8645.790000 0.010107
8646.070000 0.010105
8646.360000 0.009647
8646.640000 0.010157
8646.920000 0.009801
8647.200000 0.009686
8647.480000 0.010226
8647.770000 0.010013
8648.050000 0.009758
8648.330000 0.009951
8648.610000 0.009572
8648.890000 0.009387
8649.170000 0.009369
8649.450000 0.009312
8649.730000 0.009272
8650.010000 0.009414
8650.290000 0.009384
8650.570000 0.009138
8650.850000 0.009322
8651.130000 0.009395
8651.410000 0.009092
8651.690000 0.008809
8651.970000 0.008977
8652.240000 0.009203
8652.520000 0.008579
8652.800000 0.009162
8653.080000 0.009183
8653.360000 0.008860
8653.630000 0.008932
8653.910000 0.008682
8654.190000 0.008737
8654.460000 0.008428
8654.740000 0.008599
8655.020000 0.008751
8655.290000 0.008829
8655.570000 0.008624
8655.850000 0.008346
8656.120000 0.008328
8656.400000 0.008466
8656.670000 0.008690
8656.950000 0.007943
8657.220000 0.008477
8657.500000 0.008243
8657.770000 0.008366
8658.050000 0.008301
8658.320000 0.008090
8658.590000 0.007910
8658.870000 0.008037
8659.140000 0.008493
8659.420000 0.008076
8659.690000 0.007883
8659.960000 0.007903
8660.230000 0.008360
8660.510000 0.007823
8660.780000 0.007531
8661.050000 0.007521
8661.320000 0.007802
8661.600000 0.007600
8661.870000 0.007601
8662.140000 0.007577
8662.410000 0.007477
8662.680000 0.007976
8662.950000 0.007577
8663.220000 0.007997
8663.490000 0.007596
8663.760000 0.007501
8664.030000 0.007544
8664.300000 0.007630
8664.570000 0.007517
8664.840000 0.007509
8665.110000 0.007642
8665.380000 0.007418
8665.650000 0.007454
8665.920000 0.007096
8666.190000 0.007329
8666.450000 0.007255
8666.720000 0.007112
8666.990000 0.007385
8667.260000 0.007039
8667.530000 0.007379
8667.790000 0.006895
8668.060000 0.007046
8668.330000 0.007161
8668.590000 0.006690
8668.860000 0.007201
8669.130000 0.007017
8669.390000 0.006961
8669.660000 0.007049
8669.920000 0.006861
8670.190000 0.006894
8670.450000 0.006767
8670.720000 0.006935
8670.980000 0.006784
8671.250000 0.006513
8671.510000 0.006494
8671.780000 0.007164
8672.040000 0.006832
8672.310000 0.007199
8672.570000 0.006703
8672.830000 0.006824
8673.100000 0.006678
8673.360000 0.006737
8673.620000 0.006931
8673.890000 0.006967
8674.150000 0.006955
8674.410000 0.006968
8674.670000 0.006790
8674.930000 0.006453
8675.200000 0.006501
8675.460000 0.006577
8675.720000 0.006302
8675.980000 0.006385
8676.240000 0.006588
8676.500000 0.006566
8676.760000 0.006425
8677.020000 0.006548
8677.280000 0.006436
8677.540000 0.006080
8677.800000 0.006518
8678.060000 0.006508
8678.320000 0.006286
8678.580000 0.006096
8678.840000 0.006365
8679.100000 0.006386
8679.360000 0.006137
8679.610000 0.006555
8679.870000 0.006501
8680.130000 0.006445
8680.390000 0.006028
8680.650000 0.006256
8680.900000 0.006127
8681.160000 0.006338
8681.420000 0.006095
8681.670000 0.006179
8681.930000 0.005906
8682.190000 0.006398
8682.440000 0.006114
8682.700000 0.006273
8682.950000 0.006149
8683.210000 0.006202
8683.470000 0.006158
8683.720000 0.005980
8683.980000 0.006281
8684.230000 0.006239
8684.480000 0.006199
8684.740000 0.005587
8684.990000 0.006237
8685.250000 0.005950
8685.500000 0.005783
8685.750000 0.006023
8686.010000 0.005742
8686.260000 0.005942
8686.510000 0.006018
8686.770000 0.005881
8687.020000 0.006066
8687.270000 0.005913
8687.520000 0.006103
8687.770000 0.005808
8688.030000 0.006043
8688.280000 0.005977
8688.530000 0.005754
8688.780000 0.006041
8689.030000 0.006098
8689.280000 0.006090
8689.530000 0.005768
8689.780000 0.006130
8690.030000 0.006158
8690.280000 0.006033
8690.530000 0.005628
8690.780000 0.005783
8691.030000 0.005387
8691.280000 0.005739
8691.530000 0.005756
8691.780000 0.005917
8692.030000 0.005770
8692.270000 0.005690
8692.520000 0.006120
8692.770000 0.005418
8693.020000 0.005797
8693.270000 0.005788
8693.510000 0.005640
8693.760000 0.005682
8694.010000 0.005928
8694.250000 0.005826
8694.500000 0.005903
8694.750000 0.005910
8694.990000 0.005975
8695.240000 0.005646
8695.480000 0.005564
8695.730000 0.005755
8695.970000 0.005781
8696.220000 0.005761
8696.460000 0.005665
8696.710000 0.005868
8696.950000 0.005805
8697.200000 0.005398
8697.440000 0.005807
8697.680000 0.005712
8697.930000 0.005710
8698.170000 0.005666
8698.410000 0.005670
8698.660000 0.005441
8698.900000 0.005686
8699.140000 0.005455
8699.380000 0.005535
8699.630000 0.005414
8699.870000 0.005378
8700.110000 0.005841
8700.350000 0.005591
8700.590000 0.005514
8700.830000 0.005289
8701.080000 0.005700
8701.320000 0.005546
8701.560000 0.005351
8701.800000 0.005435
8702.040000 0.005285
8702.280000 0.005585
8702.520000 0.005525
8702.760000 0.005656
8703.000000 0.005341
8703.230000 0.005530
8703.470000 0.005140
8703.710000 0.005477
8703.950000 0.005617
8704.190000 0.005523
8704.430000 0.005606
8704.660000 0.005437
8704.900000 0.005469
8705.140000 0.005681
8705.380000 0.005807
8705.610000 0.005377
8705.850000 0.005424
8706.090000 0.005600
8706.320000 0.005711
8706.560000 0.005786
8706.800000 0.005296
8707.030000 0.005661
8707.270000 0.005412
8707.500000 0.005426
8707.740000 0.005689
8707.970000 0.005235
8708.210000 0.005739
8708.440000 0.005204
8708.680000 0.005379
8708.910000 0.005389
8709.140000 0.005433
8709.380000 0.005839
8709.610000 0.005604
8709.840000 0.005457
8710.080000 0.005520
8710.310000 0.005100
8710.540000 0.005224
8710.780000 0.005926
8711.010000 0.005688
8711.240000 0.005103
8711.470000 0.005337
8711.700000 0.005361
8711.930000 0.005689
8712.170000 0.005344
8712.400000 0.005215
8712.630000 0.005300
8712.860000 0.005319
8713.090000 0.005214
8713.320000 0.005110
8713.550000 0.005543
8713.780000 0.005268
8714.010000 0.005570
8714.240000 0.005449
8714.470000 0.005691
8714.700000 0.005444
8714.920000 0.005585
8715.150000 0.005601
8715.380000 0.005612
8715.610000 0.005273
8715.840000 0.005759
8716.060000 0.005229
8716.290000 0.005127
8716.520000 0.005652
8716.750000 0.005249
8716.970000 0.005166
8717.200000 0.005458
8717.430000 0.005403
8717.650000 0.005412
8717.880000 0.005519
8718.100000 0.005315
8718.330000 0.005581
8718.560000 0.005667
8718.780000 0.005252
8719.010000 0.005105
8719.230000 0.005559
8719.460000 0.005600
8719.680000 0.005685
8719.900000 0.005530
8720.130000 0.005143
8720.350000 0.005450
8720.570000 0.005262
8720.800000 0.005409
8721.020000 0.005499
8721.240000 0.005540
8721.470000 0.005114
8721.690000 0.005269
8721.910000 0.005432
8722.130000 0.005463
8722.360000 0.005227
8722.580000 0.005435
8722.800000 0.005697
8723.020000 0.005394
8723.240000 0.005428
8723.460000 0.005125
8723.680000 0.005357
8723.900000 0.005313
8724.120000 0.005322
8724.340000 0.005273
8724.560000 0.005284
8724.780000 0.005376
8725.000000 0.005658
8725.220000 0.005365
8725.440000 0.005487
8725.660000 0.005210
8725.880000 0.005558
8726.100000 0.005481
8726.310000 0.005626
8726.530000 0.005320
8726.750000 0.005511
8726.970000 0.005494
8727.180000 0.005292
8727.400000 0.005573
8727.620000 0.004854
8727.830000 0.005184
8728.050000 0.005692
8728.270000 0.005348
8728.480000 0.005648
8728.700000 0.005396
8728.910000 0.005532
8729.130000 0.005401
8729.340000 0.005591
8729.560000 0.005370
8729.770000 0.005505
8729.990000 0.005562
8730.200000 0.005410
8730.420000 0.005308
8730.630000 0.005399
8730.840000 0.005297
8731.060000 0.005430
8731.270000 0.005829
8731.480000 0.005096
8731.700000 0.005286
8731.910000 0.005639
8732.120000 0.005289
8732.330000 0.005369
8732.550000 0.005363
8732.760000 0.005599
8732.970000 0.005539
8733.180000 0.005562
8733.390000 0.005498
8733.600000 0.005549
8733.810000 0.005716
8734.020000 0.005245
8734.230000 0.005333
