14940.000000 0.004320
14960.000000 0.004850
14980.000000 0.005400
15000.000000 0.006040
15020.000000 0.006960
15040.000000 0.007930
15060.000000 0.009060
15080.000000 0.010570
15100.000000 0.012340
15120.000000 0.014390
15140.000000 0.016820
15160.000000 0.019900
15180.000000 0.023710
15200.000000 0.028350
15220.000000 0.034270
15240.000000 0.041700
15260.000000 0.050920
15280.000000 0.062390
15300.000000 0.076930
15320.000000 0.094970
15340.000000 0.116850
15360.000000 0.143330
15380.000000 0.174350
15400.000000 0.209080
15420.000000 0.246020
15440.000000 0.283260
15460.000000 0.317380
15480.000000 0.345750
15500.000000 0.367480
15520.000000 0.381450
15540.000000 0.387910
15560.000000 0.388380
15580.000000 0.384430
15600.000000 0.378070
15620.000000 0.371060
15640.000000 0.364610
15660.000000 0.359390
15680.000000 0.356030
15700.000000 0.354980
15720.000000 0.356260
15740.000000 0.359830
15760.000000 0.365750
15780.000000 0.373890
15800.000000 0.384200
15820.000000 0.396960
15840.000000 0.411540
15860.000000 0.427380
15880.000000 0.444440
15900.000000 0.462140
15920.000000 0.479450
15940.000000 0.495880
15960.000000 0.510890
15980.000000 0.523070
16000.000000 0.531720
16020.000000 0.536530
16040.000000 0.537290
16060.000000 0.533830
16080.000000 0.526200
16100.000000 0.515230
16120.000000 0.501430
16140.000000 0.485530
16160.000000 0.468380
16180.000000 0.450710
16200.000000 0.433000
16220.000000 0.416180
16240.000000 0.400710
16260.000000 0.386570
16280.000000 0.374420
16300.000000 0.364300
16320.000000 0.356220
16340.000000 0.350490
16360.000000 0.347110
16380.000000 0.346040
16400.000000 0.347290
16420.000000 0.351060
16440.000000 0.357600
16460.000000 0.367050
16480.000000 0.379560
16500.000000 0.394960
16520.000000 0.413150
16540.000000 0.433990
16560.000000 0.456250
16580.000000 0.478260
16600.000000 0.497850
16620.000000 0.511950
16640.000000 0.517680
16660.000000 0.512410
16680.000000 0.494840
16700.000000 0.465960
16720.000000 0.427640
16740.000000 0.382450
16760.000000 0.333720
16780.000000 0.285060
16800.000000 0.239990
16820.000000 0.199970
16840.000000 0.165680
16860.000000 0.137370
16880.000000 0.113910
16900.000000 0.094740
16920.000000 0.079070
16940.000000 0.066310
16960.000000 0.055850
16980.000000 0.047200
17000.000000 0.040270
17020.000000 0.034480
17040.000000 0.029710
17060.000000 0.025670
17080.000000 0.022380
17100.000000 0.019760
17120.000000 0.017300
17140.000000 0.015270
17160.000000 0.013580
17180.000000 0.012130
17200.000000 0.010860
17220.000000 0.009660
17240.000000 0.008820
17260.000000 0.008130
17280.000000 0.007350
17300.000000 0.006580
17320.000000 0.006150
17340.000000 0.005720
17360.000000 0.005290
17380.000000 0.004870
17400.000000 0.004530
17420.000000 0.004270
