19200.000000 0.004270
19220.000000 0.004760
19240.000000 0.005200
19260.000000 0.005920
19280.000000 0.006820
19300.000000 0.007840
19320.000000 0.008970
19340.000000 0.010390
19360.000000 0.012300
19380.000000 0.014570
19400.000000 0.017320
19420.000000 0.021120
19440.000000 0.025760
19460.000000 0.031720
19480.000000 0.039440
19500.000000 0.048810
19520.000000 0.061680
19540.000000 0.078510
19560.000000 0.099720
19580.000000 0.127730
19600.000000 0.163150
19620.000000 0.207080
19640.000000 0.260470
19660.000000 0.323730
19680.000000 0.396930
19700.000000 0.475950
19720.000000 0.557480
19740.000000 0.637410
19760.000000 0.709270
19780.000000 0.770980
19800.000000 0.821980
19820.000000 0.861470
19840.000000 0.890910
19860.000000 0.912410
19880.000000 0.927350
19900.000000 0.937970
19920.000000 0.945770
19940.000000 0.951920
19960.000000 0.956790
19980.000000 0.960110
20000.000000 0.962160
20020.000000 0.962800
20040.000000 0.962630
20060.000000 0.961690
20080.000000 0.960160
20100.000000 0.957900
20120.000000 0.955250
20140.000000 0.952680
20160.000000 0.949230
20180.000000 0.945590
20200.000000 0.942470
20220.000000 0.939580
20240.000000 0.936600
20260.000000 0.933530
20280.000000 0.931210
20300.000000 0.929290
20320.000000 0.927670
20340.000000 0.927020
20360.000000 0.926120
20380.000000 0.925060
20400.000000 0.925230
20420.000000 0.925890
20440.000000 0.926440
20460.000000 0.927190
20480.000000 0.928100
20500.000000 0.929380
20520.000000 0.930440
20540.000000 0.931430
20560.000000 0.933110
20580.000000 0.934880
20600.000000 0.936280
20620.000000 0.938020
20640.000000 0.939540
20660.000000 0.940810
20680.000000 0.942380
20700.000000 0.943560
20720.000000 0.944820
20740.000000 0.946170
20760.000000 0.947300
20780.000000 0.948550
20800.000000 0.949480
20820.000000 0.950530
20840.000000 0.951460
20860.000000 0.951950
20880.000000 0.952410
20900.000000 0.953290
20920.000000 0.954070
20940.000000 0.954930
20960.000000 0.955800
20980.000000 0.956310
21000.000000 0.957020
21020.000000 0.957920
21040.000000 0.958420
21060.000000 0.958270
21080.000000 0.959110
21100.000000 0.959760
21120.000000 0.960480
21140.000000 0.961700
21160.000000 0.962020
21180.000000 0.961980
21200.000000 0.962040
21220.000000 0.962660
21240.000000 0.962750
21260.000000 0.962630
21280.000000 0.962980
21300.000000 0.962970
21320.000000 0.962680
21340.000000 0.962460
21360.000000 0.962420
21380.000000 0.961940
21400.000000 0.961520
21420.000000 0.961320
21440.000000 0.961320
21460.000000 0.961330
21480.000000 0.960710
21500.000000 0.960620
21520.000000 0.960740
21540.000000 0.960720
21560.000000 0.960980
21580.000000 0.961530
21600.000000 0.961780
21620.000000 0.962080
21640.000000 0.962910
21660.000000 0.963780
21680.000000 0.964600
21700.000000 0.965260
21720.000000 0.965880
21740.000000 0.966580
21760.000000 0.967180
21780.000000 0.967510
21800.000000 0.968280
21820.000000 0.968660
21840.000000 0.968060
21860.000000 0.967210
21880.000000 0.966740
21900.000000 0.965870
21920.000000 0.964460
21940.000000 0.961980
21960.000000 0.959090
21980.000000 0.956150
22000.000000 0.953320
22020.000000 0.950120
22040.000000 0.946060
22060.000000 0.943010
22080.000000 0.939940
22100.000000 0.937180
22120.000000 0.935000
22140.000000 0.932340
22160.000000 0.929700
22180.000000 0.927190
22200.000000 0.925020
22220.000000 0.922790
22240.000000 0.920500
22260.000000 0.918370
22280.000000 0.915990
22300.000000 0.913990
22320.000000 0.912600
22340.000000 0.911130
22360.000000 0.909380
22380.000000 0.907820
22400.000000 0.907260
22420.000000 0.907490
22440.000000 0.907780
22460.000000 0.908680
22480.000000 0.909870
22500.000000 0.911970
22520.000000 0.914930
22540.000000 0.917850
22560.000000 0.922360
22580.000000 0.927540
22600.000000 0.932370
22620.000000 0.936920
22640.000000 0.940900
22660.000000 0.945850
22680.000000 0.951100
22700.000000 0.954650
22720.000000 0.957210
22740.000000 0.959950
22760.000000 0.961700
22780.000000 0.962300
22800.000000 0.962310
22820.000000 0.961940
22840.000000 0.961030
22860.000000 0.959470
22880.000000 0.958150
22900.000000 0.955960
22920.000000 0.952480
22940.000000 0.947480
22960.000000 0.939010
22980.000000 0.924420
23000.000000 0.900820
23020.000000 0.865490
23040.000000 0.815430
23060.000000 0.750000
23080.000000 0.671590
23100.000000 0.584700
23120.000000 0.495330
23140.000000 0.409150
23160.000000 0.331920
23180.000000 0.266220
23200.000000 0.211560
23220.000000 0.167100
23240.000000 0.131590
23260.000000 0.103650
23280.000000 0.081730
23300.000000 0.065020
23320.000000 0.052120
23340.000000 0.041810
23360.000000 0.033580
23380.000000 0.027180
23400.000000 0.022370
23420.000000 0.018070
23440.000000 0.014560
23460.000000 0.012300
23480.000000 0.010590
23500.000000 0.008650
23520.000000 0.007030
23540.000000 0.006120
23560.000000 0.005170
23580.000000 0.004520
23600.000000 0.004200
