21990.000000 0.025960
21992.000000 0.026060
21994.000000 0.026170
21996.000000 0.026310
21998.000000 0.026430
22000.000000 0.026570
22002.000000 0.026670
22004.000000 0.026790
22006.000000 0.026930
22008.000000 0.027070
22010.000000 0.027210
22012.000000 0.027340
22014.000000 0.027500
22016.000000 0.027630
22018.000000 0.027800
22020.000000 0.027950
22022.000000 0.028120
22024.000000 0.028270
22026.000000 0.028440
22028.000000 0.028590
22030.000000 0.028780
22032.000000 0.028930
22034.000000 0.029130
22036.000000 0.029310
22038.000000 0.029500
22040.000000 0.029710
22042.000000 0.029890
22044.000000 0.030090
22046.000000 0.030300
22048.000000 0.030520
22050.000000 0.030720
22052.000000 0.030960
22054.000000 0.031160
22056.000000 0.031390
22058.000000 0.031650
22060.000000 0.031910
22062.000000 0.032170
22064.000000 0.032460
22066.000000 0.032730
22068.000000 0.033020
22070.000000 0.033290
22072.000000 0.033620
22074.000000 0.033950
22076.000000 0.034290
22078.000000 0.034610
22080.000000 0.034970
22082.000000 0.035320
22084.000000 0.035690
22086.000000 0.036070
22088.000000 0.036480
22090.000000 0.036900
22092.000000 0.037310
22094.000000 0.037730
22096.000000 0.038160
22098.000000 0.038620
22100.000000 0.039080
22102.000000 0.039600
22104.000000 0.040100
22106.000000 0.040600
22108.000000 0.041140
22110.000000 0.041690
22112.000000 0.042270
22114.000000 0.042860
22116.000000 0.043490
22118.000000 0.044140
22120.000000 0.044820
22122.000000 0.045520
22124.000000 0.046280
22126.000000 0.047010
22128.000000 0.047820
22130.000000 0.048650
22132.000000 0.049510
22134.000000 0.050380
22136.000000 0.051320
22138.000000 0.052290
22140.000000 0.053300
22142.000000 0.054350
22144.000000 0.055450
22146.000000 0.056590
22148.000000 0.057790
22150.000000 0.059020
22152.000000 0.060300
22154.000000 0.061680
22156.000000 0.063060
22158.000000 0.064530
22160.000000 0.066060
22162.000000 0.067640
22164.000000 0.069290
22166.000000 0.071040
22168.000000 0.072850
22170.000000 0.074740
22172.000000 0.076710
22174.000000 0.078740
22176.000000 0.080890
22178.000000 0.083110
22180.000000 0.085460
22182.000000 0.087920
22184.000000 0.090480
22186.000000 0.093120
22188.000000 0.095920
22190.000000 0.098830
22192.000000 0.101870
22194.000000 0.105010
22196.000000 0.108290
22198.000000 0.111690
22200.000000 0.115250
22202.000000 0.118930
22204.000000 0.122760
22206.000000 0.126710
22208.000000 0.130870
22210.000000 0.135130
22212.000000 0.139540
22214.000000 0.144120
22216.000000 0.148860
22218.000000 0.153730
22220.000000 0.158770
22222.000000 0.163910
22224.000000 0.169240
22226.000000 0.174680
22228.000000 0.180330
22230.000000 0.186080
22232.000000 0.192000
22234.000000 0.198010
22236.000000 0.204160
22238.000000 0.210430
22240.000000 0.216810
22242.000000 0.223310
22244.000000 0.229930
22246.000000 0.236590
22248.000000 0.243330
22250.000000 0.250120
22252.000000 0.257020
22254.000000 0.263960
22256.000000 0.270980
22258.000000 0.278050
22260.000000 0.285080
22262.000000 0.292110
22264.000000 0.299160
22266.000000 0.306210
22268.000000 0.313250
22270.000000 0.320240
22272.000000 0.327190
22274.000000 0.334080
22276.000000 0.340870
22278.000000 0.347580
22280.000000 0.354230
22282.000000 0.360790
22284.000000 0.367230
22286.000000 0.373550
22288.000000 0.379680
22290.000000 0.385710
22292.000000 0.391570
22294.000000 0.397320
22296.000000 0.402880
22298.000000 0.408290
22300.000000 0.413530
22302.000000 0.418620
22304.000000 0.423520
22306.000000 0.428280
22308.000000 0.432800
22310.000000 0.437210
22312.000000 0.441380
22314.000000 0.445420
22316.000000 0.449230
22318.000000 0.452900
22320.000000 0.456360
22322.000000 0.459670
22324.000000 0.462800
22326.000000 0.465770
22328.000000 0.468570
22330.000000 0.471190
22332.000000 0.473650
22334.000000 0.475980
22336.000000 0.478120
22338.000000 0.480120
22340.000000 0.481960
22342.000000 0.483660
22344.000000 0.485230
22346.000000 0.486660
22348.000000 0.487950
22350.000000 0.489090
22352.000000 0.490130
22354.000000 0.491040
22356.000000 0.491840
22358.000000 0.492510
22360.000000 0.493060
22362.000000 0.493550
22364.000000 0.493940
22366.000000 0.494200
22368.000000 0.494370
22370.000000 0.494450
22372.000000 0.494460
22374.000000 0.494380
22376.000000 0.494220
22378.000000 0.493960
22380.000000 0.493590
22382.000000 0.493210
22384.000000 0.492690
22386.000000 0.492130
22388.000000 0.491440
22390.000000 0.490660
22392.000000 0.489790
22394.000000 0.488820
22396.000000 0.487720
22398.000000 0.486540
22400.000000 0.485240
22402.000000 0.483830
22404.000000 0.482280
22406.000000 0.480620
22408.000000 0.478820
22410.000000 0.476880
22412.000000 0.474810
22414.000000 0.472550
22416.000000 0.470170
22418.000000 0.467640
22420.000000 0.464920
22422.000000 0.462080
22424.000000 0.459050
22426.000000 0.455860
22428.000000 0.452480
22430.000000 0.448930
22432.000000 0.445190
22434.000000 0.441270
22436.000000 0.437160
22438.000000 0.432880
22440.000000 0.428420
22442.000000 0.423780
22444.000000 0.418960
22446.000000 0.414020
22448.000000 0.408840
22450.000000 0.403560
22452.000000 0.398090
22454.000000 0.392460
22456.000000 0.386690
22458.000000 0.380770
22460.000000 0.374710
22462.000000 0.368550
22464.000000 0.362260
22466.000000 0.355880
22468.000000 0.349370
22470.000000 0.342800
22472.000000 0.336140
22474.000000 0.329420
22476.000000 0.322620
22478.000000 0.315780
22480.000000 0.308930
22482.000000 0.301990
22484.000000 0.295090
22486.000000 0.288160
22488.000000 0.281250
22490.000000 0.274350
22492.000000 0.267470
22494.000000 0.260600
22496.000000 0.253810
22498.000000 0.247040
22500.000000 0.240360
22502.000000 0.233720
22504.000000 0.227160
22506.000000 0.220690
22508.000000 0.214290
22510.000000 0.207990
22512.000000 0.201780
22514.000000 0.195710
22516.000000 0.189700
22518.000000 0.183840
22520.000000 0.178070
22522.000000 0.172410
22524.000000 0.166930
22526.000000 0.161560
22528.000000 0.156340
22530.000000 0.151250
22532.000000 0.146300
22534.000000 0.141480
22536.000000 0.136830
22538.000000 0.132310
22540.000000 0.127960
22542.000000 0.123720
22544.000000 0.119640
22546.000000 0.115720
22548.000000 0.111920
22550.000000 0.108260
22552.000000 0.104750
22554.000000 0.101380
22556.000000 0.098130
22558.000000 0.095000
22560.000000 0.092000
22562.000000 0.089110
22564.000000 0.086350
22566.000000 0.083710
22568.000000 0.081190
22570.000000 0.078770
22572.000000 0.076450
22574.000000 0.074220
22576.000000 0.072070
22578.000000 0.070020
22580.000000 0.068070
22582.000000 0.066210
22584.000000 0.064450
22586.000000 0.062760
22588.000000 0.061130
22590.000000 0.059570
22592.000000 0.058060
22594.000000 0.056640
22596.000000 0.055280
22598.000000 0.053960
22600.000000 0.052690
22602.000000 0.051480
22604.000000 0.050340
22606.000000 0.049240
22608.000000 0.048190
22610.000000 0.047200
22612.000000 0.046230
22614.000000 0.045300
22616.000000 0.044420
22618.000000 0.043560
22620.000000 0.042770
22622.000000 0.041990
22624.000000 0.041280
22626.000000 0.040540
22628.000000 0.039870
22630.000000 0.039230
22632.000000 0.038620
22634.000000 0.038010
22636.000000 0.037410
22638.000000 0.036850
22640.000000 0.036330
22642.000000 0.035800
22644.000000 0.035290
22646.000000 0.034840
22648.000000 0.034380
22650.000000 0.033940
22652.000000 0.033490
22654.000000 0.033080
22656.000000 0.032670
22658.000000 0.032300
22660.000000 0.031920
22662.000000 0.031560
22664.000000 0.031200
22666.000000 0.030880
22668.000000 0.030560
22670.000000 0.030270
22672.000000 0.029970
22674.000000 0.029690
22676.000000 0.029420
22678.000000 0.029130
22680.000000 0.028870
22682.000000 0.028640
22684.000000 0.028400
22686.000000 0.028150
22688.000000 0.027920
22690.000000 0.027710
22692.000000 0.027480
22694.000000 0.027270
22696.000000 0.027070
22698.000000 0.026870
22700.000000 0.026700
22702.000000 0.026500
22704.000000 0.026340
22706.000000 0.026170
22708.000000 0.026000
22710.000000 0.025850
22712.000000 0.025680
22714.000000 0.025510
22716.000000 0.025360
22718.000000 0.025240
22720.000000 0.025120
22722.000000 0.024980
22724.000000 0.024860
22726.000000 0.024730
22728.000000 0.024610
22730.000000 0.024490
22732.000000 0.024350
22734.000000 0.024280
22736.000000 0.024190
22738.000000 0.024080
22740.000000 0.024000
22742.000000 0.023910
22744.000000 0.023820
22746.000000 0.023730
22748.000000 0.023640
22750.000000 0.023540
22752.000000 0.023450
22754.000000 0.023360
22756.000000 0.023300
