5162.000000 0.004700
5163.000000 0.005160
5164.000000 0.006040
5165.000000 0.007230
5166.000000 0.008350
5167.000000 0.010070
5168.000000 0.012860
5169.000000 0.015140
5170.000000 0.019320
5171.000000 0.025570
5172.000000 0.032240
5173.000000 0.042210
5174.000000 0.054860
5175.000000 0.072460
5176.000000 0.096890
5177.000000 0.128720
5178.000000 0.168810
5179.000000 0.215030
5180.000000 0.273250
5181.000000 0.330670
5182.000000 0.397020
5183.000000 0.455960
5184.000000 0.502110
5185.000000 0.540740
5186.000000 0.571930
5187.000000 0.593930
5188.000000 0.606580
5189.000000 0.619190
5190.000000 0.626600
5191.000000 0.628460
5192.000000 0.635530
5193.000000 0.638110
5194.000000 0.646870
5195.000000 0.651860
5196.000000 0.656130
5197.000000 0.666920
5198.000000 0.670180
5199.000000 0.667100
5200.000000 0.659040
5201.000000 0.629970
5202.000000 0.578430
5203.000000 0.502780
5204.000000 0.422500
5205.000000 0.337190
5206.000000 0.269880
5207.000000 0.204090
5208.000000 0.165590
5209.000000 0.126650
5210.000000 0.099790
5211.000000 0.080520
5212.000000 0.062350
5213.000000 0.050640
5214.000000 0.040300
5215.000000 0.033070
5216.000000 0.025560
5217.000000 0.020520
5218.000000 0.016170
5219.000000 0.013260
5220.000000 0.011470
5221.000000 0.008970
5222.000000 0.006930
5223.000000 0.006260
5224.000000 0.005260
5225.000000 0.004380
