4800.000000 0.004360
4820.000000 0.008930
4840.000000 0.018660
4860.000000 0.039860
4880.000000 0.084000
4900.000000 0.166290
4920.000000 0.292040
4940.000000 0.441270
4960.000000 0.577000
4980.000000 0.672960
5000.000000 0.729900
5020.000000 0.761580
5040.000000 0.779070
5060.000000 0.789930
5080.000000 0.799120
5100.000000 0.809080
5120.000000 0.819550
5140.000000 0.828050
5160.000000 0.832000
5180.000000 0.830640
5200.000000 0.825440
5220.000000 0.819980
5240.000000 0.816850
5260.000000 0.815950
5280.000000 0.814940
5300.000000 0.809280
5320.000000 0.799380
5340.000000 0.781190
5360.000000 0.712890
5380.000000 0.539520
5400.000000 0.308730
5420.000000 0.136550
5440.000000 0.053500
5460.000000 0.021060
5480.000000 0.008760
