10750.000000 0.004330
10755.000000 0.004680
10760.000000 0.004330
10765.000000 0.007580
10770.000000 0.010090
10775.000000 0.013720
10780.000000 0.017320
10785.000000 0.024220
10790.000000 0.030700
10795.000000 0.040470
10800.000000 0.049910
10805.000000 0.069460
10810.000000 0.086550
10815.000000 0.119670
10820.000000 0.147490
10825.000000 0.199430
10830.000000 0.239270
10835.000000 0.312160
10840.000000 0.367550
10845.000000 0.441420
10850.000000 0.485660
10855.000000 0.547970
10860.000000 0.585980
10865.000000 0.634840
10870.000000 0.667420
10875.000000 0.699480
10880.000000 0.710040
10885.000000 0.701310
10890.000000 0.680150
10895.000000 0.630230
10900.000000 0.591810
10905.000000 0.527620
10910.000000 0.482770
10915.000000 0.419600
10920.000000 0.374890
10925.000000 0.306700
10930.000000 0.258710
10935.000000 0.182890
10940.000000 0.138280
10945.000000 0.089220
10950.000000 0.064770
10955.000000 0.041400
10960.000000 0.029880
10965.000000 0.019820
10970.000000 0.014190
10975.000000 0.009720
10980.000000 0.007460
10985.000000 0.006730
