4989.000000 0.004270
4990.000000 0.004880
4991.000000 0.005570
4992.000000 0.007220
4993.000000 0.009050
4994.000000 0.011440
4995.000000 0.014570
4996.000000 0.019850
4997.000000 0.026380
4998.000000 0.037410
4999.000000 0.054840
5000.000000 0.078960
5001.000000 0.116000
5002.000000 0.166700
5003.000000 0.245480
5004.000000 0.335860
5005.000000 0.437550
5006.000000 0.523480
5007.000000 0.589830
5008.000000 0.627140
5009.000000 0.641590
5010.000000 0.654220
5011.000000 0.662700
5012.000000 0.666700
5013.000000 0.671550
5014.000000 0.668840
5015.000000 0.665010
5016.000000 0.666200
5017.000000 0.661580
5018.000000 0.653820
5019.000000 0.648880
5020.000000 0.640660
5021.000000 0.620900
5022.000000 0.575100
5023.000000 0.505070
5024.000000 0.408490
5025.000000 0.303070
5026.000000 0.220670
5027.000000 0.149930
5028.000000 0.105880
5029.000000 0.070770
5030.000000 0.048400
5031.000000 0.035080
5032.000000 0.024960
5033.000000 0.019490
5034.000000 0.014910
5035.000000 0.011020
5036.000000 0.008470
5037.000000 0.006740
5038.000000 0.005600
5039.000000 0.004900
