14580.000000 0.004460
14600.000000 0.005260
14620.000000 0.006390
14640.000000 0.007860
14660.000000 0.009800
14680.000000 0.012250
14700.000000 0.015660
14720.000000 0.020160
14740.000000 0.025960
14760.000000 0.033620
14780.000000 0.043520
14800.000000 0.056180
14820.000000 0.071750
14840.000000 0.090350
14860.000000 0.112340
14880.000000 0.137560
14900.000000 0.165830
14920.000000 0.197190
14940.000000 0.231930
14960.000000 0.269850
14980.000000 0.311040
15000.000000 0.356170
15020.000000 0.405180
15040.000000 0.457320
15060.000000 0.512080
15080.000000 0.568160
15100.000000 0.622700
15120.000000 0.673400
15140.000000 0.719180
15160.000000 0.758530
15180.000000 0.790180
15200.000000 0.814510
15220.000000 0.832700
15240.000000 0.845860
15260.000000 0.854980
15280.000000 0.861220
15300.000000 0.865340
15320.000000 0.867870
15340.000000 0.869220
15360.000000 0.869480
15380.000000 0.868710
15400.000000 0.867070
15420.000000 0.864610
15440.000000 0.861360
15460.000000 0.857450
15480.000000 0.853200
15500.000000 0.848880
15520.000000 0.844650
15540.000000 0.840850
15560.000000 0.837660
15580.000000 0.835080
15600.000000 0.833300
15620.000000 0.832520
15640.000000 0.832750
15660.000000 0.833760
15680.000000 0.835270
15700.000000 0.837340
15720.000000 0.839940
15740.000000 0.843110
15760.000000 0.846540
15780.000000 0.849810
15800.000000 0.852920
15820.000000 0.855910
15840.000000 0.858870
15860.000000 0.861540
15880.000000 0.863880
15900.000000 0.866060
15920.000000 0.868040
15940.000000 0.869660
15960.000000 0.871110
15980.000000 0.872450
16000.000000 0.873790
16020.000000 0.875030
16040.000000 0.876160
16060.000000 0.877110
16080.000000 0.877720
16100.000000 0.878450
16120.000000 0.879180
16140.000000 0.879760
16160.000000 0.880110
16180.000000 0.880340
16200.000000 0.880480
16220.000000 0.880360
16240.000000 0.880130
16260.000000 0.879580
16280.000000 0.879030
16300.000000 0.878460
16320.000000 0.877910
16340.000000 0.877380
16360.000000 0.876690
16380.000000 0.876210
16400.000000 0.875700
16420.000000 0.875050
16440.000000 0.874420
16460.000000 0.873960
16480.000000 0.873370
16500.000000 0.872600
16520.000000 0.871770
16540.000000 0.870940
16560.000000 0.870040
16580.000000 0.869190
16600.000000 0.868150
16620.000000 0.867000
16640.000000 0.866000
16660.000000 0.864760
16680.000000 0.863300
16700.000000 0.861760
16720.000000 0.860340
16740.000000 0.858900
16760.000000 0.857410
16780.000000 0.855990
16800.000000 0.854660
16820.000000 0.853180
16840.000000 0.851650
16860.000000 0.850340
16880.000000 0.848880
16900.000000 0.847430
16920.000000 0.846360
16940.000000 0.845250
16960.000000 0.844570
16980.000000 0.843960
17000.000000 0.843250
17020.000000 0.843110
17040.000000 0.843370
17060.000000 0.843900
17080.000000 0.844410
17100.000000 0.845310
17120.000000 0.846950
17140.000000 0.848620
17160.000000 0.849930
17180.000000 0.851060
17200.000000 0.852520
17220.000000 0.854030
17240.000000 0.855010
17260.000000 0.855480
17280.000000 0.855500
17300.000000 0.855010
17320.000000 0.854000
17340.000000 0.852430
17360.000000 0.850660
17380.000000 0.848400
17400.000000 0.845690
17420.000000 0.843030
17440.000000 0.840640
17460.000000 0.838790
17480.000000 0.837160
17500.000000 0.835740
17520.000000 0.835010
17540.000000 0.834750
17560.000000 0.834900
17580.000000 0.835620
17600.000000 0.836330
17620.000000 0.836960
17640.000000 0.837100
17660.000000 0.836060
17680.000000 0.833680
17700.000000 0.829420
17720.000000 0.822800
17740.000000 0.813370
17760.000000 0.799650
17780.000000 0.780210
17800.000000 0.754090
17820.000000 0.720340
17840.000000 0.677370
17860.000000 0.624600
17880.000000 0.562590
17900.000000 0.494250
17920.000000 0.423570
17940.000000 0.353380
17960.000000 0.287140
17980.000000 0.227810
18000.000000 0.178010
18020.000000 0.137590
18040.000000 0.105410
18060.000000 0.080540
18080.000000 0.061550
18100.000000 0.047440
18120.000000 0.036290
18140.000000 0.027860
18160.000000 0.021580
18180.000000 0.016600
18200.000000 0.013210
18220.000000 0.010480
18240.000000 0.008220
18260.000000 0.006610
18280.000000 0.005520
18300.000000 0.004530
