3580.000000 0.005220
3600.000000 0.012620
3620.000000 0.021960
3640.000000 0.035870
3660.000000 0.056140
3680.000000 0.082400
3700.000000 0.084200
3720.000000 0.042010
3740.000000 0.009670
3760.000000 0.004240
3780.000000 0.001790
3800.000000 0.000580
3820.000000 0.000530
3840.000000 0.000610
3860.000000 0.000470
3880.000000 0.000340
3900.000000 0.000470
3920.000000 0.000920
3940.000000 0.001250
3960.000000 0.001280
3980.000000 0.001910
4000.000000 0.005430
4020.000000 0.017590
4040.000000 0.043530
4060.000000 0.118870
4080.000000 0.342010
4100.000000 0.505280
4120.000000 0.504060
4140.000000 0.556060
4160.000000 0.594500
4180.000000 0.603150
4200.000000 0.671250
4220.000000 0.699940
4240.000000 0.667450
4260.000000 0.681370
4280.000000 0.729710
4300.000000 0.734860
4320.000000 0.725650
4340.000000 0.748110
4360.000000 0.766020
4380.000000 0.758930
4400.000000 0.757260
4420.000000 0.770950
4440.000000 0.775390
4460.000000 0.766460
4480.000000 0.765790
4500.000000 0.776550
4520.000000 0.780960
4540.000000 0.777010
4560.000000 0.779510
4580.000000 0.786240
4600.000000 0.777620
4620.000000 0.753100
4640.000000 0.738460
4660.000000 0.752870
4680.000000 0.782040
4700.000000 0.793930
4720.000000 0.780690
4740.000000 0.767650
4760.000000 0.776460
4780.000000 0.797300
4800.000000 0.802050
4820.000000 0.780820
4840.000000 0.754290
4860.000000 0.748610
4880.000000 0.770390
4900.000000 0.801410
4920.000000 0.817260
4940.000000 0.813080
4960.000000 0.804890
4980.000000 0.807220
5000.000000 0.816830
5020.000000 0.818280
5040.000000 0.801910
5060.000000 0.775890
5080.000000 0.759170
5100.000000 0.763090
5120.000000 0.783400
5140.000000 0.804200
5160.000000 0.809450
5180.000000 0.797590
5200.000000 0.781100
5220.000000 0.773670
5240.000000 0.780400
5260.000000 0.795910
5280.000000 0.809010
5300.000000 0.811040
5320.000000 0.803680
5340.000000 0.795930
5360.000000 0.794850
5380.000000 0.801390
5400.000000 0.810640
5420.000000 0.815770
5440.000000 0.813890
5460.000000 0.808040
5480.000000 0.804920
5500.000000 0.808200
5520.000000 0.817080
5540.000000 0.826390
5560.000000 0.829060
5580.000000 0.821960
5600.000000 0.808030
5620.000000 0.793820
5640.000000 0.785460
5660.000000 0.785810
5680.000000 0.793670
5700.000000 0.804900
5720.000000 0.813260
5740.000000 0.814760
5760.000000 0.810240
5780.000000 0.802780
5800.000000 0.796330
5820.000000 0.793810
5840.000000 0.794770
5860.000000 0.797100
5880.000000 0.797670
5900.000000 0.794070
5920.000000 0.786330
5940.000000 0.776140
5960.000000 0.765900
5980.000000 0.757840
6000.000000 0.752300
6020.000000 0.748310
6040.000000 0.744280
6060.000000 0.738540
6080.000000 0.730680
6100.000000 0.721370
6120.000000 0.712270
6140.000000 0.704960
6160.000000 0.700360
6180.000000 0.698290
6200.000000 0.697360
6220.000000 0.695590
6240.000000 0.691500
6260.000000 0.684100
6280.000000 0.673360
6300.000000 0.660430
6320.000000 0.646760
6340.000000 0.633480
6360.000000 0.621320
6380.000000 0.610410
6400.000000 0.600400
6420.000000 0.590680
6440.000000 0.581010
6460.000000 0.571300
6480.000000 0.561740
6500.000000 0.552870
6520.000000 0.544890
6540.000000 0.537670
6560.000000 0.531070
6580.000000 0.524810
6600.000000 0.518460
6620.000000 0.511410
6640.000000 0.503810
6660.000000 0.495790
6680.000000 0.487530
6700.000000 0.479520
6720.000000 0.471600
6740.000000 0.463670
6760.000000 0.455150
6780.000000 0.445800
6800.000000 0.435380
6820.000000 0.423810
6840.000000 0.411730
6860.000000 0.399440
6880.000000 0.387570
6900.000000 0.376710
6920.000000 0.367160
6940.000000 0.358510
6960.000000 0.349990
6980.000000 0.340760
7000.000000 0.330180
7020.000000 0.318100
7040.000000 0.304610
7060.000000 0.290590
7080.000000 0.277360
7100.000000 0.266010
7120.000000 0.256840
7140.000000 0.249570
7160.000000 0.243590
7180.000000 0.237270
7200.000000 0.228680
7220.000000 0.216220
7240.000000 0.198870
7260.000000 0.177220
7280.000000 0.153320
7300.000000 0.129650
7320.000000 0.107410
7340.000000 0.086760
7360.000000 0.068070
7380.000000 0.051700
7400.000000 0.037960
7420.000000 0.027020
7440.000000 0.018770
7460.000000 0.012830
7480.000000 0.008740
7500.000000 0.006060
7520.000000 0.004290
