10880.000000 0.004580
10885.000000 0.003740
10890.000000 0.006880
10895.000000 0.007190
10900.000000 0.007780
10905.000000 0.010680
10910.000000 0.013890
10915.000000 0.018250
10920.000000 0.021790
10925.000000 0.031100
10930.000000 0.039570
10935.000000 0.057140
10940.000000 0.073930
10945.000000 0.106960
10950.000000 0.137800
10955.000000 0.197510
10960.000000 0.248320
10965.000000 0.334410
10970.000000 0.392110
10975.000000 0.467680
10980.000000 0.513870
10985.000000 0.575500
10990.000000 0.610310
10995.000000 0.656880
11000.000000 0.681290
11005.000000 0.699460
11010.000000 0.700580
11015.000000 0.685210
11020.000000 0.665660
11025.000000 0.630800
11030.000000 0.603910
11035.000000 0.562940
11040.000000 0.528400
11045.000000 0.461200
11050.000000 0.400120
11055.000000 0.295470
11060.000000 0.221330
11065.000000 0.136900
11070.000000 0.096010
11075.000000 0.057500
11080.000000 0.041930
11085.000000 0.026370
11090.000000 0.017990
11095.000000 0.013780
11100.000000 0.010180
11105.000000 0.007190
11110.000000 0.006290
11115.000000 0.005080
