22811.7 0.0000656000
22816.7 0.0003207127
22821.7 0.0005905515
22826.7 0.0003426367
22831.7 0.0003104770
22836.7 0.0004468689
22841.7 0.0008338957
22846.7 0.0011343384
22851.6 0.0014521518
22856.6 0.0013783231
22861.6 0.0018385062
22866.6 0.0018485767
22871.6 0.0027316336
22876.6 0.0029372523
22881.6 0.0032132195
22886.6 0.0044820006
22891.6 0.0056121772
22896.6 0.0064614736
22901.6 0.0082002686
22906.5 0.0097717337
22911.4 0.0115829020
22916.3 0.0148863867
22921.1 0.0186064073
22926.0 0.0228956202
22930.8 0.0296082300
22935.7 0.0367611530
22940.5 0.0462493767
22946.0 0.0572941231
22951.7 0.0736264718
22957.4 0.0927301918
22963.2 0.1171719819
22968.9 0.1483966047
22974.7 0.1837900141
22980.4 0.2282312628
22986.1 0.2796727374
22991.9 0.3437925619
22997.6 0.4111380399
23003.9 0.4855906851
23011.3 0.5622588446
23018.7 0.6309293470
23026.1 0.7028324390
23032.3 0.7618703257
23037.0 0.8126576514
23041.8 0.8477595595
23046.6 0.8741184701
23051.4 0.8910427290
23056.2 0.9015022218
23060.9 0.9084128856
23065.7 0.9106836620
23070.5 0.9123045540
23075.3 0.9127608118
23080.0 0.9130002467
23084.8 0.9144669774
23089.6 0.9155260557
23094.4 0.9160047106
23099.2 0.9159048661
23103.9 0.9159275011
23108.7 0.9173731249
23113.5 0.9186689494
23118.3 0.9189164613
23123.1 0.9200672693
23127.8 0.9195980961
23132.6 0.9202853130
23137.4 0.9198115765
23142.2 0.9197443609
23146.9 0.9189793167
23151.7 0.9185221525
23156.5 0.9167694151
23161.3 0.9162077571
23166.1 0.9161514067
23170.8 0.9157493016
23175.6 0.9150243691
23180.4 0.9142932003
23185.2 0.9134163857
23189.9 0.9135204329
23194.7 0.9137474309
23199.5 0.9126347279
23204.3 0.9121670350
23209.0 0.9122200099
23213.8 0.9121140241
23218.6 0.9131889083
23223.4 0.9121099009
23228.1 0.9124268126
23232.9 0.9124476027
23237.7 0.9126363865
23242.5 0.9139401532
23247.2 0.9139689638
23252.0 0.9140862693
23256.8 0.9137771203
23261.5 0.9143938983
23266.3 0.9156378830
23271.1 0.9160975204
23275.9 0.9156527463
23280.6 0.9152285088
23285.4 0.9139427442
23290.2 0.9140238010
23295.0 0.9141509010
23299.7 0.9144322913
23304.5 0.9133946321
23309.3 0.9124544147
23314.0 0.9117496997
23318.8 0.9104067465
23323.6 0.9101225869
23328.4 0.9080799200
23333.1 0.9046097407
23337.9 0.8991082522
23342.7 0.8913924439
23347.4 0.8811441989
23352.2 0.8654151091
23357.0 0.8429918901
23361.8 0.8119700947
23366.5 0.7716788500
23371.9 0.7242935635
23379.1 0.6669059314
23386.2 0.5989253886
23393.4 0.5305503804
23400.5 0.4593471149
23406.3 0.3938769650
23412.0 0.3261805325
23417.8 0.2675466797
23423.6 0.2183738135
23429.3 0.1735891949
23435.1 0.1405760776
23440.8 0.1132116222
23446.6 0.0909586580
23452.4 0.0714714768
23458.1 0.0577534028
23463.6 0.0460747808
23468.5 0.0369985585
23473.4 0.0306968854
23478.3 0.0244703757
23483.2 0.0203390837
23488.1 0.0162561097
23493.0 0.0136460372
23497.9 0.0109656263
23502.8 0.0091174951
23507.8 0.0079092394
23512.8 0.0064291767
23517.8 0.0048971090
23522.8 0.0046252691
23527.8 0.0039420150
23532.8 0.0030266683
23537.8 0.0022360544
23542.8 0.0025908711
23547.8 0.0015425201
23552.8 0.0013920365
23557.8 0.0013380231
23562.8 0.0012461801
23567.8 0.0009814798
23572.8 0.0009313177
23577.7 0.0005561185
23582.7 0.0007446905
23587.7 0.0006157020
23592.7 0.0003681747
23597.7 0.0003977655
23602.7 0.0003458669
23607.7 0.0003025619
23612.7 0.0001031666
23617.7 0.0002972698
23622.7 0.0004057099
23627.7 0.0000624717
23632.7 0.0001743281
23637.7 0.0001042096
