23320.000000 0.004170
23340.000000 0.004700
23360.000000 0.004870
23380.000000 0.005080
23400.000000 0.005220
23420.000000 0.005720
23440.000000 0.006530
23460.000000 0.007290
23480.000000 0.008300
23500.000000 0.009290
23520.000000 0.010150
23540.000000 0.010990
23560.000000 0.012370
23580.000000 0.013610
23600.000000 0.014950
23620.000000 0.016950
23640.000000 0.019000
23660.000000 0.021210
23680.000000 0.024030
23700.000000 0.026930
23720.000000 0.030590
23740.000000 0.035060
23760.000000 0.040020
23780.000000 0.045870
23800.000000 0.052280
23820.000000 0.059560
23840.000000 0.068300
23860.000000 0.078550
23880.000000 0.090240
23900.000000 0.103520
23920.000000 0.118680
23940.000000 0.136000
23960.000000 0.155610
23980.000000 0.177810
24000.000000 0.202360
24020.000000 0.228930
24040.000000 0.258100
24060.000000 0.289630
24080.000000 0.323530
24100.000000 0.359860
24120.000000 0.397720
24140.000000 0.436170
24160.000000 0.474910
24180.000000 0.513900
24200.000000 0.551960
24220.000000 0.588520
24240.000000 0.622510
24260.000000 0.653920
24280.000000 0.683360
24300.000000 0.709460
24320.000000 0.731860
24340.000000 0.751880
24360.000000 0.770340
24380.000000 0.785770
24400.000000 0.798140
24420.000000 0.808720
24440.000000 0.817200
24460.000000 0.824360
24480.000000 0.830510
24500.000000 0.835300
24520.000000 0.838910
24540.000000 0.841250
24560.000000 0.843640
24580.000000 0.845210
24600.000000 0.846100
24620.000000 0.847170
24640.000000 0.848330
24660.000000 0.850490
24680.000000 0.852260
24700.000000 0.853550
24720.000000 0.855710
24740.000000 0.858750
24760.000000 0.860720
24780.000000 0.861270
24800.000000 0.861130
24820.000000 0.859740
24840.000000 0.854840
24860.000000 0.845030
24880.000000 0.832470
24900.000000 0.815060
24920.000000 0.789950
24940.000000 0.759230
24960.000000 0.722490
24980.000000 0.678920
25000.000000 0.630280
25020.000000 0.579040
25040.000000 0.525410
25060.000000 0.470370
25080.000000 0.417540
25100.000000 0.368520
25120.000000 0.323390
25140.000000 0.282820
25160.000000 0.246640
25180.000000 0.214220
25200.000000 0.185560
25220.000000 0.161350
25240.000000 0.140400
25260.000000 0.121990
25280.000000 0.106490
25300.000000 0.093400
25320.000000 0.081730
25340.000000 0.071620
25360.000000 0.063400
25380.000000 0.055920
25400.000000 0.049670
25420.000000 0.044270
25440.000000 0.038940
25460.000000 0.034910
25480.000000 0.031340
25500.000000 0.027400
25520.000000 0.024640
25540.000000 0.022570
25560.000000 0.020630
25580.000000 0.018340
25600.000000 0.016110
25620.000000 0.013920
25640.000000 0.012850
25660.000000 0.012860
25680.000000 0.011930
25700.000000 0.010770
25720.000000 0.010700
25740.000000 0.009900
25760.000000 0.008350
25780.000000 0.007900
25800.000000 0.007830
25820.000000 0.007170
25840.000000 0.004640
25860.000000 0.004650
25880.000000 0.005130
