30560.000000 0.005160
30580.000000 0.006640
30600.000000 0.008560
30620.000000 0.009750
30640.000000 0.011630
30660.000000 0.015610
30680.000000 0.020420
30700.000000 0.024370
30720.000000 0.030520
30740.000000 0.039900
30760.000000 0.051440
30780.000000 0.063740
30800.000000 0.081390
30820.000000 0.107470
30840.000000 0.137240
30860.000000 0.175660
30880.000000 0.224320
30900.000000 0.280560
30920.000000 0.344390
30940.000000 0.411300
30960.000000 0.478990
30980.000000 0.544340
31000.000000 0.600420
31020.000000 0.646030
31040.000000 0.682040
31060.000000 0.705260
31080.000000 0.717190
31100.000000 0.726970
31120.000000 0.734300
31140.000000 0.736720
31160.000000 0.737230
31180.000000 0.737460
31200.000000 0.738200
31220.000000 0.737010
31240.000000 0.734090
31260.000000 0.734210
31280.000000 0.736110
31300.000000 0.733730
31320.000000 0.727290
31340.000000 0.724620
31360.000000 0.728010
31380.000000 0.722410
31400.000000 0.714740
31420.000000 0.712970
31440.000000 0.699750
31460.000000 0.682620
31480.000000 0.662460
31500.000000 0.621060
31520.000000 0.565120
31540.000000 0.504150
31560.000000 0.440220
31580.000000 0.373200
31600.000000 0.304000
31620.000000 0.242450
31640.000000 0.192610
31660.000000 0.151810
31680.000000 0.118000
31700.000000 0.091570
31720.000000 0.072830
31740.000000 0.058400
31760.000000 0.046160
31780.000000 0.035420
31800.000000 0.026540
31820.000000 0.021390
31840.000000 0.016560
31860.000000 0.015150
31880.000000 0.011700
31900.000000 0.005050
