6541.000000 0.007420
6542.000000 0.007520
6543.000000 0.007900
6544.000000 0.007740
6545.000000 0.007110
6546.000000 0.007420
6547.000000 0.007920
6548.000000 0.008130
6549.000000 0.008150
6550.000000 0.007780
6551.000000 0.008090
6552.000000 0.007980
6553.000000 0.008270
6554.000000 0.008710
6555.000000 0.008670
6556.000000 0.009780
6557.000000 0.009600
6558.000000 0.009780
6559.000000 0.011960
6560.000000 0.015950
6561.000000 0.020260
6562.000000 0.032840
6563.000000 0.053890
6564.000000 0.115910
6565.000000 0.229370
6566.000000 0.398610
6567.000000 0.555920
6568.000000 0.644040
6569.000000 0.663770
6570.000000 0.672710
6571.000000 0.674120
6572.000000 0.664810
6573.000000 0.653060
6574.000000 0.630690
6575.000000 0.540800
6576.000000 0.357410
6577.000000 0.194550
6578.000000 0.093770
6579.000000 0.047810
6580.000000 0.028290
6581.000000 0.018520
6582.000000 0.014570
6583.000000 0.011670
6584.000000 0.010560
6585.000000 0.009480
6586.000000 0.008990
6587.000000 0.009380
6588.000000 0.008730
6589.000000 0.008560
6590.000000 0.008710
6591.000000 0.008530
6592.000000 0.008640
6593.000000 0.007780
6594.000000 0.007770
6595.000000 0.008160
6596.000000 0.008560
6597.000000 0.008000
6598.000000 0.007890
6599.000000 0.008320
6600.000000 0.008440
