5580.000000 0.006960
5600.000000 0.031510
5620.000000 0.149150
5640.000000 0.442080
5660.000000 0.704590
5680.000000 0.798250
5700.000000 0.852510
5720.000000 0.868000
5740.000000 0.833600
5760.000000 0.807210
5780.000000 0.816990
5800.000000 0.845570
5820.000000 0.865740
5840.000000 0.869550
5860.000000 0.867750
5880.000000 0.872770
5900.000000 0.887390
5920.000000 0.904050
5940.000000 0.912460
5960.000000 0.907300
5980.000000 0.891450
6000.000000 0.874400
6020.000000 0.865310
6040.000000 0.868040
6060.000000 0.880660
6080.000000 0.895740
6100.000000 0.906400
6120.000000 0.910340
6140.000000 0.904450
6160.000000 0.868560
6180.000000 0.749770
6200.000000 0.523860
6220.000000 0.277910
6240.000000 0.115710
6260.000000 0.042720
6280.000000 0.015850
6300.000000 0.006290
