11975.000000 0.004620
11980.000000 0.003650
11985.000000 0.004140
11990.000000 0.003910
11995.000000 0.004640
12000.000000 0.005110
12005.000000 0.006350
12010.000000 0.005840
12015.000000 0.007320
12020.000000 0.008540
12025.000000 0.008070
12030.000000 0.010740
12035.000000 0.012450
12040.000000 0.014190
12045.000000 0.017610
12050.000000 0.019580
12055.000000 0.024980
12060.000000 0.029140
12065.000000 0.037250
12070.000000 0.044310
12075.000000 0.058810
12080.000000 0.070370
12085.000000 0.094860
12090.000000 0.115390
12095.000000 0.156450
12100.000000 0.189240
12105.000000 0.247570
12110.000000 0.296510
12115.000000 0.369540
12120.000000 0.416980
12125.000000 0.481020
12130.000000 0.514340
12135.000000 0.552460
12140.000000 0.569050
12145.000000 0.583150
12150.000000 0.588170
12155.000000 0.592760
12160.000000 0.594620
12165.000000 0.597110
12170.000000 0.597350
12175.000000 0.596330
12180.000000 0.597840
12185.000000 0.597960
12190.000000 0.597060
12195.000000 0.596600
12200.000000 0.597900
12205.000000 0.595380
12210.000000 0.595810
12215.000000 0.596860
12220.000000 0.598360
12225.000000 0.599700
12230.000000 0.597370
12235.000000 0.589980
12240.000000 0.577130
12245.000000 0.545520
12250.000000 0.512280
12255.000000 0.442890
12260.000000 0.389790
12265.000000 0.308820
12270.000000 0.256580
12275.000000 0.189360
12280.000000 0.153080
12285.000000 0.113650
12290.000000 0.090410
12295.000000 0.074920
12300.000000 0.054150
12305.000000 0.043780
12310.000000 0.033460
12315.000000 0.028050
12320.000000 0.020660
12325.000000 0.017460
12330.000000 0.015750
12335.000000 0.012790
12340.000000 0.011310
12345.000000 0.009840
12350.000000 0.008360
12355.000000 0.007860
12360.000000 0.005660
12365.000000 0.005660
12370.000000 0.004430
