9340.000000 0.004820
9360.000000 0.006300
9380.000000 0.008180
9400.000000 0.010730
9420.000000 0.014300
9440.000000 0.019810
9460.000000 0.027970
9480.000000 0.039250
9500.000000 0.057800
9520.000000 0.085560
9540.000000 0.125180
9560.000000 0.185360
9580.000000 0.265490
9600.000000 0.360750
9620.000000 0.464370
9640.000000 0.562290
9660.000000 0.640430
9680.000000 0.692700
9700.000000 0.722170
9720.000000 0.735180
9740.000000 0.739470
9760.000000 0.740230
9780.000000 0.740570
9800.000000 0.742220
9820.000000 0.745160
9840.000000 0.749710
9860.000000 0.755510
9880.000000 0.761860
9900.000000 0.768340
9920.000000 0.774220
9940.000000 0.778990
9960.000000 0.781970
9980.000000 0.783280
10000.000000 0.782750
10020.000000 0.781070
10040.000000 0.778610
10060.000000 0.774870
10080.000000 0.771580
10100.000000 0.768740
10120.000000 0.766360
10140.000000 0.765300
10160.000000 0.765400
10180.000000 0.767180
10200.000000 0.770390
10220.000000 0.774730
10240.000000 0.780110
10260.000000 0.785600
10280.000000 0.790740
10300.000000 0.794910
10320.000000 0.797390
10340.000000 0.797760
10360.000000 0.795730
10380.000000 0.791660
10400.000000 0.785870
10420.000000 0.778430
10440.000000 0.770550
10460.000000 0.763050
10480.000000 0.756210
10500.000000 0.750690
10520.000000 0.747250
10540.000000 0.746430
10560.000000 0.747880
10580.000000 0.751970
10600.000000 0.758420
10620.000000 0.766430
10640.000000 0.775440
10660.000000 0.784450
10680.000000 0.792760
10700.000000 0.799450
10720.000000 0.803630
10740.000000 0.804610
10760.000000 0.802520
10780.000000 0.797900
10800.000000 0.791370
10820.000000 0.783430
10840.000000 0.775150
10860.000000 0.767520
10880.000000 0.761350
10900.000000 0.757290
10920.000000 0.755310
10940.000000 0.755980
10960.000000 0.759160
10980.000000 0.764140
11000.000000 0.770830
11020.000000 0.778180
11040.000000 0.785400
11060.000000 0.791990
11080.000000 0.796840
11100.000000 0.799300
11120.000000 0.799070
11140.000000 0.796750
11160.000000 0.792510
11180.000000 0.786770
11200.000000 0.780750
11220.000000 0.775500
11240.000000 0.771580
11260.000000 0.769500
11280.000000 0.769910
11300.000000 0.772690
11320.000000 0.777620
11340.000000 0.784210
11360.000000 0.792070
11380.000000 0.799910
11400.000000 0.806660
11420.000000 0.811220
11440.000000 0.811940
11460.000000 0.808070
11480.000000 0.800490
11500.000000 0.789930
11520.000000 0.777620
11540.000000 0.765290
11560.000000 0.754680
11580.000000 0.747330
11600.000000 0.743850
11620.000000 0.745390
11640.000000 0.751460
11660.000000 0.760730
11680.000000 0.771530
11700.000000 0.780460
11720.000000 0.784090
11740.000000 0.780060
11760.000000 0.767380
11780.000000 0.748150
11800.000000 0.727230
11820.000000 0.710740
11840.000000 0.705150
11860.000000 0.715560
11880.000000 0.739870
11900.000000 0.756790
11920.000000 0.716640
11940.000000 0.583620
11960.000000 0.395400
11980.000000 0.230760
12000.000000 0.126570
12020.000000 0.070040
12040.000000 0.040560
12060.000000 0.024900
12080.000000 0.016130
12100.000000 0.011080
12120.000000 0.007930
12140.000000 0.005920
12160.000000 0.004680
