6120.000000 0.004910
6140.000000 0.015050
6160.000000 0.058550
6180.000000 0.229030
6200.000000 0.525410
6220.000000 0.663990
6240.000000 0.619510
6260.000000 0.628300
6280.000000 0.704590
6300.000000 0.775010
6320.000000 0.795140
6340.000000 0.776810
6360.000000 0.755680
6380.000000 0.751690
6400.000000 0.764980
6420.000000 0.787840
6440.000000 0.812790
6460.000000 0.834610
6480.000000 0.850590
6500.000000 0.860370
6520.000000 0.864230
6540.000000 0.862120
6560.000000 0.855730
6580.000000 0.847370
6600.000000 0.837750
6620.000000 0.823180
6640.000000 0.794980
6660.000000 0.747360
6680.000000 0.685380
6700.000000 0.629070
6720.000000 0.605270
6740.000000 0.634780
6760.000000 0.683530
6780.000000 0.598530
6800.000000 0.352810
6820.000000 0.142650
6840.000000 0.051390
6860.000000 0.020130
6880.000000 0.008880
6900.000000 0.004320
