20080.000000 0.004360
20100.000000 0.004760
20120.000000 0.005140
20140.000000 0.005630
20160.000000 0.006270
20180.000000 0.007050
20200.000000 0.007640
20220.000000 0.008240
20240.000000 0.009090
20260.000000 0.009870
20280.000000 0.010480
20300.000000 0.011370
20320.000000 0.012480
20340.000000 0.013170
20360.000000 0.014130
20380.000000 0.015620
20400.000000 0.016650
20420.000000 0.017750
20440.000000 0.019210
20460.000000 0.020690
20480.000000 0.022280
20500.000000 0.024250
20520.000000 0.026860
20540.000000 0.029630
20560.000000 0.032870
20580.000000 0.036530
20600.000000 0.040830
20620.000000 0.045960
20640.000000 0.051450
20660.000000 0.058230
20680.000000 0.066190
20700.000000 0.075350
20720.000000 0.086120
20740.000000 0.098820
20760.000000 0.113430
20780.000000 0.129620
20800.000000 0.148300
20820.000000 0.169170
20840.000000 0.192690
20860.000000 0.219450
20880.000000 0.247590
20900.000000 0.277400
20920.000000 0.308990
20940.000000 0.341810
20960.000000 0.375200
20980.000000 0.406660
21000.000000 0.437330
21020.000000 0.466170
21040.000000 0.491850
21060.000000 0.515300
21080.000000 0.536240
21100.000000 0.555180
21120.000000 0.571460
21140.000000 0.585560
21160.000000 0.598660
21180.000000 0.610230
21200.000000 0.620620
21220.000000 0.630450
21240.000000 0.639310
21260.000000 0.647320
21280.000000 0.654460
21300.000000 0.661410
21320.000000 0.668050
21340.000000 0.674270
21360.000000 0.679670
21380.000000 0.684070
21400.000000 0.688400
21420.000000 0.692200
21440.000000 0.694990
21460.000000 0.697860
21480.000000 0.700330
21500.000000 0.701950
21520.000000 0.703860
21540.000000 0.705700
21560.000000 0.707290
21580.000000 0.708860
21600.000000 0.710390
21620.000000 0.712220
21640.000000 0.714190
21660.000000 0.716320
21680.000000 0.718490
21700.000000 0.720790
21720.000000 0.723250
21740.000000 0.725510
21760.000000 0.728270
21780.000000 0.731400
21800.000000 0.733950
21820.000000 0.736650
21840.000000 0.739380
21860.000000 0.741870
21880.000000 0.744170
21900.000000 0.746570
21920.000000 0.748760
21940.000000 0.750210
21960.000000 0.751950
21980.000000 0.753660
22000.000000 0.754710
22020.000000 0.755910
22040.000000 0.756740
22060.000000 0.757160
22080.000000 0.757420
22100.000000 0.757840
22120.000000 0.758360
22140.000000 0.758180
22160.000000 0.758350
22180.000000 0.758450
22200.000000 0.758560
22220.000000 0.758930
22240.000000 0.759660
22260.000000 0.760250
22280.000000 0.760510
22300.000000 0.760620
22320.000000 0.761020
22340.000000 0.762150
22360.000000 0.762800
22380.000000 0.763200
22400.000000 0.764110
22420.000000 0.765430
22440.000000 0.766510
22460.000000 0.767820
22480.000000 0.769420
22500.000000 0.770600
22520.000000 0.771850
22540.000000 0.773250
22560.000000 0.774380
22580.000000 0.775920
22600.000000 0.777760
22620.000000 0.779130
22640.000000 0.780380
22660.000000 0.782100
22680.000000 0.784440
22700.000000 0.785750
22720.000000 0.786800
22740.000000 0.788930
22760.000000 0.790120
22780.000000 0.790970
22800.000000 0.792650
22820.000000 0.793980
22840.000000 0.794820
22860.000000 0.795550
22880.000000 0.796360
22900.000000 0.796660
22920.000000 0.797150
22940.000000 0.797560
22960.000000 0.796840
22980.000000 0.795850
23000.000000 0.795070
23020.000000 0.794200
23040.000000 0.792560
23060.000000 0.790210
23080.000000 0.787770
23100.000000 0.784680
23120.000000 0.781110
23140.000000 0.777560
23160.000000 0.773620
23180.000000 0.769470
23200.000000 0.764790
23220.000000 0.759320
23240.000000 0.754460
23260.000000 0.749300
23280.000000 0.743500
23300.000000 0.737960
23320.000000 0.731960
23340.000000 0.725940
23360.000000 0.720060
23380.000000 0.714250
23400.000000 0.708440
23420.000000 0.702610
23440.000000 0.696790
23460.000000 0.690660
23480.000000 0.685010
23500.000000 0.680020
23520.000000 0.675260
23540.000000 0.670620
23560.000000 0.665790
23580.000000 0.661580
23600.000000 0.657090
23620.000000 0.652800
23640.000000 0.649610
23660.000000 0.646040
23680.000000 0.642400
23700.000000 0.638730
23720.000000 0.634670
23740.000000 0.630680
23760.000000 0.627080
23780.000000 0.623000
23800.000000 0.618150
23820.000000 0.613020
23840.000000 0.607420
23860.000000 0.600280
23880.000000 0.591550
23900.000000 0.581830
23920.000000 0.570710
23940.000000 0.557500
23960.000000 0.541890
23980.000000 0.524020
24000.000000 0.504010
24020.000000 0.482010
24040.000000 0.457170
24060.000000 0.430510
24080.000000 0.402210
24100.000000 0.372340
24120.000000 0.341720
24140.000000 0.310930
24160.000000 0.280730
24180.000000 0.250870
24200.000000 0.222700
24220.000000 0.197250
24240.000000 0.174180
24260.000000 0.152470
24280.000000 0.132570
24300.000000 0.115720
24320.000000 0.100740
24340.000000 0.087190
24360.000000 0.075610
24380.000000 0.065890
24400.000000 0.057370
24420.000000 0.049800
24440.000000 0.043440
24460.000000 0.037660
24480.000000 0.032960
24500.000000 0.028690
24520.000000 0.025300
24540.000000 0.022930
24560.000000 0.020050
24580.000000 0.017650
24600.000000 0.015960
24620.000000 0.014280
24640.000000 0.012770
24660.000000 0.011020
24680.000000 0.009950
24700.000000 0.009020
24720.000000 0.008150
24740.000000 0.007430
24760.000000 0.006560
24780.000000 0.006130
24800.000000 0.005810
24820.000000 0.005340
24840.000000 0.004990
24860.000000 0.004560
24880.000000 0.004060
