16625.000000 0.004070
16630.000000 0.001750
16635.000000 0.001140
16640.000000 0.001140
16645.000000 0.000000
16650.000000 0.001160
16655.000000 0.002330
16660.000000 0.002930
16665.000000 0.002350
16670.000000 0.001750
16675.000000 0.001160
16680.000000 0.004730
16685.000000 0.004170
16690.000000 -0.001790
16695.000000 0.001190
16700.000000 0.000600
16705.000000 0.000000
16710.000000 0.001190
16715.000000 0.001800
16720.000000 0.002400
16725.000000 0.000600
16730.000000 0.001800
16735.000000 0.001210
16740.000000 0.003020
16745.000000 0.003020
16750.000000 0.001190
16755.000000 0.001820
16760.000000 0.003650
16765.000000 0.006090
16770.000000 0.002430
16775.000000 0.002440
16780.000000 0.003660
16785.000000 0.003050
16790.000000 0.004260
16795.000000 0.004880
16800.000000 0.003050
16805.000000 0.003690
16810.000000 0.003080
16815.000000 0.002460
16820.000000 0.003080
16825.000000 0.004960
16830.000000 0.003720
16835.000000 0.002470
16840.000000 0.006210
16845.000000 0.005570
16850.000000 0.008680
16855.000000 0.007450
16860.000000 0.011830
16865.000000 0.011840
16870.000000 0.014390
16875.000000 0.017560
16880.000000 0.022000
16885.000000 0.024550
16890.000000 0.035310
16895.000000 0.041720
16900.000000 0.053910
16905.000000 0.064790
16910.000000 0.091670
16915.000000 0.108840
16920.000000 0.147220
16925.000000 0.179580
16930.000000 0.242280
16935.000000 0.289400
16940.000000 0.364140
16945.000000 0.418760
16950.000000 0.488240
16955.000000 0.529420
16960.000000 0.579710
16965.000000 0.603840
16970.000000 0.632140
16975.000000 0.645770
16980.000000 0.664640
16985.000000 0.673890
16990.000000 0.677700
16995.000000 0.688340
17000.000000 0.691410
17005.000000 0.695760
17010.000000 0.700260
17015.000000 0.698320
17020.000000 0.693980
17025.000000 0.693880
17030.000000 0.684970
17035.000000 0.678440
17040.000000 0.666890
17045.000000 0.656250
17050.000000 0.632690
17055.000000 0.614700
17060.000000 0.579900
17065.000000 0.545960
17070.000000 0.484880
17075.000000 0.435470
17080.000000 0.360150
17085.000000 0.311000
17090.000000 0.242000
17095.000000 0.202970
17100.000000 0.152730
17105.000000 0.125410
17110.000000 0.093990
17115.000000 0.075330
17120.000000 0.055240
17125.000000 0.047970
17130.000000 0.036990
17135.000000 0.030410
17140.000000 0.020750
17145.000000 0.018830
17150.000000 0.016250
17155.000000 0.014970
17160.000000 0.009780
17165.000000 0.010410
17170.000000 0.006500
17175.000000 0.009770
17180.000000 0.005860
17185.000000 0.005220
17190.000000 0.005870
17195.000000 0.006520
17200.000000 0.004530
