14600.000000 0.004710
14620.000000 0.005780
14640.000000 0.007220
14660.000000 0.009060
14680.000000 0.011430
14700.000000 0.014590
14720.000000 0.018950
14740.000000 0.024660
14760.000000 0.032000
14780.000000 0.041700
14800.000000 0.054240
14820.000000 0.070300
14840.000000 0.090150
14860.000000 0.114490
14880.000000 0.143880
14900.000000 0.178210
14920.000000 0.218220
14940.000000 0.264620
14960.000000 0.317720
14980.000000 0.376480
15000.000000 0.439960
15020.000000 0.507320
15040.000000 0.575350
15060.000000 0.640550
15080.000000 0.698810
15100.000000 0.746350
15120.000000 0.781430
15140.000000 0.803940
15160.000000 0.816310
15180.000000 0.821320
15200.000000 0.821300
15220.000000 0.819000
15240.000000 0.816270
15260.000000 0.814450
15280.000000 0.814320
15300.000000 0.815480
15320.000000 0.818080
15340.000000 0.821870
15360.000000 0.826290
15380.000000 0.830860
15400.000000 0.834990
15420.000000 0.838410
15440.000000 0.840770
15460.000000 0.842070
15480.000000 0.842320
15500.000000 0.841570
15520.000000 0.840350
15540.000000 0.839020
15560.000000 0.837810
15580.000000 0.837130
15600.000000 0.837010
15620.000000 0.837750
15640.000000 0.839420
15660.000000 0.841710
15680.000000 0.844920
15700.000000 0.848890
15720.000000 0.853130
15740.000000 0.857540
15760.000000 0.862050
15780.000000 0.866100
15800.000000 0.869610
15820.000000 0.872760
15840.000000 0.875180
15860.000000 0.876970
15880.000000 0.878200
15900.000000 0.878650
15920.000000 0.878950
15940.000000 0.879210
15960.000000 0.879180
15980.000000 0.879260
16000.000000 0.879290
16020.000000 0.879360
16040.000000 0.879930
16060.000000 0.880890
16080.000000 0.881870
16100.000000 0.883010
16120.000000 0.884520
16140.000000 0.885500
16160.000000 0.885970
16180.000000 0.886550
16200.000000 0.886610
16220.000000 0.885940
16240.000000 0.884320
16260.000000 0.882050
16280.000000 0.879120
16300.000000 0.875460
16320.000000 0.871410
16340.000000 0.866550
16360.000000 0.861150
16380.000000 0.855790
16400.000000 0.851060
16420.000000 0.846540
16440.000000 0.842130
16460.000000 0.838380
16480.000000 0.835160
16500.000000 0.832900
16520.000000 0.831620
16540.000000 0.831380
16560.000000 0.831950
16580.000000 0.833390
16600.000000 0.835910
16620.000000 0.839360
16640.000000 0.843340
16660.000000 0.847790
16680.000000 0.852550
16700.000000 0.857280
16720.000000 0.862060
16740.000000 0.866460
16760.000000 0.870130
16780.000000 0.873110
16800.000000 0.875320
16820.000000 0.876510
16840.000000 0.876920
16860.000000 0.876540
16880.000000 0.875460
16900.000000 0.873930
16920.000000 0.871750
16940.000000 0.869020
16960.000000 0.866270
16980.000000 0.863720
17000.000000 0.861620
17020.000000 0.860050
17040.000000 0.858950
17060.000000 0.858570
17080.000000 0.858760
17100.000000 0.859300
17120.000000 0.860410
17140.000000 0.861860
17160.000000 0.863330
17180.000000 0.864670
17200.000000 0.865400
17220.000000 0.865720
17240.000000 0.865280
17260.000000 0.863620
17280.000000 0.860520
17300.000000 0.856400
17320.000000 0.851640
17340.000000 0.845730
17360.000000 0.839200
17380.000000 0.832440
17400.000000 0.826050
17420.000000 0.820080
17440.000000 0.814760
17460.000000 0.810650
17480.000000 0.807790
17500.000000 0.806410
17520.000000 0.806460
17540.000000 0.807920
17560.000000 0.810810
17580.000000 0.814960
17600.000000 0.819630
17620.000000 0.824190
17640.000000 0.828080
17660.000000 0.830370
17680.000000 0.830110
17700.000000 0.826920
17720.000000 0.820270
17740.000000 0.808650
17760.000000 0.790080
17780.000000 0.762740
17800.000000 0.725160
17820.000000 0.677120
17840.000000 0.618620
17860.000000 0.549730
17880.000000 0.473720
17900.000000 0.395510
17920.000000 0.320890
17940.000000 0.254100
17960.000000 0.197170
17980.000000 0.151020
18000.000000 0.114500
18020.000000 0.086180
18040.000000 0.064800
18060.000000 0.049000
18080.000000 0.036940
18100.000000 0.027950
18120.000000 0.021550
18140.000000 0.016740
18160.000000 0.013120
18180.000000 0.010090
18200.000000 0.007780
18220.000000 0.006380
18240.000000 0.005330
18260.000000 0.004390
