5020.470000 0.003003
5021.210000 0.003172
5021.950000 0.003150
5022.700000 0.003382
5023.440000 0.003506
5024.180000 0.003660
5024.920000 0.003934
5025.660000 0.004291
5026.410000 0.004805
5027.150000 0.004833
5027.890000 0.005109
5028.630000 0.005353
5029.370000 0.005942
5030.110000 0.006382
5030.850000 0.006769
5031.590000 0.007752
5032.340000 0.008084
5033.080000 0.008567
5033.820000 0.009840
5034.560000 0.011256
5035.300000 0.012182
5036.040000 0.013203
5036.780000 0.014926
5037.520000 0.016819
5038.260000 0.019234
5039.000000 0.021299
5039.740000 0.024025
5040.480000 0.027946
5041.220000 0.031872
5041.960000 0.036595
5042.700000 0.042408
5043.440000 0.049412
5044.180000 0.057121
5044.920000 0.067304
5045.660000 0.077376
5046.400000 0.090472
5047.130000 0.104670
5047.870000 0.122561
5048.610000 0.145066
5049.350000 0.167330
5050.090000 0.193826
5050.830000 0.224992
5051.570000 0.258225
5052.300000 0.294881
5053.040000 0.335842
5053.780000 0.375478
5054.520000 0.420616
5055.260000 0.467470
5055.990000 0.515105
5056.730000 0.558534
5057.470000 0.607150
5058.210000 0.647471
5058.940000 0.685784
5059.680000 0.720118
5060.420000 0.751423
5061.160000 0.784361
5061.890000 0.808243
5062.630000 0.823907
5063.370000 0.841738
5064.100000 0.857046
5064.840000 0.859189
5065.580000 0.871078
5066.310000 0.878356
5067.050000 0.884716
5067.780000 0.888396
5068.520000 0.894241
5069.260000 0.893797
5069.990000 0.899176
5070.730000 0.900934
5071.460000 0.897488
5072.200000 0.903341
5072.930000 0.901433
5073.670000 0.905940
5074.400000 0.903389
5075.140000 0.903377
5075.870000 0.903199
5076.610000 0.904454
5077.340000 0.911358
5078.080000 0.907898
5078.810000 0.903904
5079.550000 0.911853
5080.280000 0.911488
5081.020000 0.904411
5081.750000 0.911410
5082.480000 0.912554
5083.220000 0.904464
5083.950000 0.909492
5084.690000 0.911808
5085.420000 0.909492
5086.150000 0.910345
5086.890000 0.910384
5087.620000 0.912294
5088.350000 0.911501
5089.080000 0.907869
5089.820000 0.910328
5090.550000 0.912944
5091.280000 0.911910
5092.020000 0.904584
5092.750000 0.911167
5093.480000 0.912279
5094.210000 0.906040
5094.950000 0.911552
5095.680000 0.911296
5096.410000 0.907701
5097.140000 0.910206
5097.870000 0.914946
5098.600000 0.913270
5099.340000 0.911307
5100.070000 0.909927
5100.800000 0.909072
5101.530000 0.910348
5102.260000 0.911652
5102.990000 0.905693
5103.720000 0.917207
5104.450000 0.908931
5105.180000 0.911477
5105.910000 0.911080
5106.640000 0.909376
5107.370000 0.911403
5108.100000 0.909774
5108.830000 0.909488
5109.560000 0.911348
5110.290000 0.910233
5111.020000 0.912717
5111.750000 0.909379
5112.480000 0.913505
5113.210000 0.908759
5113.940000 0.911839
5114.670000 0.910187
5115.400000 0.910918
5116.130000 0.906261
5116.860000 0.906401
5117.590000 0.910564
5118.320000 0.904848
5119.040000 0.908931
5119.770000 0.907405
5120.500000 0.904263
5121.230000 0.903698
5121.960000 0.909911
5122.680000 0.903273
5123.410000 0.908565
5124.140000 0.906369
5124.870000 0.906205
5125.600000 0.900020
5126.320000 0.904853
5127.050000 0.902119
5127.780000 0.907398
5128.500000 0.900981
5129.230000 0.898896
5129.960000 0.903418
5130.680000 0.902165
5131.410000 0.901180
5132.140000 0.898931
5132.860000 0.897600
5133.590000 0.897434
5134.320000 0.898175
5135.040000 0.898848
5135.770000 0.901056
5136.490000 0.893574
5137.220000 0.893768
5137.940000 0.896527
5138.670000 0.892163
5139.400000 0.892027
5140.120000 0.888660
5140.850000 0.889272
5141.570000 0.881488
5142.300000 0.875023
5143.020000 0.870925
5143.750000 0.864539
5144.470000 0.855775
5145.190000 0.843107
5145.920000 0.835443
5146.640000 0.820569
5147.370000 0.800335
5148.090000 0.781481
5148.810000 0.758603
5149.540000 0.736323
5150.260000 0.709086
5150.980000 0.679747
5151.710000 0.647803
5152.430000 0.610247
5153.150000 0.577586
5153.880000 0.538712
5154.600000 0.499101
5155.320000 0.462574
5156.050000 0.424513
5156.770000 0.387519
5157.490000 0.350187
5158.210000 0.315641
5158.930000 0.282642
5159.660000 0.252430
5160.380000 0.225062
5161.100000 0.200689
5161.820000 0.176558
5162.540000 0.154843
5163.270000 0.135603
5163.990000 0.120356
5164.710000 0.103667
5165.430000 0.092032
5166.150000 0.080430
5166.870000 0.071073
5167.590000 0.062207
5168.310000 0.054520
5169.030000 0.047528
5169.750000 0.042213
5170.470000 0.037122
5171.190000 0.033266
5171.910000 0.029145
5172.630000 0.025526
5173.350000 0.022980
5174.070000 0.019813
5174.790000 0.017834
5175.510000 0.016069
5176.230000 0.014172
5176.950000 0.013056
5177.670000 0.011702
5178.390000 0.010350
5179.110000 0.009227
5179.830000 0.008533
5180.540000 0.007451
5181.260000 0.007124
5181.980000 0.006282
5182.700000 0.005813
5183.420000 0.005344
5184.130000 0.004680
5184.850000 0.004296
5185.570000 0.004214
5186.290000 0.003772
5187.010000 0.003372
5187.720000 0.003293
5188.440000 0.003102
5189.160000 0.002696
5189.870000 0.002519
