7616.0 0.0046500000
7617.0 0.0053100000
7618.0 0.0055400000
7619.0 0.0058600000
7620.0 0.0064800000
7621.0 0.0065900000
7622.0 0.0063800000
7623.0 0.0069000000
7624.0 0.0074200000
7625.0 0.0078900000
7626.0 0.0091600000
7627.0 0.0092300000
7628.0 0.0086400000
7629.0 0.0096700000
7630.0 0.0100300000
7631.0 0.0098600000
7632.0 0.0105900000
7633.0 0.0115200000
7634.0 0.0126300000
7635.0 0.0134700000
7636.0 0.0136000000
7637.0 0.0137500000
7638.0 0.0148300000
7639.0 0.0163400000
7640.0 0.0174600000
7641.0 0.0183400000
7642.0 0.0196500000
7643.0 0.0206300000
7644.0 0.0220200000
7645.0 0.0245200000
7646.0 0.0263400000
7647.0 0.0271000000
7648.0 0.0283100000
7649.0 0.0308700000
7650.0 0.0329400000
7651.0 0.0345500000
7652.0 0.0368000000
7653.0 0.0403700000
7654.0 0.0435500000
7655.0 0.0459400000
7656.0 0.0494100000
7657.0 0.0529200000
7658.0 0.0569600000
7659.0 0.0613900000
7660.0 0.0652900000
7661.0 0.0702200000
7662.0 0.0762500000
7663.0 0.0827300000
7664.0 0.0895500000
7665.0 0.0971500000
7666.0 0.1032100000
7667.0 0.1122600000
7668.0 0.1225700000
7669.0 0.1312900000
7670.0 0.1415400000
7671.0 0.1530800000
7672.0 0.1689900000
7673.0 0.1833600000
7674.0 0.1962300000
7675.0 0.2111200000
7676.0 0.2301500000
7677.0 0.2539200000
7678.0 0.2722300000
7679.0 0.2919900000
7680.0 0.3164100000
7681.0 0.3401300000
7682.0 0.3685900000
7683.0 0.3964500000
7684.0 0.4202400000
7685.0 0.4499200000
7686.0 0.4828800000
7687.0 0.5133100000
7688.0 0.5455500000
7689.0 0.5784500000
7690.0 0.6114500000
7691.0 0.6400800000
7692.0 0.6705800000
7693.0 0.7033400000
7694.0 0.7318700000
7695.0 0.7593700000
7696.0 0.7851100000
7697.0 0.8109600000
7698.0 0.8317600000
7699.0 0.8507200000
7700.0 0.8653600000
7701.0 0.8790600000
7702.0 0.8953600000
7703.0 0.9044600000
7704.0 0.9142900000
7705.0 0.9194600000
7706.0 0.9181100000
7707.0 0.9193000000
7708.0 0.9188200000
7709.0 0.9205000000
7710.0 0.9225300000
7711.0 0.9195600000
7712.0 0.9163700000
7713.0 0.9148600000
7714.0 0.9144300000
7715.0 0.9092600000
7716.0 0.9035200000
7717.0 0.9014300000
7718.0 0.8936500000
7719.0 0.8873600000
7720.0 0.8859400000
7721.0 0.8839000000
7722.0 0.8802000000
7723.0 0.8724700000
7724.0 0.8634200000
7725.0 0.8576500000
7726.0 0.8582300000
7727.0 0.8569000000
7728.0 0.8548700000
7729.0 0.8546000000
7730.0 0.8514300000
7731.0 0.8455500000
7732.0 0.8453700000
7733.0 0.8494600000
7734.0 0.8532900000
7735.0 0.8517300000
7736.0 0.8502300000
7737.0 0.8536100000
7738.0 0.8529700000
7739.0 0.8539700000
7740.0 0.8558300000
7741.0 0.8598800000
7742.0 0.8625500000
7743.0 0.8624900000
7744.0 0.8675700000
7745.0 0.8725600000
7746.0 0.8707100000
7747.0 0.8685000000
7748.0 0.8720600000
7749.0 0.8731700000
7750.0 0.8746300000
7751.0 0.8778400000
7752.0 0.8787400000
7753.0 0.8818800000
7754.0 0.8807700000
7755.0 0.8763100000
7756.0 0.8780500000
7757.0 0.8836100000
7758.0 0.8879200000
7759.0 0.8905500000
7760.0 0.8910200000
7761.0 0.8908700000
7762.0 0.8937400000
7763.0 0.8930800000
7764.0 0.8907600000
7765.0 0.8957500000
7766.0 0.8970600000
7767.0 0.8961000000
7768.0 0.9003400000
7769.0 0.9005600000
7770.0 0.8979000000
7771.0 0.8978300000
7772.0 0.9077000000
7773.0 0.9070300000
7774.0 0.9017600000
7775.0 0.9060500000
7776.0 0.9009400000
7777.0 0.9024200000
7778.0 0.9069400000
7779.0 0.9037000000
7780.0 0.9039000000
7781.0 0.9084500000
7782.0 0.9057900000
7783.0 0.8993100000
7784.0 0.9056700000
7785.0 0.9074600000
7786.0 0.9031700000
7787.0 0.9046200000
7788.0 0.9054900000
7789.0 0.9082800000
7790.0 0.9018700000
7791.0 0.8983200000
7792.0 0.9013400000
7793.0 0.9000900000
7794.0 0.8989400000
7795.0 0.8983500000
7796.0 0.8998600000
7797.0 0.8976600000
7798.0 0.8936600000
7799.0 0.8946200000
7800.0 0.9015700000
7801.0 0.8994400000
7802.0 0.8976600000
7803.0 0.8951100000
7804.0 0.8943200000
7805.0 0.8967600000
7806.0 0.8921500000
7807.0 0.8933000000
7808.0 0.8937400000
7809.0 0.8922900000
7810.0 0.8894700000
7811.0 0.8890500000
7812.0 0.8902400000
7813.0 0.8917500000
7814.0 0.8893000000
7815.0 0.8877300000
7816.0 0.8916600000
7817.0 0.8903000000
7818.0 0.8911000000
7819.0 0.8944700000
7820.0 0.8967100000
7821.0 0.8938400000
7822.0 0.8942600000
7823.0 0.9034000000
7824.0 0.9027100000
7825.0 0.8945000000
7826.0 0.8982400000
7827.0 0.9050900000
7828.0 0.9081000000
7829.0 0.9117100000
7830.0 0.9113000000
7831.0 0.9093200000
7832.0 0.9128100000
7833.0 0.9159900000
7834.0 0.9176800000
7835.0 0.9191400000
7836.0 0.9209900000
7837.0 0.9199400000
7838.0 0.9182900000
7839.0 0.9198200000
7840.0 0.9193300000
7841.0 0.9174300000
7842.0 0.9158000000
7843.0 0.9170700000
7844.0 0.9121600000
7845.0 0.9017300000
7846.0 0.8893400000
7847.0 0.8846000000
7848.0 0.8787200000
7849.0 0.8687400000
7850.0 0.8616300000
7851.0 0.8457000000
7852.0 0.8332700000
7853.0 0.8203600000
7854.0 0.7956200000
7855.0 0.7737300000
7856.0 0.7583300000
7857.0 0.7438000000
7858.0 0.7216300000
7859.0 0.6973900000
7860.0 0.6776400000
7861.0 0.6536300000
7862.0 0.6261300000
7863.0 0.6039600000
7864.0 0.5804700000
7865.0 0.5535000000
7866.0 0.5311600000
7867.0 0.5049300000
7868.0 0.4798000000
7869.0 0.4595300000
7870.0 0.4359000000
7871.0 0.4095200000
7872.0 0.3845400000
7873.0 0.3613600000
7874.0 0.3398300000
7875.0 0.3215300000
7876.0 0.3011900000
7877.0 0.2819800000
7878.0 0.2653700000
7879.0 0.2493900000
7880.0 0.2343300000
7881.0 0.2189000000
7882.0 0.2051500000
7883.0 0.1927300000
7884.0 0.1815900000
7885.0 0.1695400000
7886.0 0.1577000000
7887.0 0.1477200000
7888.0 0.1377600000
7889.0 0.1290600000
7890.0 0.1203500000
7891.0 0.1123500000
7892.0 0.1044800000
7893.0 0.0978500000
7894.0 0.0925400000
7895.0 0.0872800000
7896.0 0.0822600000
7897.0 0.0768400000
7898.0 0.0719000000
7899.0 0.0669700000
7900.0 0.0629900000
7901.0 0.0599700000
7902.0 0.0558200000
7903.0 0.0514100000
7904.0 0.0496400000
7905.0 0.0472900000
7906.0 0.0428900000
7907.0 0.0411700000
7908.0 0.0399800000
7909.0 0.0383600000
7910.0 0.0357100000
7911.0 0.0323900000
7912.0 0.0308700000
7913.0 0.0287300000
7914.0 0.0275000000
7915.0 0.0269800000
7916.0 0.0256700000
7917.0 0.0238000000
7918.0 0.0215300000
7919.0 0.0206500000
7920.0 0.0208700000
7921.0 0.0204200000
7922.0 0.0192700000
7923.0 0.0170000000
7924.0 0.0156600000
7925.0 0.0165600000
7926.0 0.0157900000
7927.0 0.0135200000
7928.0 0.0133800000
7929.0 0.0127700000
7930.0 0.0114300000
7931.0 0.0113100000
7932.0 0.0106000000
7933.0 0.0099600000
7934.0 0.0096000000
7935.0 0.0096000000
7936.0 0.0091400000
7937.0 0.0082200000
7938.0 0.0085600000
7939.0 0.0081800000
7940.0 0.0074600000
7941.0 0.0074900000
7942.0 0.0067100000
7943.0 0.0067000000
7944.0 0.0065500000
7945.0 0.0059500000
7946.0 0.0058700000
7947.0 0.0051000000
7948.0 0.0053600000
7949.0 0.0055200000
7950.0 0.0048500000
7951.0 0.0051000000
7952.0 0.0047800000
7953.0 0.0050200000
7954.0 0.0047600000
