5700.0 0.0034800000
5720.0 0.0058900000
5740.0 0.0102400000
5760.0 0.0182300000
5780.0 0.0329000000
5800.0 0.0596500000
5820.0 0.1078500000
5840.0 0.1911300000
5860.0 0.3196100000
5880.0 0.4764700000
5900.0 0.6185500000
5920.0 0.7189900000
5940.0 0.7840900000
5960.0 0.8268900000
5980.0 0.8523700000
6000.0 0.8635700000
6020.0 0.8640400000
6040.0 0.8556200000
6060.0 0.8402400000
6080.0 0.8249200000
6100.0 0.8196300000
6120.0 0.8288400000
6140.0 0.8488200000
6160.0 0.8698100000
6180.0 0.8837300000
6200.0 0.8894500000
6220.0 0.8891900000
6240.0 0.8850600000
6260.0 0.8790000000
6280.0 0.8732900000
6300.0 0.8704700000
6320.0 0.8703500000
6340.0 0.8707600000
6360.0 0.8706500000
6380.0 0.8699600000
6400.0 0.8698700000
6420.0 0.8700400000
6440.0 0.8686500000
6460.0 0.8653000000
6480.0 0.8613400000
6500.0 0.8594700000
6520.0 0.8602300000
6540.0 0.8614500000
6560.0 0.8616300000
6580.0 0.8622300000
6600.0 0.8664100000
6620.0 0.8748800000
6640.0 0.8844800000
6660.0 0.8908700000
6680.0 0.8917500000
6700.0 0.8897600000
6720.0 0.8884300000
6740.0 0.8867300000
6760.0 0.8819600000
6780.0 0.8731800000
6800.0 0.8627300000
6820.0 0.8533800000
6840.0 0.8438900000
6860.0 0.8315700000
6880.0 0.8189400000
6900.0 0.8149300000
6920.0 0.8269800000
6940.0 0.8492900000
6960.0 0.8632700000
6980.0 0.8575300000
7000.0 0.8441500000
7020.0 0.8417700000
7040.0 0.8406400000
7060.0 0.8078300000
7080.0 0.7560600000
7100.0 0.7552900000
7120.0 0.7337000000
7140.0 0.4887800000
7160.0 0.1802800000
7180.0 0.0477900000
7200.0 0.0162500000
7220.0 0.0072800000
7240.0 0.0039200000
7260.0 0.0024600000
