20970.000000 0.000000
20980.000000 0.001000
20990.000000 0.001000
21000.000000 0.002000
21010.000000 0.003000
21020.000000 0.004000
21030.000000 0.005000
21040.000000 0.006000
21050.000000 0.007000
21060.000000 0.008000
21070.000000 0.010000
21080.000000 0.012000
21090.000000 0.015000
21100.000000 0.020000
21110.000000 0.028000
21120.000000 0.037000
21130.000000 0.052000
21140.000000 0.075000
21150.000000 0.105000
21160.000000 0.150000
21170.000000 0.210000
21180.000000 0.285000
21190.000000 0.375000
21200.000000 0.485000
21210.000000 0.580000
21220.000000 0.665000
21230.000000 0.730000
21240.000000 0.770000
21250.000000 0.785000
21260.000000 0.788000
21270.000000 0.786000
21280.000000 0.785000
21290.000000 0.781000
21300.000000 0.780000
21310.000000 0.777000
21320.000000 0.774000
21330.000000 0.773000
21340.000000 0.768000
21350.000000 0.762000
21360.000000 0.757000
21370.000000 0.742000
21380.000000 0.716000
21390.000000 0.670000
21400.000000 0.600000
21410.000000 0.510000
21420.000000 0.415000
21430.000000 0.315000
21440.000000 0.225000
21450.000000 0.155000
21460.000000 0.110000
21470.000000 0.072000
21480.000000 0.050000
21490.000000 0.032000
21500.000000 0.023000
21510.000000 0.014000
21520.000000 0.010000
21530.000000 0.007000
21540.000000 0.004000
21550.000000 0.003000
21560.000000 0.002000
21570.000000 0.001000
21580.000000 0.000000
