22624.434389 0.000000
22634.676324 0.002000
22644.927536 0.003000
22655.188038 0.002000
22665.457842 0.001000
22675.736961 0.003000
22686.025408 0.003000
22696.323196 0.004000
22706.630336 0.006000
22716.946842 0.004000
22727.272727 0.008000
22737.608004 0.011000
22747.952684 0.014000
22758.306782 0.019000
22768.670310 0.023000
22779.043280 0.036000
22789.425706 0.051000
22799.817601 0.073000
22810.218978 0.106000
22820.629849 0.149000
22831.050228 0.211000
22841.480128 0.286000
22851.919561 0.363000
22862.368541 0.457000
22872.827081 0.564000
22883.295195 0.643000
22893.772894 0.712000
22904.260192 0.764000
22914.757104 0.785000
22925.263641 0.808000
22935.779817 0.813000
22946.305645 0.824000
22956.841139 0.831000
22967.386311 0.835000
22977.941176 0.839000
22988.505747 0.838000
22999.080037 0.829000
23009.664059 0.819000
23020.257827 0.805000
23030.861354 0.783000
23041.474654 0.745000
23052.097741 0.697000
23062.730627 0.629000
23073.373327 0.543000
23084.025854 0.447000
23094.688222 0.351000
23105.360444 0.259000
23116.042534 0.178000
23126.734505 0.115000
23137.436372 0.082000
23148.148148 0.052000
23158.869847 0.038000
23169.601483 0.027000
23180.343069 0.020000
23191.094620 0.012000
23201.856148 0.010000
23212.627669 0.009000
23223.409196 0.007000
23234.200743 0.006000
23245.002325 0.005000
23255.813953 0.005000
23266.635644 0.004000
23277.467412 0.000000
