15092.0 0.0191800000
15094.0 0.0204600000
15096.0 0.0258500000
15098.0 0.0259200000
15100.0 0.0259600000
15102.0 0.0274000000
15104.0 0.0248300000
15106.0 0.0288400000
15108.0 0.0288100000
15110.0 0.0260800000
15112.0 0.0301100000
15114.0 0.0260800000
15116.0 0.0275100000
15118.0 0.0274200000
15120.0 0.0260600000
15122.0 0.0342100000
15124.0 0.0354300000
15126.0 0.0380200000
15128.0 0.0325500000
15130.0 0.0229300000
15132.0 0.0253600000
15134.0 0.0293600000
15136.0 0.0293100000
15138.0 0.0307200000
15140.0 0.0269900000
15142.0 0.0243200000
15144.0 0.0314000000
15146.0 0.0327300000
15148.0 0.0326800000
15150.0 0.0329900000
15152.0 0.0329000000
15154.0 0.0343500000
15156.0 0.0344100000
15158.0 0.0302300000
15160.0 0.0260600000
15162.0 0.0326800000
15164.0 0.0327600000
15166.0 0.0355100000
15168.0 0.0356100000
15170.0 0.0303500000
15172.0 0.0356400000
15174.0 0.0394900000
15176.0 0.0393500000
15178.0 0.0405100000
15180.0 0.0349700000
15182.0 0.0322300000
15184.0 0.0308400000
15186.0 0.0294000000
15188.0 0.0296300000
15190.0 0.0284700000
15192.0 0.0326500000
15194.0 0.0314800000
15196.0 0.0341600000
15198.0 0.0329400000
15200.0 0.0247500000
15202.0 0.0277300000
15204.0 0.0291600000
15206.0 0.0374100000
15208.0 0.0486300000
15210.0 0.0512800000
15212.0 0.0498200000
15214.0 0.0495500000
15216.0 0.0478100000
15218.0 0.0436100000
15220.0 0.0449400000
15222.0 0.0448200000
15224.0 0.0422200000
15226.0 0.0490400000
15228.0 0.0515700000
15230.0 0.0489800000
15232.0 0.0529000000
15234.0 0.0460200000
15236.0 0.0447400000
15238.0 0.0459900000
15240.0 0.0477800000
15242.0 0.0534500000
15244.0 0.0564400000
15246.0 0.0579800000
15248.0 0.0563400000
15250.0 0.0562000000
15252.0 0.0588100000
15254.0 0.0615100000
15256.0 0.0643000000
15258.0 0.0695200000
15260.0 0.0694900000
15262.0 0.0681000000
15264.0 0.0692600000
15266.0 0.0651100000
15268.0 0.0679800000
15270.0 0.0719800000
15272.0 0.0749500000
15274.0 0.0777900000
15276.0 0.0819500000
15278.0 0.0823200000
15280.0 0.0866400000
15282.0 0.0921300000
15284.0 0.0894500000
15286.0 0.0947600000
15288.0 0.0943000000
15290.0 0.0955800000
15292.0 0.0993500000
15294.0 0.1042300000
15296.0 0.1111000000
15298.0 0.1111500000
15300.0 0.1152500000
15302.0 0.1145600000
15304.0 0.1110800000
15306.0 0.1154900000
15308.0 0.1156800000
15310.0 0.1227400000
15312.0 0.1271400000
15314.0 0.1285600000
15316.0 0.1301700000
15318.0 0.1321700000
15320.0 0.1356800000
15322.0 0.1422400000
15324.0 0.1472500000
15326.0 0.1500900000
15328.0 0.1551100000
15330.0 0.1558500000
15332.0 0.1575800000
15334.0 0.1573500000
15336.0 0.1646900000
15338.0 0.1722100000
15340.0 0.1804500000
15342.0 0.1917100000
15344.0 0.1930400000
15346.0 0.2022900000
15348.0 0.2106000000
15350.0 0.2087900000
15352.0 0.2171200000
15354.0 0.2151200000
15356.0 0.2167800000
15358.0 0.2282100000
15360.0 0.2386000000
15362.0 0.2450600000
15364.0 0.2496000000
15366.0 0.2504900000
15368.0 0.2491300000
15370.0 0.2579800000
15372.0 0.2638100000
15374.0 0.2757900000
15376.0 0.2837500000
15378.0 0.2908900000
15380.0 0.2995300000
15382.0 0.3069600000
15384.0 0.3121500000
15386.0 0.3251300000
15388.0 0.3340000000
15390.0 0.3405300000
15392.0 0.3505900000
15394.0 0.3554200000
15396.0 0.3668700000
15398.0 0.3793800000
15400.0 0.3887900000
15402.0 0.3986100000
15404.0 0.4074200000
15406.0 0.4124300000
15408.0 0.4182000000
15410.0 0.4256400000
15412.0 0.4335000000
15414.0 0.4391900000
15416.0 0.4503600000
15418.0 0.4610000000
15420.0 0.4710400000
15422.0 0.4851500000
15424.0 0.4985400000
15426.0 0.5113100000
15428.0 0.5184500000
15430.0 0.5271500000
15432.0 0.5383500000
15434.0 0.5441600000
15436.0 0.5557900000
15438.0 0.5677000000
15440.0 0.5728600000
15442.0 0.5771800000
15444.0 0.5838200000
15446.0 0.5890500000
15448.0 0.5998500000
15450.0 0.6130400000
15452.0 0.6211500000
15454.0 0.6292700000
15456.0 0.6361500000
15458.0 0.6397100000
15460.0 0.6455800000
15462.0 0.6581600000
15464.0 0.6686700000
15466.0 0.6780700000
15468.0 0.6912200000
15470.0 0.7004500000
15472.0 0.7069200000
15474.0 0.7206700000
15476.0 0.7271100000
15478.0 0.7351500000
15480.0 0.7419000000
15482.0 0.7468900000
15484.0 0.7529800000
15486.0 0.7557400000
15488.0 0.7602200000
15490.0 0.7673300000
15492.0 0.7764700000
15494.0 0.7795300000
15496.0 0.7867900000
15498.0 0.7849700000
15500.0 0.7825200000
15502.0 0.7843000000
15504.0 0.7883800000
15506.0 0.7935800000
15508.0 0.8022200000
15510.0 0.8055700000
15512.0 0.8028300000
15514.0 0.8037400000
15516.0 0.8081500000
15518.0 0.8184200000
15520.0 0.8249200000
15522.0 0.8267100000
15524.0 0.8266000000
15526.0 0.8251000000
15528.0 0.8238700000
15530.0 0.8286300000
15532.0 0.8332700000
15534.0 0.8317900000
15536.0 0.8394200000
15538.0 0.8388200000
15540.0 0.8358200000
15542.0 0.8407100000
15544.0 0.8432500000
15546.0 0.8519100000
15548.0 0.8612500000
15550.0 0.8704800000
15552.0 0.8718400000
15554.0 0.8766900000
15556.0 0.8823200000
15558.0 0.8765700000
15560.0 0.8772300000
15562.0 0.8728900000
15564.0 0.8672200000
15566.0 0.8691300000
15568.0 0.8716100000
15570.0 0.8748800000
15572.0 0.8745000000
15574.0 0.8771400000
15576.0 0.8799400000
15578.0 0.8796500000
15580.0 0.8762700000
15582.0 0.8737200000
15584.0 0.8723000000
15586.0 0.8707700000
15588.0 0.8775600000
15590.0 0.8734900000
15592.0 0.8715400000
15594.0 0.8709000000
15596.0 0.8692300000
15598.0 0.8735500000
15600.0 0.8754400000
15602.0 0.8811000000
15604.0 0.8797100000
15606.0 0.8843700000
15608.0 0.8934600000
15610.0 0.8984500000
15612.0 0.9074700000
15614.0 0.9195600000
15616.0 0.9175100000
15618.0 0.9129200000
15620.0 0.9134700000
15622.0 0.9033500000
15624.0 0.9057200000
15626.0 0.9078100000
15628.0 0.9020700000
15630.0 0.9003800000
15632.0 0.8938000000
15634.0 0.8916200000
15636.0 0.8909100000
15638.0 0.8889500000
15640.0 0.8880800000
15642.0 0.8859400000
15644.0 0.8892500000
15646.0 0.8913600000
15648.0 0.8922000000
15650.0 0.8908100000
15652.0 0.8919100000
15654.0 0.8943500000
15656.0 0.8970000000
15658.0 0.9034400000
15660.0 0.9007900000
15662.0 0.9007700000
15664.0 0.8964700000
15666.0 0.8987100000
15668.0 0.8956900000
15670.0 0.8898600000
15672.0 0.8905200000
15674.0 0.8846900000
15676.0 0.8851800000
15678.0 0.8897400000
15680.0 0.8900000000
15682.0 0.8950700000
15684.0 0.8971600000
15686.0 0.9016700000
15688.0 0.9048300000
15690.0 0.9039000000
15692.0 0.9111800000
15694.0 0.9129300000
15696.0 0.9176200000
15698.0 0.9210700000
15700.0 0.9217700000
15702.0 0.9158200000
15704.0 0.9110700000
15706.0 0.9037600000
15708.0 0.9016600000
15710.0 0.8983900000
15712.0 0.8941200000
15714.0 0.8966200000
15716.0 0.8861700000
15718.0 0.8929900000
15720.0 0.8904300000
15722.0 0.8891900000
15724.0 0.8904600000
15726.0 0.8905200000
15728.0 0.8913900000
15730.0 0.8887300000
15732.0 0.8959400000
15734.0 0.8918800000
15736.0 0.9008900000
15738.0 0.9019900000
15740.0 0.9033200000
15742.0 0.9005400000
15744.0 0.9020700000
15746.0 0.9089700000
15748.0 0.9119600000
15750.0 0.9152700000
15752.0 0.9143400000
15754.0 0.9110900000
15756.0 0.9102800000
15758.0 0.9148600000
15760.0 0.9097600000
15762.0 0.9148900000
15764.0 0.9103100000
15766.0 0.9121400000
15768.0 0.9209300000
15770.0 0.9174500000
15772.0 0.9251400000
15774.0 0.9243600000
15776.0 0.9212300000
15778.0 0.9229100000
15780.0 0.9129200000
15782.0 0.9060800000
15784.0 0.8966700000
15786.0 0.8899800000
15788.0 0.8925800000
15790.0 0.8901800000
15792.0 0.8910400000
15794.0 0.8936500000
15796.0 0.8851200000
15798.0 0.8946400000
15800.0 0.8987100000
15802.0 0.8988800000
15804.0 0.9056400000
15806.0 0.8975200000
15808.0 0.8945900000
15810.0 0.8900100000
15812.0 0.8904100000
15814.0 0.8930200000
15816.0 0.8929900000
15818.0 0.8929600000
15820.0 0.8902000000
15822.0 0.8861100000
15824.0 0.8784500000
15826.0 0.8807800000
15828.0 0.8824000000
15830.0 0.8820200000
15832.0 0.8880900000
15834.0 0.8914300000
15836.0 0.8853000000
15838.0 0.8870400000
15840.0 0.8893900000
15842.0 0.8795300000
15844.0 0.8805800000
15846.0 0.8818700000
15848.0 0.8816200000
15850.0 0.8867600000
15852.0 0.8890400000
15854.0 0.8835000000
15856.0 0.8873900000
15858.0 0.8829000000
15860.0 0.8905200000
15862.0 0.8923200000
15864.0 0.8914600000
15866.0 0.8986500000
15868.0 0.8922400000
15870.0 0.9023300000
15872.0 0.9008600000
15874.0 0.8994300000
15876.0 0.8991200000
15878.0 0.8902600000
15880.0 0.8854100000
15882.0 0.8850100000
15884.0 0.8848300000
15886.0 0.8883500000
15888.0 0.8894000000
15890.0 0.8881800000
15892.0 0.8824800000
15894.0 0.8769700000
15896.0 0.8797300000
15898.0 0.8772300000
15900.0 0.8813600000
15902.0 0.8855100000
15904.0 0.8835400000
15906.0 0.8841400000
15908.0 0.8868600000
15910.0 0.8826100000
15912.0 0.8836400000
15914.0 0.8875700000
15916.0 0.8917400000
15918.0 0.8969100000
15920.0 0.9001800000
15922.0 0.8994100000
15924.0 0.8965600000
15926.0 0.8971300000
15928.0 0.8936000000
15930.0 0.8891300000
15932.0 0.8886400000
15934.0 0.8853800000
15936.0 0.8817300000
15938.0 0.8877700000
15940.0 0.8884900000
15942.0 0.8903400000
15944.0 0.8950700000
15946.0 0.8902000000
15948.0 0.8867200000
15950.0 0.8834400000
15952.0 0.8859400000
15954.0 0.8853900000
15956.0 0.8838300000
15958.0 0.8834500000
15960.0 0.8766600000
15962.0 0.8819900000
15964.0 0.8806000000
15966.0 0.8849500000
15968.0 0.8912500000
15970.0 0.8879500000
15972.0 0.8967000000
15974.0 0.8952800000
15976.0 0.8911300000
15978.0 0.8913300000
15980.0 0.8830100000
15982.0 0.8846000000
15984.0 0.8825500000
15986.0 0.8827400000
15988.0 0.8893300000
15990.0 0.8869500000
15992.0 0.8901800000
15994.0 0.8920000000
15996.0 0.8921500000
15998.0 0.8953600000
16000.0 0.8970300000
16002.0 0.8968200000
16004.0 0.8963300000
16006.0 0.8983600000
16008.0 0.9003100000
16010.0 0.9051100000
16012.0 0.9058500000
16014.0 0.9008600000
16016.0 0.9008000000
16018.0 0.8959200000
16020.0 0.8986800000
16022.0 0.8963900000
16024.0 0.8973500000
16026.0 0.8981500000
16028.0 0.8933600000
16030.0 0.8960600000
16032.0 0.8920900000
16034.0 0.8903800000
16036.0 0.8852400000
16038.0 0.8848900000
16040.0 0.8833300000
16042.0 0.8818100000
16044.0 0.8856800000
16046.0 0.8897100000
16048.0 0.8915300000
16050.0 0.8916600000
16052.0 0.8886100000
16054.0 0.8834100000
16056.0 0.8826300000
16058.0 0.8847700000
16060.0 0.8855600000
16062.0 0.8847700000
16064.0 0.8862600000
16066.0 0.8824200000
16068.0 0.8879200000
16070.0 0.8928700000
16072.0 0.8964400000
16074.0 0.9029400000
16076.0 0.9080500000
16078.0 0.9084500000
16080.0 0.8996900000
16082.0 0.8931000000
16084.0 0.8858900000
16086.0 0.8799700000
16088.0 0.8796400000
16090.0 0.8839900000
16092.0 0.8898900000
16094.0 0.8940600000
16096.0 0.8979300000
16098.0 0.8998000000
16100.0 0.8907500000
16102.0 0.8874800000
16104.0 0.8852800000
16106.0 0.8804200000
16108.0 0.8767400000
16110.0 0.8730900000
16112.0 0.8718400000
16114.0 0.8667100000
16116.0 0.8708200000
16118.0 0.8716100000
16120.0 0.8705400000
16122.0 0.8723100000
16124.0 0.8675200000
16126.0 0.8605500000
16128.0 0.8605000000
16130.0 0.8667400000
16132.0 0.8663800000
16134.0 0.8689600000
16136.0 0.8678300000
16138.0 0.8573500000
16140.0 0.8586100000
16142.0 0.8572800000
16144.0 0.8495500000
16146.0 0.8518700000
16148.0 0.8502300000
16150.0 0.8471700000
16152.0 0.8499800000
16154.0 0.8528600000
16156.0 0.8544800000
16158.0 0.8572500000
16160.0 0.8580800000
16162.0 0.8554700000
16164.0 0.8476600000
16166.0 0.8525800000
16168.0 0.8521100000
16170.0 0.8415100000
16172.0 0.8410800000
16174.0 0.8304000000
16176.0 0.8303500000
16178.0 0.8357500000
16180.0 0.8390200000
16182.0 0.8475300000
16184.0 0.8487700000
16186.0 0.8529200000
16188.0 0.8538200000
16190.0 0.8491800000
16192.0 0.8447900000
16194.0 0.8419600000
16196.0 0.8390500000
16198.0 0.8445400000
16200.0 0.8487400000
16202.0 0.8493200000
16204.0 0.8533900000
16206.0 0.8530900000
16208.0 0.8498400000
16210.0 0.8530700000
16212.0 0.8536800000
16214.0 0.8512900000
16216.0 0.8563100000
16218.0 0.8551500000
16220.0 0.8582900000
16222.0 0.8632000000
16224.0 0.8677700000
16226.0 0.8653900000
16228.0 0.8640100000
16230.0 0.8613900000
16232.0 0.8600600000
16234.0 0.8620500000
16236.0 0.8637800000
16238.0 0.8615300000
16240.0 0.8575100000
16242.0 0.8581200000
16244.0 0.8555500000
16246.0 0.8557700000
16248.0 0.8467700000
16250.0 0.8375900000
16252.0 0.8345800000
16254.0 0.8288000000
16256.0 0.8324400000
16258.0 0.8399400000
16260.0 0.8346400000
16262.0 0.8394000000
16264.0 0.8385000000
16266.0 0.8339800000
16268.0 0.8331300000
16270.0 0.8273300000
16272.0 0.8330800000
16274.0 0.8341500000
16276.0 0.8374300000
16278.0 0.8323400000
16280.0 0.8239600000
16282.0 0.8139300000
16284.0 0.8062000000
16286.0 0.8105000000
16288.0 0.8029200000
16290.0 0.8059200000
16292.0 0.7984900000
16294.0 0.7887600000
16296.0 0.7903100000
16298.0 0.7847000000
16300.0 0.7839700000
16302.0 0.7812500000
16304.0 0.7715600000
16306.0 0.7649100000
16308.0 0.7598900000
16310.0 0.7503100000
16312.0 0.7565000000
16314.0 0.7482800000
16316.0 0.7424300000
16318.0 0.7366800000
16320.0 0.7171200000
16322.0 0.7094400000
16324.0 0.6986400000
16326.0 0.6882900000
16328.0 0.6774600000
16330.0 0.6684600000
16332.0 0.6605500000
16334.0 0.6516700000
16336.0 0.6491900000
16338.0 0.6346300000
16340.0 0.6259500000
16342.0 0.6173100000
16344.0 0.6042800000
16346.0 0.6050300000
16348.0 0.5963300000
16350.0 0.5862700000
16352.0 0.5703900000
16354.0 0.5557900000
16356.0 0.5429200000
16358.0 0.5300000000
16360.0 0.5192600000
16362.0 0.5023000000
16364.0 0.4904300000
16366.0 0.4769400000
16368.0 0.4670100000
16370.0 0.4580700000
16372.0 0.4448900000
16374.0 0.4410200000
16376.0 0.4261200000
16378.0 0.4182700000
16380.0 0.4120300000
16382.0 0.3980400000
16384.0 0.3964200000
16386.0 0.3902000000
16388.0 0.3782300000
16390.0 0.3738900000
16392.0 0.3621200000
16394.0 0.3522600000
16396.0 0.3447400000
16398.0 0.3272900000
16400.0 0.3119200000
16402.0 0.3018600000
16404.0 0.2923000000
16406.0 0.2912600000
16408.0 0.2932700000
16410.0 0.2843800000
16412.0 0.2783200000
16414.0 0.2699100000
16416.0 0.2571400000
16418.0 0.2458600000
16420.0 0.2424000000
16422.0 0.2346500000
16424.0 0.2249800000
16426.0 0.2168400000
16428.0 0.2035200000
16430.0 0.1935900000
16432.0 0.1936500000
16434.0 0.1940800000
16436.0 0.1917900000
16438.0 0.1852900000
16440.0 0.1726500000
16442.0 0.1641200000
16444.0 0.1565900000
16446.0 0.1570000000
16448.0 0.1593500000
16450.0 0.1584500000
16452.0 0.1571800000
16454.0 0.1499900000
16456.0 0.1425900000
16458.0 0.1346700000
16460.0 0.1252600000
16462.0 0.1220900000
16464.0 0.1216700000
16466.0 0.1224200000
16468.0 0.1223300000
16470.0 0.1191900000
16472.0 0.1184700000
16474.0 0.1080200000
16476.0 0.1051200000
16478.0 0.1053200000
16480.0 0.0949200000
16482.0 0.1026500000
16484.0 0.0944100000
16486.0 0.0905200000
16488.0 0.0961900000
16490.0 0.0870400000
16492.0 0.0942500000
16494.0 0.0894900000
16496.0 0.0895200000
16498.0 0.0897800000
16500.0 0.0878400000
16502.0 0.0914000000
16504.0 0.0859400000
16506.0 0.0860900000
16508.0 0.0806400000
16510.0 0.0786600000
16512.0 0.0676300000
16514.0 0.0650600000
16516.0 0.0630800000
16518.0 0.0609300000
16520.0 0.0647000000
16522.0 0.0560000000
16524.0 0.0600000000
16526.0 0.0580300000
16528.0 0.0593600000
16530.0 0.0610200000
16532.0 0.0550700000
16534.0 0.0538300000
16536.0 0.0562100000
16538.0 0.0601000000
16540.0 0.0586900000
16542.0 0.0601300000
16544.0 0.0598100000
16546.0 0.0582700000
16548.0 0.0620100000
16550.0 0.0550800000
16552.0 0.0516800000
16554.0 0.0477900000
16556.0 0.0457200000
16558.0 0.0569900000
16560.0 0.0534100000
16562.0 0.0553300000
16564.0 0.0556600000
16566.0 0.0443100000
16568.0 0.0444600000
16570.0 0.0426000000
16572.0 0.0408500000
16574.0 0.0464900000
16576.0 0.0485400000
16578.0 0.0486000000
16580.0 0.0450100000
16582.0 0.0358400000
16584.0 0.0319800000
16586.0 0.0359200000
16588.0 0.0357100000
16590.0 0.0396900000
16592.0 0.0452400000
16594.0 0.0395500000
16596.0 0.0396300000
16598.0 0.0489500000
16600.0 0.0526900000
16602.0 0.0488300000
16604.0 0.0488300000
16606.0 0.0356000000
16608.0 0.0280800000
16610.0 0.0374800000
16612.0 0.0338000000
16614.0 0.0390300000
16616.0 0.0390000000
16618.0 0.0405700000
16620.0 0.0441600000
16622.0 0.0440400000
16624.0 0.0366200000
16626.0 0.0292400000
16628.0 0.0332600000
16630.0 0.0374500000
16632.0 0.0375400000
16634.0 0.0454600000
16636.0 0.0416700000
16638.0 0.0420200000
16640.0 0.0497000000
16642.0 0.0464000000
16644.0 0.0447700000
16646.0 0.0333300000
16648.0 0.0334000000
16650.0 0.0253600000
16652.0 0.0311300000
16654.0 0.0330500000
16656.0 0.0331400000
16658.0 0.0388800000
16660.0 0.0252700000
16662.0 0.0291900000
16664.0 0.0251300000
16666.0 0.0233900000
16668.0 0.0347700000
16670.0 0.0346200000
16672.0 0.0346100000
16674.0 0.0344400000
16676.0 0.0328700000
16678.0 0.0271300000
16680.0 0.0310800000
