       6400.2758    0.0137758
       6402.6113    0.0164760
       6404.9468    0.0196313
       6407.2822    0.0238242
       6409.6177    0.0291919
       6411.9532    0.0360994
       6414.2887    0.0451663
       6416.6241    0.0572473
       6418.9596    0.0731482
       6421.2951    0.0944246
       6423.6306     0.122924
       6425.9660     0.160365
       6428.3015     0.209788
       6430.6370     0.272454
       6432.9725     0.348191
       6435.3080     0.434734
       6437.6434     0.525340
       6439.9789     0.610634
       6442.3144     0.681538
       6444.6499     0.731548
       6446.9853     0.760704
       6449.3208     0.775364
       6451.6563     0.780363
       6453.9918     0.779218
       6456.3272     0.776800
       6458.6627     0.772770
       6460.9982     0.768414
       6463.3337     0.763617
       6465.6691     0.759436
       6468.0046     0.754565
       6470.3401     0.750922
       6472.6756     0.747113
       6475.0110     0.741687
       6477.3465     0.736835
       6479.6820     0.732677
       6482.0175     0.727049
       6484.3529     0.722025
       6486.6884     0.717006
       6489.0239     0.714158
       6491.3594     0.709913
       6493.6948     0.705191
       6496.0303     0.697153
       6498.3658     0.682479
       6500.7013     0.656834
       6503.0367     0.617390
       6505.3722     0.563768
       6507.7077     0.497034
       6510.0432     0.425855
       6512.3786     0.353592
       6514.7141     0.288168
       6517.0496     0.230610
       6519.3851     0.183137
       6521.7206     0.144540
       6524.0560     0.114855
       6526.3915    0.0917559
       6528.7270    0.0736162
       6531.0625    0.0597802
       6533.3979    0.0490769
       6535.7334    0.0405846
       6538.0689    0.0338532
       6540.4044    0.0286647
       6542.7398    0.0244543
       6545.0753    0.0211350
       6547.4108    0.0183277
       6549.7463    0.0159904
