       6801.5810   0.00304149
       6803.9156   0.00320101
       6806.2501   0.00335457
       6808.5846   0.00355794
       6810.9192   0.00380333
       6813.2537   0.00408358
       6815.5883   0.00433961
       6817.9228   0.00476754
       6820.2574   0.00515495
       6822.5919   0.00566978
       6824.9265   0.00628173
       6827.2610   0.00702147
       6829.5956   0.00788754
       6831.9301   0.00884727
       6834.2646   0.00994356
       6836.5992    0.0113806
       6838.9337    0.0129174
       6841.2683    0.0150578
       6843.6028    0.0174987
       6845.9374    0.0207104
       6848.2719    0.0246961
       6850.6065    0.0298673
       6852.9410    0.0362135
       6855.2756    0.0446616
       6857.6101    0.0557853
       6859.9446    0.0697111
       6862.2792    0.0883015
       6864.6137     0.112188
       6866.9483     0.142977
       6869.2828     0.182477
       6871.6174     0.231160
       6873.9519     0.288830
       6876.2865     0.354552
       6878.6210     0.423216
       6880.9556     0.489902
       6883.2901     0.548379
       6885.6246     0.594689
       6887.9592     0.628092
       6890.2937     0.650807
       6892.6283     0.665154
       6894.9628     0.672841
       6897.2974     0.678102
       6899.6319     0.682000
       6901.9665     0.684297
       6904.3010     0.687979
       6906.6356     0.690922
       6908.9701     0.694469
       6911.3047     0.696817
       6913.6392     0.700078
       6915.9737     0.700954
       6918.3083     0.701095
       6920.6428     0.700665
       6922.9774     0.699554
       6925.3119     0.698636
       6927.6465     0.698347
       6929.9810     0.698285
       6932.3156     0.701454
       6934.6501     0.704635
       6936.9847     0.705441
       6939.3192     0.703762
       6941.6537     0.695526
       6943.9883     0.676618
       6946.3228     0.643748
       6948.6574     0.594210
       6950.9919     0.529888
       6953.3265     0.455907
       6955.6610     0.379814
       6957.9956     0.309042
       6960.3301     0.246781
       6962.6647     0.195063
       6964.9992     0.153691
       6967.3337     0.121054
       6969.6683    0.0959928
       6972.0028    0.0766488
       6974.3374    0.0616739
       6976.6719    0.0505658
       6979.0065    0.0415944
       6981.3410    0.0345721
       6983.6756    0.0291363
       6986.0101    0.0247099
       6988.3447    0.0212512
       6990.6792    0.0184419
       6993.0137    0.0162404
       6995.3483    0.0143818
       6997.6828    0.0127732
       7000.0174    0.0115048
       7002.3519    0.0103811
       7004.6865   0.00952932
       7007.0210   0.00867011
       7009.3556   0.00801806
       7011.6901   0.00742758
       7014.0247   0.00690625
       7016.3592   0.00640556
       7018.6937   0.00602134
       7021.0283   0.00560532
       7023.3628   0.00523064
       7025.6974   0.00492007
       7028.0319   0.00462683
       7030.3665   0.00441810
       7032.7010   0.00418564
       7035.0356   0.00396409
       7037.3701   0.00377065
       7039.7047   0.00369005
       7042.0392   0.00355219
       7044.3738   0.00332822
       7046.7083   0.00322752
       7049.0428   0.00311741
