       4151.2398   0.00153043
       4153.5508   0.00223722
       4155.8618   0.00205228
       4158.1728   0.00174740
       4160.4838   0.00187299
       4162.7948   0.00225317
       4165.1058   0.00222372
       4167.4168   0.00262494
       4169.7278   0.00227514
       4172.0388   0.00187730
       4174.3497   0.00291446
       4176.6607   0.00274056
       4178.9717   0.00272262
       4181.2827   0.00359862
       4183.5937   0.00339379
       4185.9047   0.00440572
       4188.2157   0.00545060
       4190.5267   0.00512865
       4192.8377   0.00634232
       4195.1487   0.00756021
       4197.4597   0.00812505
       4199.7707   0.00964126
       4202.0817    0.0115567
       4204.3926    0.0136502
       4206.7036    0.0170433
       4209.0146    0.0210741
       4211.3256    0.0261375
       4213.6366    0.0332858
       4215.9476    0.0428601
       4218.2586    0.0551391
       4220.5696    0.0727810
       4222.8806    0.0949786
       4225.1916     0.123147
       4227.5026     0.162438
       4229.8136     0.208190
       4232.1246     0.259359
       4234.4355     0.313389
       4236.7465     0.363440
       4239.0575     0.408609
       4241.3685     0.441350
       4243.6795     0.462364
       4245.9905     0.475732
       4248.3015     0.482137
       4250.6125     0.483283
       4252.9235     0.480924
       4255.2345     0.479126
       4257.5455     0.480363
       4259.8565     0.481375
       4262.1675     0.481886
       4264.4784     0.482765
       4266.7894     0.485249
       4269.1004     0.483387
       4271.4114     0.483747
       4273.7224     0.483806
       4276.0334     0.482357
       4278.3444     0.478074
       4280.6554     0.475180
       4282.9664     0.466169
       4285.2774     0.458868
       4287.5884     0.446967
       4289.8994     0.426575
       4292.2104     0.402235
       4294.5213     0.367203
       4296.8323     0.327155
       4299.1433     0.286232
       4301.4543     0.242230
       4303.7653     0.201352
       4306.0763     0.168170
       4308.3873     0.135845
       4310.6983     0.110199
       4313.0093    0.0885878
       4315.3203    0.0713016
       4317.6313    0.0587103
       4319.9423    0.0481524
       4322.2532    0.0393599
       4324.5642    0.0321633
       4326.8752    0.0273189
       4329.1862    0.0233544
       4331.4972    0.0195279
       4333.8082    0.0161570
       4336.1192    0.0142332
       4338.4302    0.0120705
       4340.7412    0.0109243
       4343.0522   0.00950162
       4345.3632   0.00802471
       4347.6742   0.00731322
       4349.9852   0.00674433
       4352.2961   0.00592314
       4354.6071   0.00522418
       4356.9181   0.00471349
       4359.2291   0.00389589
       4361.5401   0.00420385
       4363.8511   0.00380187
       4366.1621   0.00364361
       4368.4731   0.00311830
       4370.7841   0.00219218
       4373.0951   0.00238371
       4375.4061   0.00266599
       4377.7171   0.00249774
       4380.0281   0.00261843
       4382.3390   0.00204092
       4384.6500   0.00183346
       4386.9610   0.00219631
       4389.2720   0.00201587
       4391.5830   0.00126827
       4393.8940   0.00141740
       4396.2050   0.00150823
       4398.5160   0.00159792
