       4750.2010   0.00221483
       4751.3738   0.00219418
       4752.5467   0.00218284
       4753.7195   0.00230806
       4754.8923   0.00231364
       4756.0651   0.00222701
       4757.2379   0.00233967
       4758.4107   0.00250866
       4759.5835   0.00250328
       4760.7563   0.00255965
       4761.9291   0.00268287
       4763.1019   0.00270427
       4764.2747   0.00281332
       4765.4475   0.00287797
       4766.6203   0.00302682
       4767.7931   0.00310423
       4768.9659   0.00315973
       4770.1387   0.00346131
       4771.3115   0.00343180
       4772.4843   0.00355895
       4773.6571   0.00381666
       4774.8299   0.00408619
       4776.0027   0.00422782
       4777.1755   0.00443633
       4778.3484   0.00459297
       4779.5212   0.00477701
       4780.6940   0.00504149
       4781.8668   0.00545687
       4783.0396   0.00567316
       4784.2124   0.00598484
       4785.3852   0.00645224
       4786.5580   0.00685321
       4787.7308   0.00730043
       4788.9036   0.00777886
       4790.0764   0.00841308
       4791.2492   0.00891448
       4792.4220   0.00964576
       4793.5948    0.0104941
       4794.7676    0.0112660
       4795.9404    0.0122737
       4797.1132    0.0134220
       4798.2860    0.0144878
       4799.4588    0.0158912
       4800.6316    0.0175167
       4801.8044    0.0191674
       4802.9773    0.0214005
       4804.1501    0.0237526
       4805.3229    0.0264300
       4806.4957    0.0295239
       4807.6685    0.0329191
       4808.8413    0.0370873
       4810.0141    0.0416949
       4811.1869    0.0474205
       4812.3597    0.0539910
       4813.5325    0.0616449
       4814.7053    0.0704234
       4815.8781    0.0806646
       4817.0509    0.0924341
       4818.2237     0.106668
       4819.3965     0.123410
       4820.5693     0.142206
       4821.7421     0.163303
       4822.9149     0.187925
       4824.0877     0.215191
       4825.2605     0.244818
       4826.4333     0.277292
       4827.6062     0.311406
       4828.7790     0.345702
       4829.9518     0.380597
       4831.1246     0.415122
       4832.2974     0.445570
       4833.4702     0.472069
       4834.6430     0.494686
       4835.8158     0.512674
       4836.9886     0.524899
       4838.1614     0.530863
       4839.3342     0.531428
       4840.5070     0.529194
       4841.6798     0.522827
       4842.8526     0.515313
       4844.0254     0.505495
       4845.1982     0.495936
       4846.3710     0.485239
       4847.5438     0.473537
       4848.7166     0.462926
       4849.8894     0.452059
       4851.0622     0.439773
       4852.2351     0.426807
       4853.4079     0.412740
       4854.5807     0.396827
       4855.7535     0.380923
       4856.9263     0.365214
       4858.0991     0.348818
       4859.2719     0.332686
       4860.4447     0.316330
       4861.6175     0.300594
       4862.7903     0.283902
       4863.9631     0.266562
       4865.1359     0.249606
       4866.3087     0.232918
       4867.4815     0.216057
       4868.6543     0.201115
       4869.8271     0.185559
       4870.9999     0.171245
       4872.1727     0.158061
       4873.3455     0.145453
       4874.5183     0.133702
       4875.6911     0.122217
       4876.8640     0.112097
       4878.0368     0.102021
       4879.2096    0.0930708
       4880.3824    0.0850686
       4881.5552    0.0777182
       4882.7280    0.0708313
       4883.9008    0.0648394
       4885.0736    0.0595950
       4886.2464    0.0545694
       4887.4192    0.0495920
       4888.5920    0.0454159
       4889.7648    0.0416437
       4890.9376    0.0381140
       4892.1104    0.0347577
       4893.2832    0.0318573
       4894.4560    0.0291849
       4895.6288    0.0268662
       4896.8016    0.0247546
       4897.9744    0.0227619
       4899.1472    0.0209681
       4900.3200    0.0194562
       4901.4928    0.0179187
       4902.6657    0.0164754
       4903.8385    0.0153424
       4905.0113    0.0142791
       4906.1841    0.0131339
       4907.3569    0.0122392
       4908.5297    0.0114211
       4909.7025    0.0105115
       4910.8753   0.00989102
       4912.0481   0.00930609
       4913.2209   0.00870565
       4914.3937   0.00824372
       4915.5665   0.00773911
       4916.7393   0.00723901
       4917.9121   0.00681170
       4919.0849   0.00645077
       4920.2577   0.00606513
       4921.4305   0.00575487
       4922.6033   0.00540730
       4923.7761   0.00510950
       4924.9489   0.00480949
       4926.1217   0.00464727
       4927.2946   0.00449890
       4928.4674   0.00427889
       4929.6402   0.00398923
       4930.8130   0.00377331
       4931.9858   0.00366371
       4933.1586   0.00342665
       4934.3314   0.00335177
       4935.5042   0.00317831
       4936.6770   0.00299440
       4937.8498   0.00291099
       4939.0226   0.00275574
       4940.1954   0.00267305
       4941.3682   0.00260038
       4942.5410   0.00245743
       4943.7138   0.00239691
       4944.8866   0.00227600
       4946.0594   0.00215601
       4947.2322   0.00207858
       4948.4050   0.00201252
       4949.5778   0.00195899
       4950.7506   0.00183373
       4951.9235   0.00172207
       4953.0963   0.00173713
       4954.2691   0.00168998
       4955.4419   0.00159284
       4956.6147   0.00154598
       4957.7875   0.00150905
       4958.9603   0.00150719
       4960.1331   0.00140293
       4961.3059   0.00133180
       4962.4787   0.00132941
       4963.6515   0.00128879
       4964.8243   0.00118864
       4965.9971   0.00123052
       4967.1699   0.00115967
       4968.3427   0.00111762
       4969.5155   0.00115552
       4970.6883   0.00106903
       4971.8611   0.00109725
       4973.0339   0.00106587
       4974.2067   0.00100780
       4975.3795  0.000980424
       4976.5524  0.000964373
       4977.7252  0.000914175
       4978.8980  0.000969124
       4980.0708  0.000935911
       4981.2436  0.000899481
       4982.4164  0.000865422
       4983.5892  0.000855030
       4984.7620  0.000752381
       4985.9348  0.000855234
       4987.1076  0.000838985
       4988.2804  0.000764868
       4989.4532  0.000762937
       4990.6260  0.000787471
       4991.7988  0.000773932
       4992.9716  0.000808534
       4994.1444  0.000717140
       4995.3172  0.000726835
       4996.4900  0.000734002
       4997.6628  0.000716605
       4998.8356  0.000674578
