       5651.2020   0.00110396
       5653.5353   0.00117599
       5655.8686   0.00123027
       5658.2019   0.00120726
       5660.5352   0.00105020
       5662.8685   0.00131293
       5665.2018   0.00138218
       5667.5351   0.00145086
       5669.8684   0.00140986
       5672.2017   0.00158891
       5674.5351   0.00148980
       5676.8684   0.00173212
       5679.2017   0.00154512
       5681.5350   0.00171379
       5683.8683   0.00169907
       5686.2016   0.00194365
       5688.5349   0.00188448
       5690.8682   0.00219645
       5693.2015   0.00211823
       5695.5348   0.00208780
       5697.8681   0.00244667
       5700.2014   0.00264113
       5702.5347   0.00276361
       5704.8680   0.00304918
       5707.2013   0.00324697
       5709.5346   0.00338699
       5711.8679   0.00373827
       5714.2013   0.00415904
       5716.5346   0.00465540
       5718.8679   0.00551313
       5721.2012   0.00635688
       5723.5345   0.00728215
       5725.8678   0.00852928
       5728.2011    0.0100843
       5730.5344    0.0117091
       5732.8677    0.0141604
       5735.2010    0.0172972
       5737.5343    0.0208513
       5739.8676    0.0258718
       5742.2009    0.0324716
       5744.5342    0.0408931
       5746.8675    0.0519989
       5749.2008    0.0662463
       5751.5341    0.0847984
       5753.8674     0.107900
       5756.2008     0.137565
       5758.5341     0.171737
       5760.8674     0.211626
       5763.2007     0.253447
       5765.5340     0.293786
       5767.8673     0.331571
       5770.2006     0.359199
       5772.5339     0.381697
       5774.8672     0.395201
       5777.2005     0.402448
       5779.5338     0.408066
       5781.8671     0.411645
       5784.2004     0.412673
       5786.5337     0.415277
       5788.8670     0.418703
       5791.2003     0.421990
       5793.5336     0.427284
       5795.8669     0.428427
       5798.2003     0.430320
       5800.5336     0.432774
       5802.8669     0.434101
       5805.2002     0.435839
       5807.5335     0.433621
       5809.8668     0.432476
       5812.2001     0.429736
       5814.5334     0.426765
       5816.8667     0.423631
       5819.2000     0.417370
       5821.5333     0.409900
       5823.8666     0.401718
       5826.1999     0.390604
       5828.5332     0.375490
       5830.8665     0.354388
       5833.1998     0.329889
       5835.5331     0.299159
       5837.8664     0.264788
       5840.1998     0.229499
       5842.5331     0.194538
       5844.8664     0.161374
       5847.1997     0.133781
       5849.5330     0.108157
       5851.8663    0.0873985
       5854.1996    0.0711068
       5856.5329    0.0568209
       5858.8662    0.0462634
       5861.1995    0.0376655
       5863.5328    0.0308510
       5865.8661    0.0253786
       5868.1994    0.0210355
       5870.5327    0.0176152
       5872.8660    0.0151471
       5875.1993    0.0128379
       5877.5326    0.0108913
       5879.8659   0.00948093
       5882.1993   0.00794690
       5884.5326   0.00728379
       5886.8659   0.00609853
       5889.1992   0.00539074
       5891.5325   0.00488823
       5893.8658   0.00443290
       5896.1991   0.00399009
       5898.5324   0.00359779
       5900.8657   0.00326547
       5903.1990   0.00286273
       5905.5323   0.00274232
       5907.8656   0.00264572
       5910.1989   0.00229158
       5912.5322   0.00219440
       5914.8655   0.00200726
       5917.1988   0.00183160
       5919.5321   0.00171841
       5921.8654   0.00161849
       5924.1988   0.00141714
       5926.5321   0.00145047
       5928.8654   0.00145893
       5931.1987   0.00122486
       5933.5320   0.00125645
       5935.8653   0.00118495
       5938.1986   0.00114934
       5940.5319  0.000996835
       5942.8652   0.00104745
       5945.1985   0.00104147
       5947.5318  0.000932813
       5949.8651  0.000841308
