       6201.7604   0.00338122
       6204.0959   0.00359119
       6206.4313   0.00384371
       6208.7668   0.00407399
       6211.1023   0.00437472
       6213.4378   0.00463176
       6215.7732   0.00490747
       6218.1087   0.00536487
       6220.4442   0.00579224
       6222.7797   0.00633066
       6225.1151   0.00684763
       6227.4506   0.00752104
       6229.7861   0.00825208
       6232.1216   0.00909283
       6234.4570    0.0100333
       6236.7925    0.0112741
       6239.1280    0.0125670
       6241.4635    0.0141914
       6243.7989    0.0160675
       6246.1344    0.0182878
       6248.4699    0.0208087
       6250.8054    0.0239300
       6253.1408    0.0276486
       6255.4763    0.0322020
       6257.8118    0.0374206
       6260.1473    0.0440157
       6262.4828    0.0522241
       6264.8182    0.0620463
       6267.1537    0.0747311
       6269.4892    0.0899215
       6271.8247     0.108219
       6274.1601     0.130761
       6276.4956     0.157647
       6278.8311     0.188837
       6281.1666     0.223765
       6283.5020     0.261494
       6285.8375     0.300009
       6288.1730     0.338337
       6290.5085     0.372409
       6292.8439     0.398521
       6295.1794     0.416935
       6297.5149     0.429027
       6299.8504     0.436905
       6302.1858     0.441212
       6304.5213     0.443306
       6306.8568     0.445155
       6309.1923     0.447009
       6311.5277     0.449835
       6313.8632     0.455757
       6316.1987     0.462603
       6318.5342     0.470969
       6320.8696     0.479465
       6323.2051     0.484468
       6325.5406     0.485132
       6327.8761     0.477012
       6330.2115     0.458352
       6332.5470     0.427654
       6334.8825     0.387233
       6337.2180     0.341140
       6339.5534     0.293830
       6341.8889     0.248693
       6344.2244     0.208281
       6346.5599     0.173446
       6348.8954     0.144396
       6351.2308     0.120430
       6353.5663     0.100647
       6355.9018    0.0849093
       6358.2373    0.0720584
       6360.5727    0.0617815
       6362.9082    0.0530587
       6365.2437    0.0460659
       6367.5792    0.0398667
       6369.9146    0.0348006
       6372.2501    0.0302231
       6374.5856    0.0264160
       6376.9211    0.0229787
       6379.2565    0.0202679
       6381.5920    0.0179672
       6383.9275    0.0158876
       6386.2630    0.0143607
       6388.5984    0.0129255
       6390.9339    0.0116061
       6393.2694    0.0104922
       6395.6049   0.00952041
       6397.9403   0.00854239
