      3310.00  0.000210220
      3320.00  0.000490289
      3330.00   0.00108792
      3340.00   0.00256029
      3350.00   0.00663355
      3360.00    0.0179453
      3370.00    0.0444153
      3380.00    0.0845833
      3390.00     0.109005
      3400.00    0.0920043
      3410.00    0.0507834
      3420.00    0.0208756
      3430.00   0.00805747
      3440.00   0.00352717
      3450.00   0.00178663
      3460.00   0.00101092
      3470.00  0.000631133
      3480.00  0.000439395
      3490.00  0.000293308
