       6552.0226    0.0125292
       6554.3576    0.0126968
       6556.6927    0.0126439
       6559.0278    0.0128360
       6561.3629    0.0132195
       6563.6979    0.0135340
       6566.0330    0.0139089
       6568.3681    0.0143495
       6570.7032    0.0149495
       6573.0383    0.0156140
       6575.3733    0.0162325
       6577.7084    0.0171093
       6580.0435    0.0180543
       6582.3786    0.0191048
       6584.7137    0.0206576
       6587.0487    0.0223264
       6589.3838    0.0242022
       6591.7189    0.0267205
       6594.0540    0.0296867
       6596.3890    0.0333544
       6598.7241    0.0378950
       6601.0592    0.0431354
       6603.3943    0.0495877
       6605.7294    0.0576804
       6608.0644    0.0674658
       6610.3995    0.0798011
       6612.7346    0.0949722
       6615.0697     0.113112
       6617.4047     0.134839
       6619.7398     0.159889
       6622.0749     0.188772
       6624.4100     0.220862
       6626.7451     0.253854
       6629.0801     0.288617
       6631.4152     0.322359
       6633.7503     0.352550
       6636.0854     0.379525
       6638.4205     0.401679
       6640.7555     0.420337
       6643.0906     0.435541
       6645.4257     0.448747
       6647.7608     0.458849
       6650.0958     0.468009
       6652.4309     0.478218
       6654.7660     0.488154
       6657.1011     0.497523
       6659.4362     0.507254
       6661.7712     0.517543
       6664.1063     0.528409
       6666.4414     0.538711
       6668.7765     0.549558
       6671.1115     0.560108
       6673.4466     0.567792
       6675.7817     0.575048
       6678.1168     0.579746
       6680.4519     0.585008
       6682.7869     0.586203
       6685.1220     0.586078
       6687.4571     0.584331
       6689.7922     0.579689
       6692.1273     0.574356
       6694.4623     0.569234
       6696.7974     0.561932
       6699.1325     0.556078
       6701.4676     0.549437
       6703.8026     0.543551
       6706.1377     0.538866
       6708.4728     0.534213
       6710.8079     0.531321
       6713.1430     0.528616
       6715.4780     0.528487
       6717.8131     0.528162
       6720.1482     0.529236
       6722.4833     0.530707
       6724.8183     0.529781
       6727.1534     0.530675
       6729.4885     0.527854
       6731.8236     0.522013
       6734.1587     0.512504
       6736.4937     0.496479
       6738.8288     0.475606
       6741.1639     0.448296
       6743.4990     0.415496
       6745.8341     0.379546
       6748.1691     0.340987
       6750.5042     0.302667
       6752.8393     0.265812
       6755.1744     0.231559
       6757.5094     0.200572
       6759.8445     0.172794
       6762.1796     0.149344
       6764.5147     0.128632
       6766.8498     0.111480
       6769.1848    0.0967445
       6771.5199    0.0845338
       6773.8550    0.0740704
       6776.1901    0.0654496
       6778.5251    0.0580131
       6780.8602    0.0518247
       6783.1953    0.0465681
       6785.5304    0.0418555
       6787.8655    0.0377185
       6790.2005    0.0343549
       6792.5356    0.0314149
       6794.8707    0.0286485
       6797.2058    0.0262845
       6799.5408    0.0244295
       6801.8759    0.0229353
       6804.2110    0.0213241
       6806.5461    0.0201056
       6808.8812    0.0189648
       6811.2162    0.0178380
       6813.5513    0.0170859
       6815.8864    0.0162402
       6818.2215    0.0154098
       6820.5566    0.0147141
       6822.8916    0.0141262
       6825.2267    0.0136051
       6827.5618    0.0129795
       6829.8969    0.0124617
       6832.2319    0.0120401
       6834.5670    0.0116243
       6836.9021    0.0112640
       6839.2372    0.0108568
       6841.5723    0.0105580
       6843.9073    0.0103604
       6846.2424    0.0101228
       6848.5775   0.00999212
