       7551.3629   0.00811599
       7553.6976   0.00909791
       7556.0323    0.0106176
       7558.3670    0.0121615
       7560.7017    0.0138061
       7563.0363    0.0161533
       7565.3710    0.0191459
       7567.7057    0.0230328
       7570.0404    0.0280134
       7572.3751    0.0346054
       7574.7098    0.0431376
       7577.0445    0.0543703
       7579.3792    0.0692526
       7581.7138    0.0888188
       7584.0485     0.114471
       7586.3832     0.148605
       7588.7179     0.192143
       7591.0526     0.248110
       7593.3873     0.315227
       7595.7220     0.392483
       7598.0567     0.474532
       7600.3914     0.551827
       7602.7260     0.618636
       7605.0607     0.670018
       7607.3954     0.702728
       7609.7301     0.722715
       7612.0648     0.735124
       7614.3995     0.742006
       7616.7342     0.746091
       7619.0689     0.752522
       7621.4036     0.757243
       7623.7382     0.761506
       7626.0729     0.767774
       7628.4076     0.771415
       7630.7423     0.773616
       7633.0770     0.776085
       7635.4117     0.775430
       7637.7464     0.772494
       7640.0811     0.768301
       7642.4157     0.763976
       7644.7504     0.761449
       7647.0851     0.756038
       7649.4198     0.754254
       7651.7545     0.752190
       7654.0892     0.747081
       7656.4239     0.737510
       7658.7586     0.722389
       7661.0933     0.695490
       7663.4279     0.654057
       7665.7626     0.597198
       7668.0973     0.526463
       7670.4320     0.449311
       7672.7667     0.372517
       7675.1014     0.301514
       7677.4361     0.239883
       7679.7708     0.189538
       7682.1055     0.147890
       7684.4401     0.117058
       7686.7748    0.0923499
       7689.1095    0.0741538
       7691.4442    0.0602621
       7693.7789    0.0491247
       7696.1136    0.0410007
       7698.4483    0.0343691
       7700.7830    0.0293039
       7703.1176    0.0249313
       7705.4523    0.0217540
       7707.7870    0.0193255
       7710.1217    0.0168848
       7712.4564    0.0148680
       7714.7911    0.0135908
       7717.1258    0.0122466
       7719.4605    0.0110388
       7721.7952   0.00996312
       7724.1298   0.00919557
       7726.4645   0.00837875
       7728.7992   0.00782193
       7731.1339   0.00748037
       7733.4686   0.00707356
       7735.8033   0.00681016
       7738.1380   0.00639373
       7740.4727   0.00617825
       7742.8073   0.00594091
       7745.1420   0.00553071
       7747.4767   0.00529113
       7749.8114   0.00493159
