       5900.4840   0.00633100
       5902.8195   0.00636707
       5905.1550   0.00661869
       5907.4904   0.00670918
       5909.8259   0.00684765
       5912.1614   0.00707167
       5914.4969   0.00736919
       5916.8324   0.00741969
       5919.1678   0.00773959
       5921.5033   0.00793109
       5923.8388   0.00813188
       5926.1743   0.00848333
       5928.5097   0.00868254
       5930.8452   0.00895170
       5933.1807   0.00920506
       5935.5162   0.00965037
       5937.8516   0.00992364
       5940.1871    0.0104009
       5942.5226    0.0106395
       5944.8581    0.0115004
       5947.1935    0.0118466
       5949.5290    0.0117428
       5951.8645    0.0127830
       5954.2000    0.0130618
       5956.5354    0.0137981
       5958.8709    0.0146003
       5961.2064    0.0152243
       5963.5419    0.0159027
       5965.8773    0.0167420
       5968.2128    0.0176181
       5970.5483    0.0185988
       5972.8838    0.0196447
       5975.2192    0.0207130
       5977.5547    0.0221036
       5979.8902    0.0233185
       5982.2257    0.0247614
       5984.5611    0.0261068
       5986.8966    0.0278038
       5989.2321    0.0296357
       5991.5676    0.0316229
       5993.9030    0.0337497
       5996.2385    0.0361224
       5998.5740    0.0385755
       6000.9095    0.0411823
       6003.2450    0.0441442
       6005.5804    0.0473795
       6007.9159    0.0508929
       6010.2514    0.0546860
       6012.5869    0.0590065
       6014.9223    0.0635873
       6017.2578    0.0683190
       6019.5933    0.0738647
       6021.9288    0.0801379
       6024.2642    0.0864573
       6026.5997    0.0936536
       6028.9352     0.101109
       6031.2707     0.109664
       6033.6061     0.118771
       6035.9416     0.128326
       6038.2771     0.139199
       6040.6126     0.151276
       6042.9480     0.163850
       6045.2835     0.177954
       6047.6190     0.193095
       6049.9545     0.208804
       6052.2899     0.225720
       6054.6254     0.244124
       6056.9609     0.263929
       6059.2964     0.284681
       6061.6318     0.307194
       6063.9673     0.329902
       6066.3028     0.353717
       6068.6383     0.378082
       6070.9737     0.403176
       6073.3092     0.427814
       6075.6447     0.453213
       6077.9802     0.478843
       6080.3156     0.504113
       6082.6511     0.528941
       6084.9866     0.552851
       6087.3221     0.575187
       6089.6576     0.597066
       6091.9930     0.615674
       6094.3285     0.634033
       6096.6640     0.648980
       6098.9995     0.661957
       6101.3349     0.673238
       6103.6704     0.683507
       6106.0059     0.693105
       6108.3414     0.702304
       6110.6768     0.708866
       6113.0123     0.716778
       6115.3478     0.721172
       6117.6833     0.726477
       6120.0187     0.729760
       6122.3542     0.731163
       6124.6897     0.732077
       6127.0252     0.733507
       6129.3606     0.733788
       6131.6961     0.736006
       6134.0316     0.738518
       6136.3671     0.739576
       6138.7025     0.742958
       6141.0380     0.744647
       6143.3735     0.745913
       6145.7090     0.745933
       6148.0444     0.746971
       6150.3799     0.748263
       6152.7154     0.750001
       6155.0509     0.752020
       6157.3863     0.755145
       6159.7218     0.757003
       6162.0573     0.758040
       6164.3928     0.759190
       6166.7282     0.759870
       6169.0637     0.761454
       6171.3992     0.764422
       6173.7347     0.765448
       6176.0702     0.766837
       6178.4056     0.768512
       6180.7411     0.768487
       6183.0766     0.768199
       6185.4121     0.770210
       6187.7475     0.771537
       6190.0830     0.772898
       6192.4185     0.772821
       6194.7540     0.772147
       6197.0894     0.771515
       6199.4249     0.770092
       6201.7604     0.769764
       6204.0959     0.769056
       6206.4313     0.769159
       6208.7668     0.768837
       6211.1023     0.768791
       6213.4378     0.767546
       6215.7732     0.764894
       6218.1087     0.763778
       6220.4442     0.762048
       6222.7797     0.761167
       6225.1151     0.759597
       6227.4506     0.758809
       6229.7861     0.758172
       6232.1216     0.756679
       6234.4570     0.754870
       6236.7925     0.753462
       6239.1280     0.750681
       6241.4635     0.749701
       6243.7989     0.747613
       6246.1344     0.747598
       6248.4699     0.747078
       6250.8054     0.746292
       6253.1408     0.745276
       6255.4763     0.743622
       6257.8118     0.742102
       6260.1473     0.739963
       6262.4828     0.738087
       6264.8182     0.735727
       6267.1537     0.733891
       6269.4892     0.732756
       6271.8247     0.730258
       6274.1601     0.727815
       6276.4956     0.725912
       6278.8311     0.724285
       6281.1666     0.722542
       6283.5020     0.720839
       6285.8375     0.718055
       6288.1730     0.715003
       6290.5085     0.711832
       6292.8439     0.707305
       6295.1794     0.702750
       6297.5149     0.698352
       6299.8504     0.693929
       6302.1858     0.691253
       6304.5213     0.688488
       6306.8568     0.684892
       6309.1923     0.682743
       6311.5277     0.679587
       6313.8632     0.676345
       6316.1987     0.671381
       6318.5342     0.666596
       6320.8696     0.662102
       6323.2051     0.657278
       6325.5406     0.652345
       6327.8761     0.648324
       6330.2115     0.644773
       6332.5470     0.641906
       6334.8825     0.639062
       6337.2180     0.635652
       6339.5534     0.631877
       6341.8889     0.630149
       6344.2244     0.628874
       6346.5599     0.626349
       6348.8954     0.623766
       6351.2308     0.620223
       6353.5663     0.615835
       6355.9018     0.613056
       6358.2373     0.609963
       6360.5727     0.608123
       6362.9082     0.607427
       6365.2437     0.607066
       6367.5792     0.607443
       6369.9146     0.607007
       6372.2501     0.607425
       6374.5856     0.607120
       6376.9211     0.605110
       6379.2565     0.603097
       6381.5920     0.601557
       6383.9275     0.599298
       6386.2630     0.597608
       6388.5984     0.597498
       6390.9339     0.597790
       6393.2694     0.598380
       6395.6049     0.598643
       6397.9403     0.598684
       6400.2758     0.597491
       6402.6113     0.596421
       6404.9468     0.592012
       6407.2822     0.588435
       6409.6177     0.584396
       6411.9532     0.578720
       6414.2887     0.573998
       6416.6241     0.569103
       6418.9596     0.563540
       6421.2951     0.557545
       6423.6306     0.551356
       6425.9660     0.544509
       6428.3015     0.536264
       6430.6370     0.527430
       6432.9725     0.517554
       6435.3080     0.505250
       6437.6434     0.493254
       6439.9789     0.479849
       6442.3144     0.466641
       6444.6499     0.452556
       6446.9853     0.438117
       6449.3208     0.423669
       6451.6563     0.409777
       6453.9918     0.395489
       6456.3272     0.381187
       6458.6627     0.365843
       6460.9982     0.349614
       6463.3337     0.334032
       6465.6691     0.318307
       6468.0046     0.303532
       6470.3401     0.289306
       6472.6756     0.275660
       6475.0110     0.262586
       6477.3465     0.249256
       6479.6820     0.236987
       6482.0175     0.224574
       6484.3529     0.212725
       6486.6884     0.200559
       6489.0239     0.189360
       6491.3594     0.178750
       6493.6948     0.168859
       6496.0303     0.160073
       6498.3658     0.151762
       6500.7013     0.143085
       6503.0367     0.135462
       6505.3722     0.127878
       6507.7077     0.120439
       6510.0432     0.113479
       6512.3786     0.106999
       6514.7141     0.101277
       6517.0496    0.0956214
       6519.3851    0.0905066
       6521.7206    0.0853878
       6524.0560    0.0809238
       6526.3915    0.0762468
       6528.7270    0.0721651
       6531.0625    0.0684631
       6533.3979    0.0647004
       6535.7334    0.0611874
       6538.0689    0.0578973
       6540.4044    0.0550483
       6542.7398    0.0522042
       6545.0753    0.0493782
       6547.4108    0.0469839
       6549.7463    0.0443935
       6552.0817    0.0421550
       6554.4172    0.0399812
       6556.7527    0.0379962
       6559.0882    0.0362998
       6561.4236    0.0345991
       6563.7591    0.0328765
       6566.0946    0.0313263
       6568.4301    0.0300465
       6570.7655    0.0285631
       6573.1010    0.0271743
       6575.4365    0.0259176
       6577.7720    0.0246006
       6580.1074    0.0234079
       6582.4429    0.0223408
       6584.7784    0.0215262
       6587.1139    0.0206459
       6589.4493    0.0197663
       6591.7848    0.0189994
       6594.1203    0.0181851
       6596.4558    0.0174180
       6598.7912    0.0166720
       6601.1267    0.0159798
       6603.4622    0.0153105
       6605.7977    0.0146340
       6608.1332    0.0140166
       6610.4686    0.0134707
       6612.8041    0.0129149
       6615.1396    0.0124173
       6617.4751    0.0119309
       6619.8105    0.0114897
       6622.1460    0.0111131
       6624.4815    0.0106851
       6626.8170    0.0103576
       6629.1524    0.0100063
       6631.4879   0.00955310
       6633.8234   0.00917504
       6636.1589   0.00883965
       6638.4943   0.00849321
       6640.8298   0.00823129
       6643.1653   0.00789396
       6645.5008   0.00759628
       6647.8362   0.00747081
       6650.1717   0.00717296
       6652.5072   0.00689329
       6654.8427   0.00669763
       6657.1781   0.00644587
       6659.5136   0.00621316
       6661.8491   0.00598022
       6664.1846   0.00583694
       6666.5200   0.00565994
       6668.8555   0.00545868
       6671.1910   0.00528808
       6673.5265   0.00512644
       6675.8619   0.00493283
       6678.1974   0.00478862
       6680.5329   0.00468918
       6682.8684   0.00455833
       6685.2038   0.00432387
       6687.5393   0.00419084
       6689.8748   0.00405794
       6692.2103   0.00395478
       6694.5458   0.00385692
       6696.8812   0.00378233
       6699.2167   0.00365574
