       7800.7158   0.00734334
       7803.0595   0.00768836
       7805.4032   0.00791963
       7807.7469   0.00817256
       7810.0906   0.00831963
       7812.4343   0.00841609
       7814.7780   0.00856696
       7817.1217   0.00872042
       7819.4654   0.00901550
       7821.8091   0.00936850
       7824.1528   0.00986123
       7826.4965    0.0102399
       7828.8402    0.0107864
       7831.1839    0.0112671
       7833.5276    0.0116903
       7835.8713    0.0121223
       7838.2150    0.0125519
       7840.5587    0.0131395
       7842.9024    0.0135301
       7845.2461    0.0141262
       7847.5898    0.0146592
       7849.9335    0.0153987
       7852.2772    0.0158656
       7854.6209    0.0166877
       7856.9646    0.0172509
       7859.3083    0.0180345
       7861.6520    0.0187725
       7863.9957    0.0197721
       7866.3394    0.0208690
       7868.6831    0.0221749
       7871.0268    0.0238795
       7873.3705    0.0255985
       7875.7142    0.0271796
       7878.0579    0.0285979
       7880.4016    0.0300875
       7882.7453    0.0318401
       7885.0890    0.0337303
       7887.4327    0.0357795
       7889.7764    0.0383989
       7892.1201    0.0412190
       7894.4638    0.0444543
       7896.8075    0.0479932
       7899.1512    0.0517011
       7901.4949    0.0557459
       7903.8386    0.0603976
       7906.1823    0.0653698
       7908.5260    0.0710577
       7910.8697    0.0770968
       7913.2134    0.0842534
       7915.5571    0.0916463
       7917.9008    0.0994965
       7920.2445     0.107693
       7922.5882     0.116907
       7924.9319     0.127614
       7927.2756     0.139794
       7929.6193     0.153448
       7931.9630     0.168136
       7934.3067     0.184723
       7936.6504     0.203172
       7938.9941     0.223669
       7941.3378     0.246463
       7943.6815     0.270649
       7946.0252     0.296795
       7948.3689     0.324789
       7950.7126     0.353513
       7953.0563     0.385071
       7955.4000     0.418413
       7957.7437     0.451738
       7960.0874     0.485898
       7962.4311     0.518776
       7964.7748     0.552258
       7967.1185     0.585092
       7969.4622     0.614864
       7971.8059     0.642838
       7974.1496     0.669527
       7976.4933     0.690337
       7978.8370     0.708362
       7981.1807     0.722590
       7983.5244     0.735664
       7985.8681     0.748173
       7988.2118     0.758863
       7990.5555     0.769023
       7992.8992     0.777559
       7995.2429     0.784847
       7997.5866     0.793061
       7999.9303     0.799110
       8002.2740     0.803846
       8004.6177     0.804971
       8006.9614     0.803054
       8009.3051     0.799421
       8011.6488     0.794144
       8013.9925     0.786673
       8016.3362     0.781378
       8018.6799     0.770831
       8021.0236     0.757189
       8023.3673     0.742251
       8025.7110     0.730120
       8028.0547     0.714489
       8030.3984     0.695165
       8032.7421     0.673544
       8035.0858     0.650128
       8037.4295     0.625527
       8039.7732     0.596789
       8042.1169     0.566764
       8044.4606     0.533403
       8046.8043     0.498861
       8049.1480     0.463926
       8051.4917     0.429650
       8053.8354     0.396765
       8056.1791     0.365592
       8058.5228     0.336761
       8060.8665     0.309727
       8063.2102     0.284599
       8065.5539     0.262743
       8067.8976     0.242362
       8070.2413     0.223485
       8072.5850     0.205536
       8074.9287     0.188801
       8077.2724     0.173660
       8079.6161     0.159869
       8081.9598     0.147140
       8084.3035     0.135602
       8086.6472     0.124779
       8088.9909     0.114878
       8091.3346     0.106502
       8093.6783    0.0985189
       8096.0220    0.0909631
       8098.3657    0.0842395
       8100.7094    0.0776949
       8103.0531    0.0716975
       8105.3968    0.0664130
       8107.7405    0.0617480
       8110.0842    0.0572960
       8112.4279    0.0531237
       8114.7716    0.0495624
       8117.1153    0.0462955
       8119.4590    0.0435453
       8121.8027    0.0409619
       8124.1464    0.0384690
       8126.4901    0.0363182
       8128.8338    0.0342663
       8131.1775    0.0324807
       8133.5212    0.0304908
       8135.8649    0.0287466
       8138.2086    0.0272253
       8140.5523    0.0257121
       8142.8960    0.0243798
       8145.2397    0.0231533
       8147.5834    0.0218970
       8149.9271    0.0208870
       8152.2708    0.0200153
       8154.6145    0.0191209
       8156.9582    0.0184543
       8159.3019    0.0177608
       8161.6456    0.0171478
       8163.9893    0.0164502
       8166.3330    0.0156374
       8168.6767    0.0151786
       8171.0204    0.0145573
       8173.3641    0.0140691
       8175.7078    0.0135461
       8178.0515    0.0131815
       8180.3952    0.0127505
       8182.7389    0.0121941
       8185.0826    0.0116051
       8187.4263    0.0112702
       8189.7700    0.0106645
       8192.1137    0.0102545
       8194.4574   0.00984429
       8196.8011   0.00944810
       8199.1448   0.00917949
