45000.00000 0.0050717993
46000.00000 0.005703999
47000.00000 0.0069272
48000.00000 0.036216263
49000.00000 0.14774999
50000.00000 0.27531898
51000.00000 0.38238174
52000.00000 0.3464981
53000.00000 0.401191
54000.00000 0.42612812
55000.00000 0.40486473
56000.00000 0.4476682
57000.00000 0.41138613
58000.00000 0.39728016
59000.00000 0.3726
60000.00000 0.37783197
61000.00000 0.41951627
62000.00000 0.43504483
63000.00000 0.42913753
64000.00000 0.47024998
65000.00000 0.49103016
66000.00000 0.49133006
67000.00000 0.5240519
68000.00000 0.55354273
69000.00000 0.53195995
70000.00000 0.5252048
71000.00000 0.5443668
72000.00000 0.6164681
73000.00000 0.6026233
74000.00000 0.60230196
75000.00000 0.5686653
76000.00000 0.60833037
77000.00000 0.590633
78000.00000 0.5474689
79000.00000 0.5424262
80000.00000 0.5888679
81000.00000 0.5968419
82000.00000 0.6032015
83000.00000 0.52559626
84000.00000 0.18113115
85000.00000 0.06196992
86000.00000 0.013442509
87000.00000 0.04045835
88000.00000 0.021985801
89000.00000 0.0016966665
90000.00000 0.030817324
91000.00000 0.018567158
92000.00000 0.010307927
93000.00000 0.011182879
94000.00000 0
