154944.65000 2.512143E-6
155299.66670 8.49847E-6
155654.68340 2.7008058E-5
156009.70010 8.063117E-5
156364.71680 2.2613604E-4
156719.73350 5.9578876E-4
157074.75020 0.0014745914
157429.76690 0.003428526
157784.78360 0.00748859
158139.80030 0.015365591
158494.81700 0.029617963
158849.83370 0.053631186
159204.85040 0.09122975
159559.86710 0.1457847
159914.88380 0.21884875
160269.90050 0.3086262
160624.91720 0.40886334
160979.93390 0.5088386
161334.95060 0.5948926
161689.96730 0.65336174
162044.98400 0.6741017
162400.00070 0.65336174
162755.01740 0.5948926
163110.03410 0.5088386
163465.05080 0.40886334
163820.06750 0.3086262
164175.08420 0.21884875
164530.10090 0.1457847
164885.11760 0.09122975
165240.13430 0.053631186
165595.15100 0.029617963
165950.16770 0.015365591
166305.18440 0.00748859
166660.20110 0.003428526
167015.21780 0.0014745914
167370.23450 5.9578876E-4
167725.25120 2.2613604E-4
168080.26790 8.063117E-5
168435.28460 2.7008058E-5
168790.30130 8.49847E-6
169145.31800 2.512143E-6
169500.33470 0
