153078.09000 2.8915813E-6
153431.51406 9.782094E-6
153784.93812 3.1087402E-5
154138.36218 9.280983E-5
154491.78624 2.60292E-4
154845.21030 6.857777E-4
155198.63436 0.0016973161
155552.05842 0.003946376
155905.48248 0.008619678
156258.90654 0.017686436
156612.33060 0.034091506
156965.75466 0.061731726
157319.17872 0.105009235
157672.60278 0.16780427
158026.02684 0.251904
158379.45090 0.35524163
158732.87496 0.47061875
159086.29902 0.58569443
159439.72308 0.6847462
159793.14714 0.7520466
160146.57120 0.7759191
160499.99526 0.7520466
160853.41932 0.6847462
161206.84338 0.58569443
161560.26744 0.47061875
161913.69150 0.35524163
162267.11556 0.251904
162620.53962 0.16780427
162973.96368 0.105009235
163327.38774 0.061731726
163680.81180 0.034091506
164034.23586 0.017686436
164387.65992 0.008619678
164741.08398 0.003946376
165094.50804 0.0016973161
165447.93210 6.857777E-4
165801.35616 2.60292E-4
166154.78022 9.280983E-5
166508.20428 3.1087402E-5
166861.62834 9.782094E-6
167215.05240 2.8915813E-6
167568.47646 0
