142765.37000 3.726653E-6
143109.87628 1.2607106E-5
143454.38256 4.0065264E-5
143798.88884 1.1961277E-4
144143.39512 3.354628E-4
144487.90140 8.838263E-4
144832.40768 0.0021874912
145176.91396 0.005086067
145521.42024 0.011108992
145865.92652 0.022794174
146210.43280 0.043936934
146554.93908 0.07955949
146899.44536 0.1353353
147243.95164 0.21626517
147588.45792 0.32465243
147932.96420 0.45783332
148277.47048 0.60653067
148621.97676 0.7548396
148966.48304 0.8824969
149310.98932 0.9692332
149655.49560 1.0
150000.00188 0.9692332
150344.50816 0.8824969
150689.01444 0.7548396
151033.52072 0.60653067
151378.02700 0.45783332
151722.53328 0.32465243
152067.03956 0.21626517
152411.54584 0.1353353
152756.05212 0.07955949
153100.55840 0.043936934
153445.06468 0.022794174
153789.57096 0.011108992
154134.07724 0.005086067
154478.58352 0.0021874912
154823.08980 8.838263E-4
155167.59608 3.354628E-4
155512.10236 1.1961277E-4
155856.60864 4.0065264E-5
156201.11492 1.2607106E-5
156545.62120 3.726653E-6
156890.12748 0
