21494.20500 1.3881908E-6
21553.05243 4.696189E-6
21611.89987 1.4924443E-5
21670.74730 4.455616E-5
21729.59473 1.24961E-4
21788.44217 3.2922823E-4
21847.28960 8.1484776E-4
21906.13703 0.0018945769
21964.98446 0.0041381363
22023.83190 0.008490907
22082.67933 0.016366655
22141.52676 0.029636176
22200.37420 0.050412845
22259.22163 0.0805595
22318.06906 0.120934114
22376.91650 0.17054445
22435.76393 0.2259347
22494.61136 0.28118026
22553.45879 0.32873303
22612.30623 0.36104262
22671.15366 0.37250334
22730.00109 0.36104262
22788.84853 0.32873303
22847.69596 0.28118026
22906.54339 0.2259347
22965.39082 0.17054445
23024.23826 0.120934114
23083.08569 0.0805595
23141.93312 0.050412845
23200.78056 0.029636176
23259.62799 0.016366655
23318.47542 0.008490907
23377.32286 0.0041381363
23436.17029 0.0018945769
23495.01772 8.1484776E-4
23553.86515 3.2922823E-4
23612.71259 1.24961E-4
23671.56002 4.455616E-5
23730.40745 1.4924443E-5
23789.25489 4.696189E-6
23848.10232 1.3881908E-6
23906.94975 0
