68981.28500 3.815933E-6
69174.08100 1.2909135E-5
69366.87700 4.102511E-5
69559.67300 1.2247835E-4
69752.46900 3.434995E-4
69945.26500 9.0500014E-4
70138.06100 0.002239897
70330.85700 0.005207914
70523.65300 0.01137513
70716.44900 0.023340257
70909.24500 0.044989534
71102.04100 0.081465505
71294.83700 0.13857754
71487.63300 0.22144623
71680.42900 0.33243015
71873.22500 0.46880165
72066.02100 0.6210614
72258.81700 0.7729233
72451.61300 0.9036389
72644.40900 0.9924532
72837.20500 1.023957
73030.00100 0.9924532
73222.79700 0.9036389
73415.59300 0.7729233
73608.38900 0.6210614
73801.18500 0.46880165
73993.98100 0.33243015
74186.77700 0.22144623
74379.57300 0.13857754
74572.36900 0.081465505
74765.16500 0.044989534
74957.96100 0.023340257
75150.75700 0.01137513
75343.55300 0.005207914
75536.34900 0.002239897
75729.14500 9.0500014E-4
75921.94100 3.434995E-4
76114.73700 1.2247835E-4
76307.53300 4.102511E-5
76500.32900 1.2909135E-5
76693.12500 3.815933E-6
76885.92100 0
