37701.88600 3.8482285E-6
37805.12960 1.301839E-5
37908.37320 4.137232E-5
38011.61680 1.2351492E-4
38114.86040 3.4640668E-4
38218.10400 9.1265957E-4
38321.34760 0.0022588542
38424.59120 0.0052519906
38527.83480 0.011471403
38631.07840 0.023537794
38734.32200 0.0453703
38837.56560 0.08215498
38940.80920 0.13975036
39044.05280 0.22332044
39147.29640 0.33524364
39250.54000 0.47276932
39353.78360 0.6263177
39457.02720 0.77946484
39560.27080 0.91128683
39663.51440 1.0008527
39766.75800 1.0326232
39870.00160 1.0008527
39973.24520 0.91128683
40076.48880 0.77946484
40179.73240 0.6263177
40282.97600 0.47276932
40386.21960 0.33524364
40489.46320 0.22332044
40592.70680 0.13975036
40695.95040 0.08215498
40799.19400 0.0453703
40902.43760 0.023537794
41005.68120 0.011471403
41108.92480 0.0052519906
41212.16840 0.0022588542
41315.41200 9.1265957E-4
41418.65560 3.4640668E-4
41521.89920 1.2351492E-4
41625.14280 4.137232E-5
41728.38640 1.301839E-5
41831.63000 3.8482285E-6
41934.87360 0
