90445.17000 2.378993E-6
90678.73346 8.04803E-6
90912.29692 2.5576563E-5
91145.86038 7.6357515E-5
91379.42384 2.1415026E-4
91612.98730 5.642104E-4
91846.55076 0.0013964343
92080.11422 0.0032468054
92313.67768 0.007091676
92547.24114 0.014551176
92780.80460 0.028048133
93014.36806 0.050788593
93247.93152 0.08639433
93481.49498 0.13805775
93715.05844 0.20724921
93948.62190 0.29226825
94182.18536 0.38719255
94415.74882 0.48186886
94649.31228 0.5633618
94882.87574 0.61873186
95116.43920 0.6383726
95350.00266 0.61873186
95583.56612 0.5633618
95817.12958 0.48186886
96050.69304 0.38719255
96284.25650 0.29226825
96517.81996 0.20724921
96751.38342 0.13805775
96984.94688 0.08639433
97218.51034 0.050788593
97452.07380 0.028048133
97685.63726 0.014551176
97919.20072 0.007091676
98152.76418 0.0032468054
98386.32764 0.0013964343
98619.89110 5.642104E-4
98853.45456 2.1415026E-4
99087.01802 7.6357515E-5
99320.58148 2.5576563E-5
99554.14494 8.04803E-6
99787.70840 2.378993E-6
100021.27186 0
