134134.81000 4.04221E-6
134471.24770 1.3674621E-5
134807.68540 4.3457818E-5
135144.12310 1.2974108E-4
135480.56080 3.6386837E-4
135816.99850 9.58665E-4
136153.43620 0.0023727186
136489.87390 0.005516733
136826.31160 0.0120496545
137162.74930 0.02472429
137499.18700 0.04765733
137835.62470 0.08629625
138172.06240 0.14679492
138508.50010 0.2345776
138844.93780 0.3521426
139181.37550 0.49660072
139517.81320 0.6578891
139854.25090 0.81875616
140190.68860 0.957223
140527.12630 1.0513039
140863.56400 1.0846758
141200.00170 1.0513039
141536.43940 0.957223
141872.87710 0.81875616
142209.31480 0.6578891
142545.75250 0.49660072
142882.19020 0.3521426
143218.62790 0.2345776
143555.06560 0.14679492
143891.50330 0.08629625
144227.94100 0.04765733
144564.37870 0.02472429
144900.81640 0.0120496545
145237.25410 0.005516733
145573.69180 0.0023727186
145910.12950 9.58665E-4
146246.56720 3.6386837E-4
146583.00490 1.2974108E-4
146919.44260 4.3457818E-5
147255.88030 1.3674621E-5
147592.31800 4.04221E-6
147928.75570 0
