37200.00000 0.0053477674
37500.00000 0.0014684142
37800.00000 0.008870077
38100.00000 0.002976557
38400.00000 9.98807E-4
38700.00000 0.005027143
39000.00000 0.010626524
39300.00000 0.03870951
39600.00000 0.13021217
39900.00000 0.27033496
40200.00000 0.40579093
40500.00000 0.4289852
40800.00000 0.43576026
41100.00000 0.45921558
41400.00000 0.4605714
41700.00000 0.47609997
42000.00000 0.48776478
42300.00000 0.5016306
42600.00000 0.45047447
42900.00000 0.46491894
43200.00000 0.47529995
43500.00000 0.44048396
43800.00000 0.44579816
44100.00000 0.44938725
44400.00000 0.45406047
44700.00000 0.4598066
45000.00000 0.46094945
45300.00000 0.46208817
45600.00000 0.4643485
45900.00000 0.4654831
46200.00000 0.45640814
46500.00000 0.4478239
46800.00000 0.43745235
47100.00000 0.44189605
47400.00000 0.42910415
47700.00000 0.44103172
48000.00000 0.45593002
48300.00000 0.46394652
48600.00000 0.45858902
48900.00000 0.43151838
49200.00000 0.4224604
49500.00000 0.43101704
49800.00000 0.40464923
50100.00000 0.28669885
50400.00000 0.14374086
50700.00000 0.061181992
51000.00000 0.022324048
51300.00000 0.0076265996
51600.00000 0.0052726325
51900.00000 0.0017601608
52200.00000 0
