26023.69000 2.3930475E-6
26094.94283 8.095575E-6
26166.19566 2.5727662E-5
26237.44849 7.680861E-5
26308.70132 2.1541539E-4
26379.95415 5.675436E-4
26451.20698 0.001404684
26522.45981 0.0032659867
26593.71264 0.007133571
26664.96547 0.014637141
26736.21830 0.028213834
26807.47113 0.051088642
26878.72396 0.086904734
26949.97679 0.13887335
27021.22962 0.20847358
27092.48245 0.29399487
27163.73528 0.38947996
27234.98811 0.4847156
27306.24094 0.56668997
27377.49377 0.6223872
27448.74660 0.6421439
27519.99943 0.6223872
27591.25226 0.56668997
27662.50509 0.4847156
27733.75792 0.38947996
27805.01075 0.29399487
27876.26358 0.20847358
27947.51641 0.13887335
28018.76924 0.086904734
28090.02207 0.051088642
28161.27490 0.028213834
28232.52773 0.014637141
28303.78056 0.007133571
28375.03339 0.0032659867
28446.28622 0.001404684
28517.53905 5.675436E-4
28588.79188 2.1541539E-4
28660.04471 7.680861E-5
28731.29754 2.5727662E-5
28802.55037 8.095575E-6
28873.80320 2.3930475E-6
28945.05603 0
