65226.26000 3.3618387E-6
65411.19988 1.1372953E-5
65596.13976 3.614314E-5
65781.07964 1.0790347E-4
65966.01952 3.0262323E-4
66150.95940 7.973055E-4
66335.89928 0.0019733503
66520.83916 0.004588174
66705.77904 0.010021496
66890.71892 0.020562775
67075.65880 0.0396358
67260.59868 0.071771145
67445.53856 0.12208687
67630.47844 0.19509424
67815.41832 0.29287112
68000.35820 0.4130145
68185.29808 0.5471554
68370.23796 0.68094575
68555.17784 0.7961063
68740.11772 0.8743517
68925.05760 0.9021067
69109.99748 0.8743517
69294.93736 0.7961063
69479.87724 0.68094575
69664.81712 0.5471554
69849.75700 0.4130145
70034.69688 0.29287112
70219.63676 0.19509424
70404.57664 0.12208687
70589.51652 0.071771145
70774.45640 0.0396358
70959.39628 0.020562775
71144.33616 0.010021496
71329.27604 0.004588174
71514.21592 0.0019733503
71699.15580 7.973055E-4
71884.09568 3.0262323E-4
72069.03556 1.0790347E-4
72253.97544 3.614314E-5
72438.91532 1.1372953E-5
72623.85520 3.3618387E-6
72808.79508 0
