133154.88000 4.080693E-6
133490.36217 1.3804806E-5
133825.84434 4.3871547E-5
134161.32651 1.3097623E-4
134496.80868 3.6733245E-4
134832.29085 9.6779154E-4
135167.77302 0.0023953074
135503.25519 0.0055692536
135838.73736 0.012164368
136174.21953 0.024959669
136509.70170 0.048111033
136845.18387 0.087117806
137180.66604 0.14819242
137516.14821 0.2368108
137851.63038 0.35549507
138187.11255 0.50132847
138522.59472 0.6641523
138858.07689 0.82655084
139193.55906 0.9663359
139529.04123 1.0613123
139864.52340 1.095002
140200.00557 1.0613123
140535.48774 0.9663359
140870.96991 0.82655084
141206.45208 0.6641523
141541.93425 0.50132847
141877.41642 0.35549507
142212.89859 0.2368108
142548.38076 0.14819242
142883.86293 0.087117806
143219.34510 0.048111033
143554.82727 0.024959669
143890.30944 0.012164368
144225.79161 0.0055692536
144561.27378 0.0023953074
144896.75595 9.6779154E-4
145232.23812 3.6733245E-4
145567.72029 1.3097623E-4
145903.20246 4.3871547E-5
146238.68463 1.3804806E-5
146574.16680 4.080693E-6
146909.64897 0
