30070.62200 2.7875465E-6
30152.97332 9.430149E-6
30235.32464 2.9968925E-5
30317.67596 8.9470675E-5
30400.02728 2.5092709E-4
30482.37860 6.6110445E-4
30564.72992 0.0016362492
30647.08124 0.0038043917
30729.43256 0.008309555
30811.78388 0.017050104
30894.13520 0.032864947
30976.48652 0.05951071
31058.83784 0.10123116
31141.18916 0.16176693
31223.54048 0.24284089
31305.89180 0.34246057
31388.24312 0.45368657
31470.59444 0.56462204
31552.94576 0.66011
31635.29708 0.72498906
31717.64840 0.7480027
31799.99972 0.72498906
31882.35104 0.66011
31964.70236 0.56462204
32047.05368 0.45368657
32129.40500 0.34246057
32211.75632 0.24284089
32294.10764 0.16176693
32376.45896 0.10123116
32458.81028 0.05951071
32541.16160 0.032864947
32623.51292 0.017050104
32705.86424 0.008309555
32788.21556 0.0038043917
32870.56688 0.0016362492
32952.91820 6.6110445E-4
33035.26952 2.5092709E-4
33117.62084 8.9470675E-5
33199.97216 2.9968925E-5
33282.32348 9.430149E-6
33364.67480 2.7875465E-6
33447.02612 0
