46288.01300 3.3470408E-6
46414.77422 1.1322894E-5
46541.53544 3.598405E-5
46668.29666 1.07428525E-4
46795.05788 3.0129118E-4
46921.81910 7.937961E-4
47048.58032 0.0019646643
47175.34154 0.0045679794
47302.10276 0.009977384
47428.86398 0.020472268
47555.62520 0.039461337
47682.38642 0.07145523
47809.14764 0.12154948
47935.90886 0.19423552
48062.67008 0.291582
48189.43130 0.41119653
48316.19252 0.544747
48442.95374 0.67794853
48569.71496 0.79260206
48696.47618 0.8705032
48823.23740 0.8981359
48949.99862 0.8705032
49076.75984 0.79260206
49203.52106 0.67794853
49330.28228 0.544747
49457.04350 0.41119653
49583.80472 0.291582
49710.56594 0.19423552
49837.32716 0.12154948
49964.08838 0.07145523
50090.84960 0.039461337
50217.61082 0.020472268
50344.37204 0.009977384
50471.13326 0.0045679794
50597.89448 0.0019646643
50724.65570 7.937961E-4
50851.41692 3.0129118E-4
50978.17814 1.07428525E-4
51104.93936 3.598405E-5
51231.70058 1.1322894E-5
51358.46180 3.3470408E-6
51485.22302 0
