87470.96000 2.9392997E-6
87749.96217 9.943524E-6
88028.96434 3.1600423E-5
88307.96651 9.4341434E-5
88586.96868 2.6458746E-4
88865.97085 6.970947E-4
89144.97302 0.0017253263
89423.97519 0.0040115016
89702.97736 0.008761925
89981.97953 0.017978307
90260.98170 0.034654103
90539.98387 0.06275046
90818.98604 0.10674216
91097.98821 0.17057347
91376.99038 0.25606108
91655.99255 0.36110404
91934.99472 0.47838515
92213.99689 0.59535986
92492.99906 0.69604623
92772.00123 0.7644572
93051.00340 0.7887237
93330.00557 0.7644572
93609.00774 0.69604623
93888.00991 0.59535986
94167.01208 0.47838515
94446.01425 0.36110404
94725.01642 0.25606108
95004.01859 0.17057347
95283.02076 0.10674216
95562.02293 0.06275046
95841.02510 0.034654103
96120.02727 0.017978307
96399.02944 0.008761925
96678.03161 0.0040115016
96957.03378 0.0017253263
97236.03595 6.970947E-4
97515.03812 2.6458746E-4
97794.04029 9.4341434E-5
98073.04246 3.1600423E-5
98352.04463 9.943524E-6
98631.04680 2.9392997E-6
98910.04897 0
