49800.00000 0.0023639998
50000.00000 0.0053141187
50200.00000 0.0011798306
50400.00000 0.0017681192
50600.00000 0.011776614
50800.00000 0.0082360385
51000.00000 0.005877461
51200.00000 5.872038E-4
51400.00000 0.0070399386
51600.00000 0.006447311
51800.00000 0.007026923
52000.00000 0.0041070418
52200.00000 0.0076422268
52400.00000 0.0047120554
52600.00000 0.009442406
52800.00000 0.009460699
53000.00000 0.015403363
53200.00000 0.030866181
53400.00000 0.045199003
53600.00000 0.08282553
53800.00000 0.13611837
54000.00000 0.18542768
54200.00000 0.25050622
54400.00000 0.3086264
54600.00000 0.34952024
54800.00000 0.37790996
55000.00000 0.3967442
55200.00000 0.39030403
55400.00000 0.39461762
55600.00000 0.39354676
55800.00000 0.40486473
56000.00000 0.41489694
56200.00000 0.42658433
56400.00000 0.4369909
56600.00000 0.42698708
56800.00000 0.43438253
57000.00000 0.43077037
57200.00000 0.41801128
57400.00000 0.40249693
57600.00000 0.37858912
57800.00000 0.3938683
58000.00000 0.37805492
58200.00000 0.3746886
58400.00000 0.3847189
58600.00000 0.36023036
58800.00000 0.37517834
59000.00000 0.3811752
59200.00000 0.3734136
59400.00000 0.36189204
59600.00000 0.35534343
59800.00000 0.35316
60000.00000 0.34040916
60200.00000 0.33401722
60400.00000 0.35507187
60600.00000 0.36361563
60800.00000 0.3733606
61000.00000 0.37363788
61200.00000 0.3812493
61400.00000 0.3894991
61600.00000 0.39725053
61800.00000 0.4033366
62000.00000 0.41063127
62200.00000 0.40569282
62400.00000 0.41067237
62600.00000 0.41331023
62800.00000 0.40520632
63000.00000 0.39096057
63200.00000 0.41820222
63400.00000 0.38919875
63600.00000 0.39284474
63800.00000 0.39773723
64000.00000 0.4020405
64200.00000 0.39390132
64400.00000 0.38187107
64600.00000 0.41256332
64800.00000 0.4245577
65000.00000 0.41691396
65200.00000 0.36418593
65400.00000 0.3624886
65600.00000 0.33214545
65800.00000 0.25434187
66000.00000 0.19993444
66200.00000 0.16141161
66400.00000 0.10978555
66600.00000 0.09904322
66800.00000 0.059901882
67000.00000 0.037906334
67200.00000 0.053778682
67400.00000 0.030806407
67600.00000 0.026160369
67800.00000 0.00899957
68000.00000 0.004176712
68200.00000 0.011899365
68400.00000 0.008445678
68600.00000 0.009907108
68800.00000 7.114945E-4
69000.00000 0.011445415
69200.00000 0.004315094
69400.00000 0.013014474
69600.00000 0.0050880914
69800.00000 0
