62498.88400 2.9939447E-6
62677.98476 1.0128385E-5
62857.08552 3.2187912E-5
63036.18628 9.6095355E-5
63215.28704 2.6950648E-4
63394.38780 7.100546E-4
63573.48856 0.0017574021
63752.58932 0.0040860805
63931.69008 0.00892482
64110.79084 0.018312545
64289.89160 0.035298362
64468.99236 0.06391706
64648.09312 0.10872662
64827.19388 0.17374463
65006.29464 0.26082158
65185.39540 0.36781737
65364.49616 0.48727888
65543.59692 0.6064283
65722.69768 0.7089866
65901.79844 0.7786694
66080.89920 0.80338705
66259.99996 0.7786694
66439.10072 0.7089866
66618.20148 0.6064283
66797.30224 0.48727888
66976.40300 0.36781737
67155.50376 0.26082158
67334.60452 0.17374463
67513.70528 0.10872662
67692.80604 0.06391706
67871.90680 0.035298362
68051.00756 0.018312545
68230.10832 0.00892482
68409.20908 0.0040860805
68588.30984 0.0017574021
68767.41060 7.100546E-4
68946.51136 2.6950648E-4
69125.61212 9.6095355E-5
69304.71288 3.2187912E-5
69483.81364 1.0128385E-5
69662.91440 2.9939447E-6
69842.01516 0
