41522.23600 3.827139E-6
41635.93902 1.2947045E-5
41749.64204 4.1145588E-5
41863.34506 1.2283803E-4
41977.04808 3.4450827E-4
42090.75110 9.0765784E-4
42204.45412 0.0022464748
42318.15714 0.005223208
42431.86016 0.011408536
42545.56318 0.0234088
42659.26620 0.045121655
42772.96922 0.08170474
42886.67224 0.1389845
43000.37526 0.22209658
43114.07828 0.33340642
43227.78130 0.47017843
43341.48432 0.6228852
43455.18734 0.77519315
43568.89036 0.9062926
43682.59338 0.99536777
43796.29640 1.0269642
43909.99942 0.99536777
44023.70244 0.9062926
44137.40546 0.77519315
44251.10848 0.6228852
44364.81150 0.47017843
44478.51452 0.33340642
44592.21754 0.22209658
44705.92056 0.1389845
44819.62358 0.08170474
44933.32660 0.045121655
45047.02962 0.0234088
45160.73264 0.011408536
45274.43566 0.005223208
45388.13868 0.0022464748
45501.84170 9.0765784E-4
45615.54472 3.4450827E-4
45729.24774 1.2283803E-4
45842.95076 4.1145588E-5
45956.65378 1.2947045E-5
46070.35680 3.827139E-6
46184.05982 0
