115453.95000 4.2661786E-6
115770.42870 1.4432298E-5
116086.90740 4.5865705E-5
116403.38610 1.369297E-4
116719.86480 3.8402938E-4
117036.34350 0.0010117821
117352.82220 0.002504185
117669.30090 0.0058224015
117985.77960 0.0127172945
118302.25830 0.026094198
118618.73700 0.050297897
118935.21570 0.0910777
119251.69440 0.15492845
119568.17310 0.24757493
119884.65180 0.37165394
120201.13050 0.5241161
120517.60920 0.6943411
120834.08790 0.8641213
121150.56660 1.0102602
121467.04530 1.1095538
121783.52400 1.1447748
122100.00270 1.1095538
122416.48140 1.0102602
122732.96010 0.8641213
123049.43880 0.6943411
123365.91750 0.5241161
123682.39620 0.37165394
123998.87490 0.24757493
124315.35360 0.15492845
124631.83230 0.0910777
124948.31100 0.050297897
125264.78970 0.026094198
125581.26840 0.0127172945
125897.74710 0.0058224015
126214.22580 0.002504185
126530.70450 0.0010117821
126847.18320 3.8402938E-4
127163.66190 1.369297E-4
127480.14060 4.5865705E-5
127796.61930 1.4432298E-5
128113.09800 4.2661786E-6
128429.57670 0
