38420.75300 3.876761E-6
38525.95525 1.3114915E-5
38631.15750 4.167908E-5
38736.35975 1.2443075E-4
38841.56200 3.4897513E-4
38946.76425 9.194265E-4
39051.96650 0.0022756027
39157.16875 0.005290932
39262.37100 0.011556459
39367.57325 0.023712318
39472.77550 0.0457067
39577.97775 0.08276412
39683.18000 0.14078656
39788.38225 0.22497626
39893.58450 0.33772933
39998.78675 0.47627473
40103.98900 0.63096154
40209.19125 0.7852443
40314.39350 0.91804355
40419.59575 1.0082736
40524.79800 1.0402797
40630.00025 1.0082736
40735.20250 0.91804355
40840.40475 0.7852443
40945.60700 0.63096154
41050.80925 0.47627473
41156.01150 0.33772933
41261.21375 0.22497626
41366.41600 0.14078656
41471.61825 0.08276412
41576.82050 0.0457067
41682.02275 0.023712318
41787.22500 0.011556459
41892.42725 0.005290932
41997.62950 0.0022756027
42102.83175 9.194265E-4
42208.03400 3.4897513E-4
42313.23625 1.2443075E-4
42418.43850 4.167908E-5
42523.64075 1.3114915E-5
42628.84300 3.876761E-6
42734.04525 0
