81305.20000 3.7435855E-6
81522.09558 1.2664388E-5
81738.99116 4.0247305E-5
81955.88674 1.2015625E-4
82172.78232 3.3698702E-4
82389.67790 8.8784203E-4
82606.57348 0.0021974302
82823.46906 0.005109176
83040.36464 0.011159467
83257.26022 0.022897745
83474.15580 0.04413657
83691.05138 0.07992098
83907.94696 0.13595021
84124.84254 0.2172478
84341.73812 0.32612753
84558.63370 0.45991358
84775.52928 0.60928655
84992.42486 0.75826925
85209.32044 0.8865066
85426.21602 0.97363704
85643.11160 1.0045437
85860.00718 0.97363704
86076.90276 0.8865066
86293.79834 0.75826925
86510.69392 0.60928655
86727.58950 0.45991358
86944.48508 0.32612753
87161.38066 0.2172478
87378.27624 0.13595021
87595.17182 0.07992098
87812.06740 0.04413657
88028.96298 0.022897745
88245.85856 0.011159467
88462.75414 0.005109176
88679.64972 0.0021974302
88896.54530 8.8784203E-4
89113.44088 3.3698702E-4
89330.33646 1.2015625E-4
89547.23204 4.0247305E-5
89764.12762 1.2664388E-5
89981.02320 3.7435855E-6
90197.91878 0
