30789.49000 2.9773526E-6
30873.80005 1.0072255E-5
30958.11010 3.200953E-5
31042.42015 9.55628E-5
31126.73020 2.6801287E-4
31211.04025 7.061195E-4
31295.35030 0.0017476626
31379.66035 0.0040634354
31463.97040 0.00887536
31548.28045 0.01821106
31632.59050 0.035102744
31716.90055 0.06356283
31801.21060 0.10812407
31885.52065 0.17278175
31969.83070 0.2593761
32054.14075 0.36577895
32138.45080 0.4845784
32222.76085 0.6030676
32307.07090 0.70505744
32391.38095 0.7743541
32475.69100 0.79893476
32560.00105 0.7743541
32644.31110 0.70505744
32728.62115 0.6030676
32812.93120 0.4845784
32897.24125 0.36577895
32981.55130 0.2593761
33065.86135 0.17278175
33150.17140 0.10812407
33234.48145 0.06356283
33318.79150 0.035102744
33403.10155 0.01821106
33487.41160 0.00887536
33571.72165 0.0040634354
33656.03170 0.0017476626
33740.34175 7.061195E-4
33824.65180 2.6801287E-4
33908.96185 9.55628E-5
33993.27190 3.200953E-5
34077.58195 1.0072255E-5
34161.89200 2.9773526E-6
34246.20205 0
