71619.81000 3.917527E-6
71817.91440 1.3252824E-5
72016.01880 4.2117346E-5
72214.12320 1.2573917E-4
72412.22760 3.5264474E-4
72610.33200 9.290946E-4
72808.43640 0.0022995314
73006.54080 0.005346568
73204.64520 0.011677979
73402.74960 0.02396166
73600.85400 0.046187323
73798.95840 0.083634414
73997.06280 0.14226697
74195.16720 0.22734196
74393.27160 0.34128067
74591.37600 0.4812829
74789.48040 0.63759625
74987.58480 0.7935014
75185.68920 0.92769706
75383.79360 1.018876
75581.89800 1.0512185
75780.00240 1.018876
75978.10680 0.92769706
76176.21120 0.7935014
76374.31560 0.63759625
76572.42000 0.4812829
76770.52440 0.34128067
76968.62880 0.22734196
77166.73320 0.14226697
77364.83760 0.083634414
77562.94200 0.046187323
77761.04640 0.02396166
77959.15080 0.011677979
78157.25520 0.005346568
78355.35960 0.0022995314
78553.46400 9.290946E-4
78751.56840 3.5264474E-4
78949.67280 1.2573917E-4
79147.77720 4.2117346E-5
79345.88160 1.3252824E-5
79543.98600 3.917527E-6
79742.09040 0
