59735.96600 2.7784424E-6
59909.01533 9.39935E-6
60082.06466 2.9871046E-5
60255.11399 8.9178466E-5
60428.16332 2.5010755E-4
60601.21265 6.589453E-4
60774.26198 0.0016309053
60947.31131 0.0037919667
61120.36064 0.008282417
61293.40997 0.016994419
61466.45930 0.03275761
61639.50863 0.05931635
61812.55796 0.100900546
61985.60729 0.1612386
62158.65662 0.24204777
62331.70595 0.3413421
62504.75528 0.45220485
62677.80461 0.56277794
62850.85394 0.65795416
63023.90327 0.72262126
63196.95260 0.74555975
63370.00193 0.72262126
63543.05126 0.65795416
63716.10059 0.56277794
63889.14992 0.45220485
64062.19925 0.3413421
64235.24858 0.24204777
64408.29791 0.1612386
64581.34724 0.100900546
64754.39657 0.05931635
64927.44590 0.03275761
65100.49523 0.016994419
65273.54456 0.008282417
65446.59389 0.0037919667
65619.64322 0.0016309053
65792.69255 6.589453E-4
65965.74188 2.5010755E-4
66138.79121 8.9178466E-5
66311.84054 2.9871046E-5
66484.88987 9.39935E-6
66657.93920 2.7784424E-6
66830.98853 0
