43906.24500 3.6435356E-6
44026.42393 1.2325923E-5
44146.60286 3.9171668E-5
44266.78179 1.1694499E-4
44386.96072 3.2798082E-4
44507.13965 8.641139E-4
44627.31858 0.0021387024
44747.49751 0.0049726297
44867.67644 0.010861222
44987.85537 0.022285786
45108.03430 0.042956986
45228.21323 0.07778504
45348.39216 0.13231684
45468.57109 0.21144171
45588.75002 0.31741157
45708.92895 0.44762206
45829.10788 0.5930029
45949.28681 0.738004
46069.46574 0.8628141
46189.64467 0.947616
46309.82360 0.97769654
46430.00253 0.947616
46550.18146 0.8628141
46670.36039 0.738004
46790.53932 0.5930029
46910.71825 0.44762206
47030.89718 0.31741157
47151.07611 0.21144171
47271.25504 0.13231684
47391.43397 0.07778504
47511.61290 0.042956986
47631.79183 0.022285786
47751.97076 0.010861222
47872.14969 0.0049726297
47992.32862 0.0021387024
48112.50755 8.641139E-4
48232.68648 3.2798082E-4
48352.86541 1.1694499E-4
48473.04434 3.9171668E-5
48593.22327 1.2325923E-5
48713.40220 3.6435356E-6
48833.58113 0
