66309.44700 3.4942184E-6
66496.61630 1.1820789E-5
66683.78560 3.756635E-5
66870.95490 1.1215241E-4
67058.12420 3.1453968E-4
67245.29350 8.2870113E-4
67432.46280 0.0020510554
67619.63210 0.0047688438
67806.80140 0.010416113
67993.97070 0.021372482
68181.14000 0.041196547
68368.30930 0.074597284
68555.47860 0.1268943
68742.64790 0.2027765
68929.81720 0.30440357
69116.98650 0.42927784
69304.15580 0.5687008
69491.32510 0.7077595
69678.49440 0.82745475
69865.66370 0.9087812
70052.83300 0.93762904
70240.00230 0.9087812
70427.17160 0.82745475
70614.34090 0.7077595
70801.51020 0.5687008
70988.67950 0.42927784
71175.84880 0.30440357
71363.01810 0.2027765
71550.18740 0.1268943
71737.35670 0.074597284
71924.52600 0.041196547
72111.69530 0.021372482
72298.86460 0.010416113
72486.03390 0.0047688438
72673.20320 0.0020510554
72860.37250 8.2870113E-4
73047.54180 3.1453968E-4
73234.71110 1.1215241E-4
73421.88040 3.756635E-5
73609.04970 1.1820789E-5
73796.21900 3.4942184E-6
73983.38830 0
