89510.83000 2.365909E-6
89742.69497 8.003768E-6
89974.55994 2.5435898E-5
90206.42491 7.593756E-5
90438.28988 2.1297246E-4
90670.15485 5.611074E-4
90902.01982 0.0013887541
91133.88479 0.0032289487
91365.74976 0.0070526726
91597.61473 0.014471147
91829.47970 0.027893873
92061.34467 0.050509267
92293.20964 0.08591919
92525.07461 0.13729845
92756.93958 0.20610937
92988.80455 0.29066083
93220.66952 0.38506305
93452.53449 0.4792187
93684.39946 0.5602634
93916.26443 0.61532897
94148.12940 0.63486165
94379.99437 0.61532897
94611.85934 0.5602634
94843.72431 0.4792187
95075.58928 0.38506305
95307.45425 0.29066083
95539.31922 0.20610937
95771.18419 0.13729845
96003.04916 0.08591919
96234.91413 0.050509267
96466.77910 0.027893873
96698.64407 0.014471147
96930.50904 0.0070526726
97162.37401 0.0032289487
97394.23898 0.0013887541
97626.10395 5.611074E-4
97857.96892 2.1297246E-4
98089.83389 7.593756E-5
98321.69886 2.5435898E-5
98553.56383 8.003768E-6
98785.42880 2.365909E-6
99017.29377 0
