47952.14700 3.0034043E-6
48083.47344 1.0160386E-5
48214.79988 3.2289612E-5
48346.12632 9.639897E-5
48477.45276 2.70358E-4
48608.77920 7.1229803E-4
48740.10564 0.0017629546
48871.43208 0.0040989905
49002.75852 0.008953018
49134.08496 0.018370405
49265.41140 0.035409894
49396.73784 0.06411901
49528.06428 0.109070145
49659.39072 0.1742936
49790.71716 0.26164564
49922.04360 0.3689795
50053.37004 0.48881847
50184.69648 0.6083444
50316.02292 0.71122664
50447.34936 0.7811297
50578.67580 0.8059254
50710.00224 0.7811297
50841.32868 0.71122664
50972.65512 0.6083444
51103.98156 0.48881847
51235.30800 0.3689795
51366.63444 0.26164564
51497.96088 0.1742936
51629.28732 0.109070145
51760.61376 0.06411901
51891.94020 0.035409894
52023.26664 0.018370405
52154.59308 0.008953018
52285.91952 0.0040989905
52417.24596 0.0017629546
52548.57240 7.1229803E-4
52679.89884 2.70358E-4
52811.22528 9.639897E-5
52942.55172 3.2289612E-5
53073.87816 1.0160386E-5
53205.20460 3.0034043E-6
53336.53104 0
