89584.07000 2.8700308E-6
89866.25696 9.70919E-6
90148.44392 3.0855714E-5
90430.63088 9.211814E-5
90712.81784 2.5835208E-4
90995.00480 6.806667E-4
91277.19176 0.0016846664
91559.37872 0.003916965
91841.56568 0.008555438
92123.75264 0.017554622
92405.93960 0.03383743
92688.12656 0.061271653
92970.31352 0.10422663
93252.50048 0.16655366
93534.68744 0.25002664
93816.87440 0.35259408
94099.06136 0.4671113
94381.24832 0.58132935
94663.43528 0.6796429
94945.62224 0.7464417
95227.80920 0.77013636
95509.99616 0.7464417
95792.18312 0.6796429
96074.37008 0.58132935
96356.55704 0.4671113
96638.74400 0.35259408
96920.93096 0.25002664
97203.11792 0.16655366
97485.30488 0.10422663
97767.49184 0.061271653
98049.67880 0.03383743
98331.86576 0.017554622
98614.05272 0.008555438
98896.23968 0.003916965
99178.42664 0.0016846664
99460.61360 6.806667E-4
99742.80056 2.5835208E-4
100024.98752 9.211814E-5
100307.17448 3.0855714E-5
100589.36144 9.70919E-6
100871.54840 2.8700308E-6
101153.73536 0
