138056.78000 3.8367134E-6
138396.93324 1.2979435E-5
138737.08648 4.124852E-5
139077.23972 1.2314534E-4
139417.39296 3.4537012E-4
139757.54620 9.099285E-4
140097.69944 0.002252095
140437.85268 0.005236275
140778.00592 0.011437076
141118.15916 0.023467362
141458.31240 0.045234535
141798.46564 0.08190914
142138.61888 0.13933219
142478.77212 0.2226522
142818.92536 0.3342405
143159.07860 0.47135463
143499.23184 0.6244435
143839.38508 0.77713245
144179.53832 0.9085599
144519.69156 0.9978578
144859.84480 1.0295333
145199.99804 0.9978578
145540.15128 0.9085599
145880.30452 0.77713245
146220.45776 0.6244435
146560.61100 0.47135463
146900.76424 0.3342405
147240.91748 0.2226522
147581.07072 0.13933219
147921.22396 0.08190914
148261.37720 0.045234535
148601.53044 0.023467362
148941.68368 0.011437076
149281.83692 0.005236275
149621.99016 0.002252095
149962.14340 9.099285E-4
150302.29664 3.4537012E-4
150642.44988 1.2314534E-4
150982.60312 4.124852E-5
151322.75636 1.2979435E-5
151662.90960 3.8367134E-6
152003.06284 0
