53530.25400 2.9516139E-6
53689.28946 9.985182E-6
53848.32492 3.1732812E-5
54007.36038 9.473668E-5
54166.39584 2.6569594E-4
54325.43130 7.000152E-4
54484.46676 0.0017325544
54643.50222 0.0040283077
54802.53768 0.008798634
54961.57314 0.018053629
55120.60860 0.034799285
55279.64406 0.06301335
55438.67952 0.10718936
55597.71498 0.17128809
55756.75044 0.25713387
55915.78590 0.36261687
56074.82136 0.48038936
56233.85682 0.59785414
56392.89228 0.69896233
56551.92774 0.76765996
56710.96320 0.7920281
56869.99866 0.76765996
57029.03412 0.69896233
57188.06958 0.59785414
57347.10504 0.48038936
57506.14050 0.36261687
57665.17596 0.25713387
57824.21142 0.17128809
57983.24688 0.10718936
58142.28234 0.06301335
58301.31780 0.034799285
58460.35326 0.018053629
58619.38872 0.008798634
58778.42418 0.0040283077
58937.45964 0.0017325544
59096.49510 7.000152E-4
59255.53056 2.6569594E-4
59414.56602 9.473668E-5
59573.60148 3.1732812E-5
59732.63694 9.985182E-6
59891.67240 2.9516139E-6
60050.70786 0
