31980.93400 3.378055E-6
32068.50859 1.1427814E-5
32156.08318 3.6317484E-5
32243.65777 1.0842397E-4
32331.23236 3.04083E-4
32418.80695 8.011515E-4
32506.38154 0.0019828693
32593.95613 0.004610307
32681.53072 0.010069836
32769.10531 0.020661965
32856.67990 0.039826993
32944.25449 0.07211735
33031.82908 0.12267578
33119.40367 0.19603533
33206.97826 0.29428384
33294.55285 0.41500676
33382.12744 0.5497947
33469.70203 0.68423045
33557.27662 0.7999465
33644.85121 0.87856936
33732.42580 0.90645814
33820.00039 0.87856936
33907.57498 0.7999465
33995.14957 0.68423045
34082.72416 0.5497947
34170.29875 0.41500676
34257.87334 0.29428384
34345.44793 0.19603533
34433.02252 0.12267578
34520.59711 0.07211735
34608.17170 0.039826993
34695.74629 0.020661965
34783.32088 0.010069836
34870.89547 0.004610307
34958.47006 0.0019828693
35046.04465 8.011515E-4
35133.61924 3.04083E-4
35221.19383 1.0842397E-4
35308.76842 3.6317484E-5
35396.34301 1.1427814E-5
35483.91760 3.378055E-6
35571.49219 0
