383444.8 0.0000080000
385117.1 0.0001280000
386789.3 0.0003350000
388461.5 0.0005960000
390133.8 0.0009340000
391806.0 0.0012610000
393478.3 0.0015860000
395150.5 0.0019910000
396822.7 0.0023520000
398495.0 0.0026700000
400167.2 0.0029680000
401839.5 0.0032460000
403511.7 0.0035280000
405183.9 0.0038230000
406856.2 0.0040970000
408528.4 0.0044250000
410200.7 0.0047520000
411872.9 0.0051890000
413545.1 0.0058070000
415217.4 0.0064100000
416889.7 0.0070890000
418561.9 0.0077470000
420234.1 0.0084550000
421906.4 0.0092880000
423578.6 0.0100640000
425250.8 0.0111910000
426923.1 0.0127930000
428595.3 0.0144760000
430267.6 0.0156700000
431939.8 0.0158810000
433612.1 0.0160730000
435284.3 0.0173210000
436956.5 0.0194390000
438628.8 0.0216670000
440301.0 0.0236190000
441973.3 0.0251880000
443645.5 0.0261610000
445317.7 0.0265720000
446990.0 0.0267660000
448662.2 0.0269520000
450334.4 0.0271120000
452006.7 0.0271450000
453678.9 0.0271340000
455351.2 0.0268880000
457023.4 0.0254310000
458695.6 0.0224450000
460367.9 0.0197410000
462040.1 0.0185840000
463712.4 0.0188350000
465384.6 0.0197630000
467056.9 0.0210110000
468729.1 0.0221150000
470401.3 0.0229230000
472073.6 0.0236090000
473745.8 0.0244030000
475418.0 0.0253660000
477090.3 0.0263850000
478762.5 0.0273090000
480434.8 0.0281910000
482107.0 0.0290730000
483779.3 0.0299630000
485451.5 0.0308430000
487123.8 0.0317080000
488796.0 0.0325150000
490468.2 0.0333340000
492140.5 0.0343070000
493812.7 0.0356150000
495485.0 0.0372460000
497157.2 0.0391330000
498829.4 0.0413340000
500501.7 0.0437120000
502173.9 0.0459650000
503846.2 0.0479710000
505518.4 0.0500800000
507190.6 0.0526190000
508862.9 0.0555230000
510535.1 0.0584610000
512207.4 0.0614070000
513879.6 0.0644000000
515551.8 0.0673760000
517224.1 0.0701790000
518896.3 0.0727490000
520568.6 0.0752750000
522240.8 0.0778990000
523913.0 0.0806240000
525585.3 0.0834230000
527257.5 0.0862180000
528929.8 0.0889680000
530602.0 0.0916960000
532274.2 0.0944200000
533946.5 0.0971140000
535618.7 0.0997510000
537291.0 0.1023530000
538963.2 0.1049140000
540635.4 0.1073320000
542307.7 0.1095240000
543980.0 0.1116110000
545652.2 0.1137110000
547324.4 0.1158690000
548996.7 0.1179840000
550668.9 0.1198360000
552341.2 0.1212380000
554013.4 0.1221790000
555685.6 0.1226800000
557357.9 0.1228580000
559030.1 0.1228070000
560702.4 0.1224410000
562374.6 0.1216710000
564046.8 0.1206080000
565719.1 0.1194610000
567391.3 0.1184700000
569063.6 0.1177340000
570735.8 0.1171300000
572408.0 0.1164730000
574080.3 0.1157030000
575752.5 0.1148740000
577424.8 0.1141590000
579097.0 0.1136950000
580769.2 0.1134510000
582441.5 0.1132670000
584113.7 0.1130290000
585786.0 0.1127970000
587458.2 0.1127800000
589130.4 0.1131550000
590802.7 0.1139300000
592474.9 0.1149450000
594147.2 0.1160020000
595819.4 0.1169500000
597491.7 0.1177160000
599163.9 0.1183270000
600836.1 0.1189050000
602508.3 0.1195700000
604180.6 0.1203510000
605852.8 0.1211930000
607525.1 0.1220600000
609197.3 0.1230210000
610869.6 0.1242990000
612541.8 0.1261460000
614214.1 0.1286860000
615886.3 0.1318770000
617558.6 0.1355650000
619230.8 0.1396030000
620903.0 0.1439610000
622575.3 0.1486780000
624247.5 0.1536870000
625919.7 0.1588310000
627592.0 0.1638820000
629264.2 0.1685880000
630936.5 0.1726730000
632608.7 0.1759140000
634280.9 0.1781850000
635953.2 0.1793850000
637625.4 0.1798180000
639297.7 0.1797360000
640969.9 0.1792200000
642642.1 0.1783740000
644314.4 0.1772300000
645986.6 0.1756590000
647658.8 0.1736110000
649331.1 0.1712800000
651003.3 0.1687020000
652675.6 0.1659900000
654347.8 0.1632630000
656020.1 0.1605960000
657692.3 0.1580490000
659364.5 0.1556860000
661036.8 0.1534780000
662709.1 0.1515290000
664381.3 0.1500860000
666053.5 0.1491400000
667725.8 0.1486400000
669398.0 0.1485560000
671070.2 0.1488350000
672742.5 0.1495890000
674414.8 0.1507700000
676087.0 0.1524160000
677759.2 0.1545760000
679431.5 0.1576180000
681103.7 0.1613020000
682776.0 0.1656590000
684448.2 0.1707130000
686120.4 0.1768240000
687792.7 0.1836090000
689464.9 0.1910070000
691137.2 0.1989590000
692809.4 0.2072840000
694481.7 0.2153930000
696153.9 0.2229420000
697826.1 0.2288170000
699498.4 0.2320060000
701170.6 0.2324380000
702842.8 0.2290330000
704515.1 0.2199350000
706187.3 0.2074540000
707859.6 0.1918300000
709531.8 0.1725780000
711204.0 0.1528880000
712876.3 0.1330160000
714548.5 0.1142610000
716220.8 0.0971510000
717893.0 0.0814540000
719565.2 0.0682350000
721237.5 0.0569400000
722909.7 0.0469950000
724582.0 0.0391170000
726254.2 0.0325090000
727926.4 0.0267550000
729598.7 0.0223220000
731270.9 0.0185980000
732943.2 0.0153950000
734615.4 0.0131160000
736287.6 0.0111720000
737959.9 0.0095670000
739632.1 0.0083030000
741304.4 0.0071070000
742976.6 0.0060080000
744648.8 0.0050070000
746321.1 0.0040580000
747993.3 0.0032300000
749665.6 0.0024540000
751337.8 0.0017180000
753010.0 0.0010260000
754682.3 0.0003830000
756354.5 0.0000000000
758026.8 0.0000000000
759699.0 0.0000000000
761371.2 0.0000000000
763043.5 0.0000000000
764715.7 0.0002500000
766387.9 0.0005730000
768060.2 0.0008610000
769732.4 0.0009490000
771404.7 0.0010150000
773076.9 0.0010360000
774749.1 0.0010540000
776421.4 0.0010700000
778093.6 0.0010610000
779765.9 0.0010400000
781438.1 0.0009350000
783110.4 0.0008140000
784782.6 0.0006530000
786454.8 0.0005260000
788127.1 0.0004310000
789799.3 0.0003840000
791471.6 0.0003550000
793143.8 0.0003670000
794816.1 0.0003840000
796488.3 0.0004180000
798160.6 0.0004580000
799832.8 0.0005100000
801505.0 0.0005400000
803177.3 0.0005440000
804849.6 0.0004960000
806521.8 0.0004140000
808194.0 0.0002810000
809866.3 0.0001280000
811538.5 0.0000110000
